日期,融资余额(元),融资买入额(元),融资偿还额(元),融券余量,融券卖出量,融券偿还量
2021-05-12,21058360,23051525,1993165,1326560,1326560,0
2021-05-13,26853216,17094146,11299290,1143767,83525,266318
2021-05-14,28722528,11841277,9971965,1060510,15763,99020
2021-05-17,29471078,10588219,9839669,901377,4910,164043
2021-05-18,32876811,8837043,5431310,864700,7833,44510
2021-05-19,32851760,8784604,8809655,448155,14199,430744
2021-05-20,33605493,6338053,5584320,415540,2657,35272
2021-05-21,33413739,4488538,4680292,357050,25563,84053
2021-05-24,35237490,4177861,2354110,341492,2856,18414
2021-05-25,34735522,4577694,5079662,334028,7283,14747
2021-05-26,34400493,3672581,4007610,309528,100,24600
2021-05-27,35335458,7040963,6105998,322917,24989,11600
2021-05-28,35868503,6463067,5930022,316406,6769,13280
2021-05-31,35168917,5497841,6197427,307664,7036,15778
2021-06-01,34594932,8360863,8934848,353977,61387,15074
2021-06-02,39208992,17641393,13027333,465595,166638,55020
2021-06-03,39341441,22899209,22766760,474735,97291,88151
2021-06-04,42398249,24995055,21938247,464268,33782,44249
2021-06-07,39801270,13713479,16479734,466000,15600,13868
2021-06-08,47012500,20972058,13760828,67300,0,398700
2021-06-09,52696680,10469414,4785234,56200,0,11100
2021-06-10,55070656,8406308,6032332,68800,12600,0
2021-06-11,51405779,12455982,16120859,84213,15413,0
2021-06-15,46518553,3692813,8580039,66970,8495,25738
2021-06-16,48380445,5461094,3599202,77370,17109,6709
2021-06-17,47686652,4526881,5220674,74683,7154,9841
2021-06-18,44220227,5207219,8673644,75926,7669,6426
2021-06-21,43973570,5123794,5370451,78046,11112,8992
2021-06-22,45846573,6690081,4817078,74359,2259,5946
2021-06-23,47099812,7400945,6147706,75843,7875,6391
2021-06-24,49331091,7182646,4951367,93049,18854,1648
2021-06-25,46847479,4605465,7089077,89799,8699,11949
2021-06-28,46237346,3949765,4559898,92700,10200,7299
2021-06-29,44919641,2481557,3799262,93159,1140,681
2021-06-30,46450234,4038645,2508052,91316,408,2251
2021-07-01,44105497,2163661,4508398,88123,2228,5421
2021-07-02,43659547,1657712,2103662,88423,4600,4300
2021-07-05,42126461,2908226,4441312,90105,2682,1000
2021-07-06,44180823,4952065,2897703,41307,6001,54799
2021-07-07,42638791,4074915,5616947,52233,12226,1300
2021-07-08,40961322,3991744,5669213,91625,50293,10901
2021-07-09,39592054,3136363,4505631,106025,14400,0
2021-07-12,41151094,4499862,2940822,106025,0,0
2021-07-13,39594688,2089548,3645954,106025,0,0
2021-07-14,38617837,1324777,2301628,110525,4500,0
2021-07-15,37451846,1101177,2267168,112925,2400,0
2021-07-16,37704418,2306746,2054174,112925,0,0
2021-07-19,39106874,5161674,3759218,112925,0,0
2021-07-20,40133684,2186599,1159789,108425,0,4500
2021-07-21,38158909,1862766,3799102,108425,0,0
2021-07-22,32103373,821130,6876666,108425,0,0
2021-07-23,35762964,6898982,3239391,108425,0,0
2021-07-26,35952104,3162484,2973344,118713,10288,0
2021-07-27,33241743,2686987,5397348,134645,18332,2400
2021-07-28,34368844,3206445,2079344,215467,85622,4800
2021-07-29,32792850,2134036,3710030,215467,0,0
2021-07-30,30484243,2297552,4606159,324225,187978,79220
2021-08-02,30730577,2774003,2527669,321825,0,2400
2021-08-03,36048190,10343883,5026270,309925,0,11900
2021-08-04,30380991,3539155,9124989,309925,0,0
2021-08-05,29426366,1858846,2813471,309925,0,0
2021-08-06,35001696,8647069,3071739,315425,5500,0
2021-08-09,37050593,5319174,3270277,325815,10390,0
2021-08-10,38281031,4012847,2782409,326393,6136,5558
2021-08-11,39283443,4656788,3318197,327993,1600,0
2021-08-12,38409267,4045928,4920104,414429,86436,0
2021-08-13,37184221,1537235,2762281,341629,6500,79300
2021-08-16,34601268,3776494,6359447,345329,3700,0
2021-08-17,33875730,2705207,3430745,345893,564,0
2021-08-18,32752075,977078,2100733,351493,5600,0
2021-08-19,32542913,1028102,1237264,349162,1669,4000
2021-08-20,31493533,790742,1840122,359193,10031,0
2021-08-23,32293434,4087236,3287335,357756,263,1700
2021-08-24,33432943,6950798,5811289,361056,9000,5700
2021-08-25,31199076,4179548,6413415,362256,2800,1600
2021-08-26,30601844,2100416,2697648,362656,400,0
2021-08-27,30862981,3529349,3268212,355056,5600,13200
2021-08-30,32876095,8399963,6386849,353456,5400,7000
2021-08-31,37153758,14822818,10545155,352656,3500,4300
2021-09-01,34418967,15679153,18413944,464756,122400,10300
2021-09-02,27228365,5177722,12368324,493139,39593,11210
2021-09-03,26224317,4402878,5406926,494523,19184,17800
2021-09-06,25536398,2109777,2797696,493830,11861,12554
2021-09-07,25843634,3397478,3090242,535517,54254,12567
2021-09-08,26178820,2661188,2326002,539233,12553,8837
2021-09-09,22944276,4853596,8088140,555204,16971,1000
2021-09-10,23532075,2981356,2393557,541446,3236,16994
2021-09-13,24589236,3770812,2713651,529165,5100,17381
2021-09-14,24784727,2596952,2401461,541569,19438,7034
2021-09-15,23300047,2997499,4634056,453660,14506,24415
2021-09-16,25962707,3704787,1042127,451227,6900,9333
2021-09-17,24064608,2665157,4563256,444027,0,7200
2021-09-22,26906346,4110944,1269206,444527,500,0
2021-09-23,29928773,4548749,1526322,457127,12600,0
2021-09-24,28225601,1789592,3492764,455227,0,1900
2021-09-27,28486582,2219616,1958635,458536,3309,0
2021-09-28,27815956,851496,1522122,452827,0,5709
2021-09-29,27330943,1569209,2054222,513327,70300,9800
2021-09-30,27281149,1169277,1219071,513627,4000,3700
2021-10-08,26301507,357480,1337122,513627,0,0
2021-10-11,26826825,982739,457421,478713,1052,35966
2021-10-12,26927598,1871587,1770814,462470,800,17043
2021-10-13,27116118,555079,366559,435479,1700,28691
2021-10-14,27051984,1646983,1711117,451445,15966,0
2021-10-15,31218118,6839356,2673222,447122,0,4323
2021-10-18,32154465,1584595,648248,565921,121299,2500
2021-10-19,29333346,3138963,5960082,600222,37101,2800
2021-10-20,28243787,3144984,4234543,542360,0,57862
2021-10-21,27785382,1376182,1834587,534428,3106,11038
2021-10-22,28123108,2355892,2018166,546703,16270,3995
2021-10-25,27626792,552853,1049169,543203,0,3500
2021-10-26,28120893,2134294,1640193,558327,19130,4006
2021-10-27,27780644,2060398,2400647,555227,2500,5600
2021-10-28,27270956,313524,823212,490827,0,64400
2021-10-29,26788480,1168086,1650562,490827,0,0
2021-11-01,26343784,873567,1318263,488227,0,2600
2021-11-02,25742308,1120980,1722456,488227,0,0
2021-11-03,26023901,733474,451881,487127,0,1100
2021-11-04,26544545,1284320,763676,480145,0,6982
2021-11-05,26217024,973512,1301033,479055,1510,2600
2021-11-08,26813097,2379879,1783806,450055,0,29000
2021-11-09,26622788,1222771,1413080,450055,0,0
2021-11-10,27158788,1721426,1185426,458055,8000,0
2021-11-11,27424959,1419324,1153153,406817,27862,79100
2021-11-12,28095707,3233630,2562882,403023,9068,12862
2021-11-15,26980333,2093370,3208744,397055,3100,9068
2021-11-16,26428806,2060872,2612399,360755,0,36300
2021-11-17,26850677,3584834,3162963,358755,6000,8000
2021-11-18,28975287,4075801,1951191,355231,1400,4924
2021-11-19,29490602,1877850,1362535,445142,89911,0
2021-11-22,33581061,7899315,3808856,440342,2000,6800
2021-11-23,29673838,3270029,7177252,448167,7825,0
2021-11-24,27063993,1015690,3625535,448167,0,0
2021-11-25,27501616,1442176,1004553,436116,0,12051
2021-11-26,27311415,2525291,2715492,437962,1846,0
2021-11-29,28200399,2784814,1895830,355739,1726,83949
2021-11-30,26889347,1232552,2543604,393668,41162,3233
2021-12-01,25333767,2469480,4025060,397755,6510,2423
2021-12-02,25137169,1244533,1454759,481055,86100,2800
2021-12-03,24723284,1713952,2127837,474755,0,6300
2021-12-06,24235210,925626,1413700,472755,0,2000
2021-12-07,23096617,1585785,2724378,456022,1700,18433
2021-12-08,23868703,1045808,273722,454322,0,1700
2021-12-09,24145823,903651,626531,372606,2909,84625
2021-12-10,24167379,7230884,7209328,407243,70037,35400
2021-12-13,25325019,3204777,2047137,424824,17581,0
2021-12-14,24760412,1355321,1953996,416824,1800,9800
2021-12-15,24167629,1878717,2471500,420023,3199,0
2021-12-16,21226846,1098846,3811851,368425,6701,58299
2021-12-17,20960177,841291,1107960,364674,2105,5856
2021-12-20,18732775,416978,2644380,368574,3900,0
2021-12-21,19108527,2380463,2070682,365697,0,2877
2021-12-22,19196559,829133,741101,308894,510,57313
2021-12-23,20244190,2223757,1176126,297926,7870,18838
2021-12-24,20753567,2489355,1979978,289631,0,8295
