日期,融资余额(元),融资买入额(元),融资偿还额(元),融券余量,融券卖出量,融券偿还量
2020-09-10,30091970,32029228,1937258,905868,905868,0
2020-09-11,27606096,11813834,14299708,669284,25221,261805
2020-09-14,26243243,12579479,13942332,683879,59276,44681
2020-09-15,22286466,6091693,10299776,636192,23779,71666
2020-09-16,27323267,9513765,4476964,628170,54404,62426
2020-09-17,35195426,24501668,16629509,626670,58305,59805
2020-09-18,37926123,16135913,13405216,573623,13180,66227
2020-09-21,46168320,17004232,8762035,563576,30319,40366
2020-09-22,47099007,10448947,9626046,561566,31927,33937
2020-09-23,45664212,7224812,8659607,517547,5073,49092
2020-09-24,47268085,6119248,4515375,514291,18451,21707
2020-09-25,43600049,4367012,8035048,504018,7269,17542
2020-09-28,43903842,4210668,3906875,486018,200,18200
2020-09-29,42210923,1901070,3593989,366934,6470,125554
2020-09-30,39729876,1826183,4307230,88469,0,278465
2020-10-09,41009929,3645466,2315257,83469,0,5000
2020-10-12,40544648,4293447,4758728,83469,0,0
2020-10-13,41763764,6595377,5376261,83469,0,0
2020-10-14,41058800,5532630,6237594,80969,0,2500
2020-10-15,43917931,10096703,7237572,83956,2987,0
2020-10-16,47144457,8386708,5160182,88356,4400,0
2020-10-19,49428285,6412620,4128792,93356,5000,0
2020-10-20,50241329,4984238,4171194,179556,86200,0
2020-10-21,49877913,4384397,4747813,186778,7222,0
2020-10-22,51120376,5593091,4350628,186778,0,0
2020-10-23,45401137,5238631,10957870,186778,0,0
2020-10-26,44362494,7431729,8470372,186778,0,0
2020-10-27,52010753,17450787,9802528,199443,54765,42100
2020-10-28,52838513,13379218,12551458,236543,37100,0
2020-10-29,50930249,12486639,14394903,236543,0,0
2020-10-30,45508606,4424427,9846070,236543,0,0
2020-11-02,47030832,5284023,3761797,236543,0,0
2020-11-03,58317601,20117912,8831143,236543,0,0
2020-11-04,57819423,7408529,7906707,221601,0,14942
2020-11-05,65901158,17572508,9490773,206601,0,15000
2020-11-06,61261943,7383704,12022919,206601,0,0
2020-11-09,61265286,10530871,10527528,206601,0,0
2020-11-10,56247863,4195507,9212930,206601,0,0
2020-11-11,56494088,4432414,4186189,206601,0,0
2020-11-12,56344003,3794637,3944722,206601,0,0
2020-11-13,55677838,3007175,3673340,339555,132954,0
2020-11-16,51484355,2838843,7032326,339601,46,0
2020-11-17,46875961,2499719,7108113,295635,2688,46654
2020-11-18,49101707,9935744,7709998,299990,4355,0
2020-11-19,49337280,11694443,11458870,359690,59700,0
2020-11-20,45143374,8861372,13055278,361690,2000,0
2020-11-23,46012032,7452948,6584936,361790,100,0
2020-11-24,51530431,13018160,7499761,361790,0,0
2020-11-25,52866966,11756120,10419585,361790,0,0
2020-11-26,53039130,7164773,6992609,361790,0,0
2020-11-27,52596069,6674794,7117855,367117,5327,0
2020-11-30,52514443,4168242,4249868,367717,600,0
2020-12-01,53634568,3780025,2659900,367717,0,0
2020-12-02,52402371,3761036,4993233,367717,0,0
2020-12-03,53281004,4683620,3652614,349648,0,18069
2020-12-04,50231058,5281684,8331630,339672,0,9976
2020-12-07,47933482,1610870,3908446,341372,1700,0
2020-12-08,46801862,4844064,5975684,307719,3600,37253
2020-12-09,47416813,3036425,2421474,302372,4200,9547
2020-12-10,48358311,3375275,2433777,332172,49800,20000
2020-12-11,46536109,4154194,5976396,332172,0,0
2020-12-14,46294921,1768937,2010125,305950,0,26222
2020-12-15,45602348,2138544,2831117,296450,0,9500
2020-12-16,44409347,2813621,4006622,296450,0,0
2020-12-17,45227389,4451352,3633310,296450,0,0
2020-12-18,47775504,6218924,3670809,296450,0,0
2020-12-21,49407269,4116306,2484541,293450,0,3000
2020-12-22,47957206,2276135,3726198,297452,4002,0
2020-12-23,48203242,2136575,1890539,291431,906,6927
2020-12-24,46133174,2195888,4265956,291525,700,606
2020-12-25,45093573,877651,1917252,241923,1100,50702
2020-12-28,45991059,1613507,716021,241823,1100,1200
2020-12-29,44777485,532557,1746131,241923,1200,1100
2020-12-30,44051223,1139014,1738279,241923,1200,1200
2020-12-31,45696485,3940330,2295068,228716,37993,51200
2021-01-04,44139499,2384497,3941483,190723,0,37993
2021-01-05,44169555,1977418,1947362,221023,30300,0
2021-01-06,44234721,2037218,1972052,240523,19500,0
2021-01-07,42681284,2069437,3551839,248957,8434,0
2021-01-08,43044489,1222641,859436,248957,0,0
2021-01-11,44231929,2980296,1792856,248957,0,0
2021-01-12,42274641,915516,2872804,248957,0,0
2021-01-13,41494616,1440417,2220442,248957,0,0
2021-01-14,39588634,2743433,4649415,256557,7600,0
2021-01-15,38989479,2923026,3522181,216734,0,39823
2021-01-18,38143347,1915373,2761505,239534,22800,0
2021-01-19,36340938,1614427,3416836,241234,1700,0
2021-01-20,36358546,1006106,988498,241234,0,0
2021-01-21,35829090,710904,1240360,241234,0,0
2021-01-22,35167092,986449,1648447,183000,0,58234
2021-01-25,35565246,838652,440498,187000,4000,0
2021-01-26,35302107,796522,1059661,190976,3976,0
2021-01-27,35853344,1237559,686322,190976,0,0
2021-01-28,36439381,1321950,735913,191776,800,0
2021-01-29,35376599,822281,1885063,191776,0,0
2021-02-01,34838979,699324,1236944,191776,0,0
2021-02-02,35278945,1073823,622547,191776,0,0
2021-02-03,35516705,1380145,1142385,196348,4572,0
2021-02-04,34339662,665837,1842880,198713,2365,0
2021-02-05,33208757,126014,1256919,198713,0,0
2021-02-08,33962160,1235374,481971,186213,0,12500
2021-02-09,33164871,797402,1588833,187913,12070,10370
2021-02-10,32628301,702672,1239242,57576,0,130337
2021-02-18,32271361,773223,1130163,68172,10596,0
2021-02-19,31862947,1306426,1714840,72411,4239,0
2021-02-22,32895831,3105370,2072486,73830,10515,9096
2021-02-23,32705215,569612,760228,74430,600,0
2021-02-24,32873240,726542,558517,74430,0,0
2021-02-25,32666115,339778,546903,74430,0,0
2021-02-26,31824482,201504,1043137,74430,0,0
2021-03-01,31945379,954760,833863,63244,0,11186
2021-03-02,31588131,594125,951373,63244,0,0
2021-03-03,30570538,277430,1295023,55244,0,8000
2021-03-04,29697525,677651,1550664,23844,0,31400
2021-03-05,30188585,1608716,1117656,34844,11000,0
2021-03-08,29840927,696496,1044154,23844,0,11000
2021-03-09,30443452,1320150,717624,148777,124933,0
2021-03-10,31596863,2286986,1133575,23844,0,124933
2021-03-11,31605411,997985,989437,23844,0,0
2021-03-12,31253178,1238337,1590570,23844,0,0
2021-03-15,31995001,1796972,1055149,23844,0,0
2021-03-16,29573117,706795,3128679,23844,0,0
2021-03-17,30260162,1461221,774176,23844,0,0
2021-03-18,29899693,448476,808945,23844,0,0
2021-03-19,28387223,422887,1935357,23844,0,0
2021-03-22,28395984,1021950,1013189,23844,0,0
2021-03-23,28520843,1105185,980326,23844,0,0
2021-03-24,28332418,805997,994422,23844,0,0
2021-03-25,27859188,802265,1275495,23844,0,0
2021-03-26,27362506,406463,903145,21844,0,2000
2021-03-29,27192012,351865,522359,21844,0,0
2021-03-30,27500828,994330,685514,33820,11976,0
2021-03-31,27530825,347351,317354,34144,324,0
2021-04-01,27432852,308729,406702,34144,0,0
2021-04-02,27076177,883621,1240296,34144,0,0
2021-04-06,26705798,2428988,2799367,27300,0,6844
2021-04-07,27030404,818731,494125,27300,0,0
2021-04-08,27092678,837918,775644,27300,0,0
2021-04-09,26870984,460489,682183,27300,0,0
2021-04-12,26691433,1101132,1280683,27500,200,0
2021-04-13,26807099,544039,428373,27500,0,0
2021-04-14,26562073,137716,382742,27500,0,0
2021-04-15,26585240,501432,478265,27500,0,0
2021-04-16,26521423,1055295,1119112,27500,0,0
2021-04-19,31826341,8840502,3535584,27500,0,0
2021-04-20,35078105,8007236,4755472,37500,10000,0
2021-04-21,33455295,1866029,3488839,27500,0,10000
2021-04-22,30752224,1374587,4077658,32655,5155,0
2021-04-23,31057812,1390447,1084859,32100,4750,5305
2021-04-26,29731078,2466138,3792872,27399,99,4800
2021-04-27,29922859,957353,765572,44370,16971,0
2021-04-28,30539967,1475418,858310,37309,0,7061
2021-04-29,29861515,1989624,2668076,41170,7000,3139
2021-04-30,28528146,2088620,3421989,108470,74300,7000
2021-05-06,28359856,601483,769773,107980,2510,3000
2021-05-07,29086284,1674792,948364,216091,109846,1735
2021-05-10,28674721,1223706,1635269,335417,120058,732
2021-05-11,29778951,1679752,575522,360080,28846,4183
2021-05-12,30056531,532185,254605,360398,5235,4917
2021-05-13,30260840,1303562,1099253,360341,4578,4635
2021-05-14,29905188,2514966,2870618,361063,5300,4578
2021-05-17,30681000,2758108,1982296,360463,4700,5300
2021-05-18,31236386,2507149,1951763,352449,3756,11770
2021-05-19,45873109,18782839,4146116,293545,14996,73900
2021-05-20,49133571,9806445,6545983,294131,15031,14445
2021-05-21,50371329,7925523,6687765,362123,70592,2600
2021-05-24,48709354,12231151,13893126,370614,17191,8700
2021-05-25,47067395,6689334,8331293,377921,23343,16036
2021-05-26,50300482,7144059,3910972,388531,21561,10951
2021-05-27,46626844,6287179,9960817,404948,22868,6451
2021-05-28,49262008,8107817,5472653,419401,25185,10732
2021-05-31,49047158,9765858,9980708,430845,25365,13921
2021-06-01,46077882,6057302,9026578,428068,18451,21228
2021-06-02,45599087,5616427,6095222,431295,23900,20673
2021-06-03,45323018,2382169,2658238,426202,22990,28083
2021-06-04,43711121,1699792,3311689,366174,25348,85376
2021-06-07,49717376,9863260,3857005,361284,18253,23143
2021-06-08,43806298,4335094,10246172,363228,32703,30759
2021-06-09,40895158,658073,3569213,367405,31112,26935
2021-06-10,43647484,4627875,1875549,353983,15200,28622
2021-06-11,41232517,832312,3247279,349583,2800,7200
2021-06-15,43278218,5222773,3177072,353983,7100,2700
2021-06-16,42038873,2345888,3585233,362583,18896,10296
2021-06-17,44054866,3814362,1798369,374631,19830,7782
2021-06-18,38371899,3251377,8934344,468563,98300,4368
2021-06-21,39496159,8113949,6989689,433277,3700,38986
2021-06-22,47342258,15859051,8012952,441877,16300,7700
2021-06-23,59468626,25761957,13635589,467162,31585,6300
2021-06-24,56586438,13781188,16663376,531862,68400,3700
2021-06-25,54616695,6291920,8232844,538708,25046,18200
2021-06-28,56602259,8555161,6569597,557046,43557,25219
2021-06-29,55609519,4354614,5347354,573401,34095,17740
2021-06-30,35669502,4542168,24482185,585894,30235,17742
2021-07-01,31757671,5051018,8962849,567696,10337,28535
2021-07-02,32722609,2851283,1886345,591629,36770,12837
2021-07-05,31284421,3114235,4552423,539763,27789,79655
2021-07-06,35113055,7550390,3721756,583073,62499,19189
2021-07-07,33258675,2375879,4230259,570421,13342,25994
2021-07-08,35505202,6280485,4033958,533808,73331,109944
2021-07-09,41283605,9048143,3269740,545569,31689,19928
2021-07-12,32303516,6484294,15464383,564823,42787,23533
2021-07-13,32402048,5999541,5901009,567971,24635,21487
2021-07-14,34264184,7060616,5198480,566123,22687,24535
2021-07-15,32925564,3108921,4447541,575725,33050,23448
2021-07-16,33207069,4345058,4063553,576099,20347,19973
2021-07-19,36565655,7725430,4366844,571937,22671,26833
2021-07-20,35042317,10683624,12206962,560737,22872,34072
2021-07-21,37235547,8311507,6049897,561449,25648,24936
2021-07-22,39093878,13358527,11500196,509017,43359,95791
2021-07-23,37488072,9684936,11290742,490014,30840,49843
2021-07-26,33403417,4678453,8763108,489032,26264,27246
2021-07-27,34268960,7338778,6473235,503511,43783,29304
2021-07-28,35843627,4482507,2907840,483919,32590,52182
2021-07-29,36677851,7191666,6357442,479440,44994,49473
2021-07-30,45858372,18626187,9445666,584693,128426,23173
2021-08-02,47645088,12056744,10248572,571949,33855,46599
2021-08-03,43591015,8595692,12649765,562349,62869,72469
2021-08-04,43066398,7112021,7296943,562749,59300,58900
2021-08-05,40314381,3707980,6459997,518428,25973,70294
2021-08-06,39611184,3454217,4157414,518056,48242,48614
2021-08-09,41752750,5767214,3625648,522771,27145,22430
2021-08-10,43095286,6481325,5138789,522528,36020,36263
2021-08-11,50128729,17516715,10687790,540345,54772,36955
2021-08-12,50539001,10613086,10202814,566609,62991,36727
2021-08-13,48652998,6533850,8419853,595539,61305,32375
2021-08-16,50056328,7509509,6106179,667933,103671,31277
2021-08-17,50147211,5131751,5040868,629361,49114,87686
2021-08-18,48563106,1394456,2978561,628715,32774,33420
2021-08-19,47771489,2319393,3111010,634164,27028,21579
2021-08-20,47656174,1374299,1489614,633550,28528,29142
2021-08-23,54932521,11457455,4181108,648466,44352,29436
2021-08-24,61564819,11630388,4998090,642333,45898,52031
2021-08-25,64048364,8772172,6288627,635088,48704,55949
2021-08-26,69498310,14413202,8963256,677358,86495,44225
2021-08-27,67993491,4713460,6218279,678232,25464,24590
2021-08-30,72595258,8858551,4256784,712371,58805,24666
2021-08-31,71546781,3932045,4980522,709400,26815,29786
2021-09-01,73026103,4272707,2793385,720740,41989,30649
2021-09-02,69182270,1988929,5832762,689172,35777,67345
2021-09-03,68116789,8306504,9371985,692091,41181,38262
2021-09-06,68086509,2591455,2621735,672246,13636,33481
2021-09-07,65029214,2971423,6028718,673918,33100,31428
2021-09-08,66790253,8147176,6386137,662423,20444,31939
2021-09-09,64618318,1278285,3450220,546263,18766,134926
2021-09-10,62004069,1288235,3902484,534441,12939,24761
2021-09-13,62898213,3688134,2793990,536841,7700,5300
2021-09-14,65302067,4006862,1603008,547758,16017,5100
2021-09-15,64938618,1047112,1447278,582107,11049,4700
2021-09-16,64074153,1709329,2573794,589707,19188,11588
2021-09-17,65301300,3094480,1867333,586228,16544,20023
2021-09-22,65714978,1606665,1192987,581661,4271,8838
2021-09-23,65247231,805304,1273051,570508,8508,19661
2021-09-24,66286083,1782108,743256,569718,0,790
2021-09-27,66603410,2805408,2488081,561376,11083,19425
2021-09-28,66220731,823941,1206620,552185,3400,12591
2021-09-29,65187233,1752328,2785826,557381,12190,6994
2021-09-30,65380413,3185564,2992384,557415,12859,12825
2021-10-08,63812563,1114945,2682795,545824,800,12391
2021-10-11,63422958,325532,715137,546824,4100,3100
2021-10-12,64509932,1839416,752442,633218,91116,4722
2021-10-13,64930604,1265311,844639,648445,17027,1800
2021-10-14,68009021,5071693,1993276,625358,16132,39219
2021-10-15,72172419,7253144,3089746,627029,11093,9422
2021-10-18,71086018,2965564,4051965,620794,5740,11975
2021-10-19,73250001,5323608,3159625,626304,18068,12558
2021-10-20,72785422,2660157,3124736,606727,6037,25614
2021-10-21,77620593,7772346,2937175,625498,38539,19768
2021-10-22,78312363,2507724,1815954,636938,36372,24932
2021-10-25,79996814,5672620,3988169,655036,38109,20011
2021-10-26,76437530,1668251,5227535,610519,14315,58832
2021-10-27,76505853,1516515,1448192,629958,21939,2500
2021-10-28,76963091,1055753,598515,619364,17400,27994
2021-10-29,70615336,806143,7153898,630895,23931,12400
2021-11-01,72056221,3085369,1644484,624332,22113,28676
2021-11-02,73821989,11623468,9857700,628805,30573,26100
2021-11-03,77786602,8474043,4509430,610961,19639,37483
2021-11-04,76537080,3863400,5112922,603990,36412,43383
2021-11-05,77437497,13439070,12538653,587969,23852,39873
2021-11-08,78629479,6296087,5104105,599988,32369,20350
2021-11-09,78433362,5644971,5727690,596489,28338,31837
2021-11-10,75352602,1668792,4749552,606297,28711,18903
2021-11-11,75250279,2539986,2642309,551700,25342,79939
2021-11-12,64460319,4129838,14919798,526588,28965,54077
2021-11-15,63560144,2258412,3158587,519125,22480,29943
2021-11-16,62606259,3284708,4238593,535842,38531,21814
2021-11-17,62259259,3492766,3839766,514332,21411,42921
2021-11-18,60330270,1414438,3343427,529442,42492,27382
2021-11-19,60879284,2263783,1714769,520503,31021,39960
2021-11-22,61633447,3508732,2754569,476448,43860,87915
2021-11-23,61644626,4578486,4567307,469392,36781,43837
2021-11-24,61954000,2668709,2359335,464294,23669,28767
2021-11-25,58988591,2295768,5261177,490732,55364,28926
2021-11-26,58704909,1219060,1502742,506893,32519,16358
2021-11-29,57011380,2599524,4293053,485964,11294,32223
2021-11-30,61016939,13232919,9227360,476056,25088,34996
2021-12-01,62532470,4289183,2773652,469051,21522,28527
2021-12-02,65032224,6267060,3767306,469045,19306,19312
2021-12-03,58950861,7635882,13717245,458900,18601,28746
2021-12-06,58554630,3071944,3468175,473055,30467,16312
2021-12-07,57075392,2803825,4283063,470640,23995,26410
2021-12-08,58103282,3191149,2163259,486403,34100,18337
2021-12-09,60566362,4986169,2523089,487505,10902,9800
2021-12-10,59497222,4003058,5072198,488742,2837,1600
2021-12-13,60156187,3098612,2439647,490294,8106,6554
2021-12-14,59679249,1185841,1662779,510068,23222,3448
2021-12-15,59952406,1723252,1450095,502032,2027,10063
2021-12-16,59963093,2057142,2046455,494497,12164,19699
2021-12-17,61813835,4057891,2207149,467533,7970,34934
2021-12-20,60632576,674212,1855471,464205,3600,6928
2021-12-21,59222782,1322454,2732248,459402,10376,15114
2021-12-22,55738412,2246815,5731185,458891,6292,6803
2021-12-23,57836777,3107485,1009120,478736,27462,7617
2021-12-24,57271349,1876905,2442333,478777,7041,7000
