日期,融资余额(元),融资买入额(元),融资偿还额(元),融券余量,融券卖出量,融券偿还量
2021-05-12,30063758,32596726,2532968,1748537,1748537,0
2021-05-13,78107535,75197107,27153330,1481091,154625,422071
2021-05-14,74014819,35466252,39558968,1520019,97247,58319
2021-05-17,86875198,39259133,26398754,1358552,24733,186200
2021-05-18,99943528,30235609,17167279,1342107,58476,74921
2021-05-19,121800158,37529610,15672980,1290924,42318,93501
2021-05-20,133496394,25603035,13906799,1249140,42854,84638
2021-05-21,136556427,19304395,16244362,1231713,117744,135171
2021-05-24,135958183,8248491,8846735,1204602,87200,114311
2021-05-25,146785073,19311502,8484612,1144939,51281,110944
2021-05-26,161607089,19103248,4281232,1148080,75429,72288
2021-05-27,166349451,25808149,21065787,1281030,281379,148429
2021-05-28,139076827,29094856,56367480,1360258,239962,160734
2021-05-31,134061213,19086842,24102456,1290201,152595,222652
2021-06-01,137397234,23553964,20217943,1396347,213849,107703
2021-06-02,135360048,16535593,18572779,1322926,57955,131376
2021-06-03,143865055,29886816,21381809,1341729,84606,65803
2021-06-04,154937389,24848522,13776188,1377771,125806,89764
2021-06-07,156273002,17879744,16544131,1324218,59539,113092
2021-06-08,159649201,20940079,17563880,554868,14437,783787
2021-06-09,160153947,10052752,9548006,252965,8571,310474
2021-06-10,168658229,15571420,7067138,343025,99629,9569
2021-06-11,164365571,3679439,7972097,373208,33183,3000
2021-06-15,165510357,7658664,6513878,327093,15424,61539
2021-06-16,167304658,5629844,3835543,301547,23973,49519
2021-06-17,166316004,10990250,11978904,313481,21973,10039
2021-06-18,180414980,29183942,15084966,316301,25478,22658
2021-06-21,171319925,5941931,15036986,386811,106766,36256
2021-06-22,175795745,7258856,2783036,287991,30800,129620
2021-06-23,175315724,4900183,5380204,258321,33570,63240
2021-06-24,188917780,17057006,3454950,247316,7500,18505
2021-06-25,190789071,8307153,6435862,235929,23223,34610
2021-06-28,188613937,3766697,5941831,236547,10418,9800
2021-06-29,195316615,9206842,2504164,259922,34822,11447
2021-06-30,197609253,3398736,1106098,255601,4079,8400
2021-07-01,195719748,4071833,5961338,261149,10086,4538
2021-07-02,210263834,20435629,5891543,300361,71870,32658
2021-07-05,212577175,5525614,3212273,276675,8835,32521
2021-07-06,213196690,4455618,3836103,191824,18407,103258
2021-07-07,210463206,7707778,10441262,188265,7085,10644
2021-07-08,200917505,6803080,16348781,237931,69290,19624
2021-07-09,197546820,12157515,15528200,235359,18004,20576
2021-07-12,196840804,7375817,8081833,243747,13915,5527
2021-07-13,216367761,22507382,2980425,238298,8710,14159
2021-07-14,226876601,14603780,4094940,247479,11174,1993
2021-07-15,234228465,8086176,734312,255981,20715,12213
2021-07-16,232295747,6013362,7946080,269226,16045,2800
2021-07-19,234391286,7507199,5411660,266376,9893,12743
2021-07-20,234330700,2972621,3033207,274167,12319,4528
2021-07-21,233446374,4987634,5838675,266283,3445,11329
2021-07-22,232137825,1484787,2793336,263319,14200,17164
2021-07-23,243075877,18503345,7565293,267083,12464,8700
2021-07-26,240695643,5482290,7862524,271730,13047,8400
2021-07-27,235039954,9300763,14956452,246783,1153,26100
2021-07-28,235280520,12292218,12051652,261094,17900,3589
2021-07-29,235148340,5621671,5753851,248348,1754,14500
2021-07-30,231931969,19643779,22860150,388155,144946,5139
2021-08-02,226073913,13476427,19354154,407559,28104,8700
2021-08-03,225171962,8752485,9654436,415609,12550,4500
2021-08-04,220095798,6901405,12235289,412981,7172,9800
2021-08-05,224200473,11561491,7456816,422281,9300,0
2021-08-06,229029521,12841120,8012072,413881,300,8700
2021-08-09,222934841,5146646,11241326,422281,8400,0
2021-08-10,213978546,3443464,12399759,413881,300,8700
2021-08-11,214681998,4879960,4365509,422281,8400,0
2021-08-12,219019533,5609811,1272276,415933,2352,8700
2021-08-13,215776627,4711288,7954194,407484,11500,19949
2021-08-16,212974748,12520030,15321909,399084,300,8700
2021-08-17,206095369,5732405,12611784,412184,13100,0
2021-08-18,196476780,6001884,15620473,403704,800,9280
2021-08-19,181112739,2920575,18284616,371884,24700,56520
2021-08-20,183022641,11419370,9509468,381282,20600,11202
2021-08-23,182965635,7017771,7074777,396212,28349,13419
2021-08-24,178590517,6471752,10846870,394804,17102,18510
2021-08-25,175114528,10025634,13501623,429304,47348,12848
2021-08-26,147351500,7024353,34787381,420804,12300,20800
2021-08-27,143861295,4739927,8230132,434476,23722,10050
2021-08-30,165021264,46811597,25651628,426021,16300,24755
2021-08-31,162420126,3640589,6241727,489649,79628,16000
2021-09-01,154506524,6067873,13981475,401054,12583,101178
2021-09-02,157171044,9412604,6748084,423925,37006,14135
2021-09-03,159968204,12153404,9356244,417739,25388,31574
2021-09-06,161262161,7900529,6606572,415257,19974,22456
2021-09-07,159513081,4488619,6237699,422062,34312,27507
2021-09-08,162529808,5341333,2324606,425496,32899,29465
2021-09-09,174681099,15518927,3367636,416897,18292,26891
2021-09-10,174811314,4282559,4152344,441945,40031,14983
2021-09-13,179001457,8117973,3927830,457613,26355,10687
2021-09-14,182054714,5611484,2558227,443974,13845,27484
2021-09-15,185019131,8799682,5939779,431146,14502,23130
2021-09-16,185054220,4480140,4445051,434681,13731,10196
2021-09-17,152489419,6877614,39442415,436607,12574,10648
2021-09-22,151784761,6526647,7231305,419614,11207,28200
2021-09-23,153348466,4119790,2556085,420511,26384,25487
2021-09-24,151034241,1592675,3906900,414134,4500,10877
2021-09-27,156936390,8122985,2220836,418836,12109,7407
2021-09-28,159936310,3937486,937566,408503,0,10333
2021-09-29,158967914,2066404,3034800,396205,11921,24219
2021-09-30,151501582,1439440,8905772,372255,9050,33000
2021-10-08,148601801,2136398,5036179,357622,4270,18903
2021-10-11,147687737,4286898,5200962,412522,61500,6600
2021-10-12,150086544,4764577,2365770,420139,23999,16382
2021-10-13,149277443,610292,1419393,397734,30994,53399
2021-10-14,155752102,7210662,736003,426848,65377,36263
2021-10-15,147730809,769605,8790898,420644,6745,12949
2021-10-18,151876122,9079708,4934395,428608,20079,12115
2021-10-19,152505737,2009164,1379549,409816,6400,25192
2021-10-20,152635426,2002774,1873085,412562,3172,426
2021-10-21,156102366,4271606,804666,422625,20823,10760
2021-10-22,155866311,301355,537410,319741,8939,111823
2021-10-25,153393698,2325451,4798064,318812,15873,16802
2021-10-26,157070152,11089614,7413160,324090,19710,14432
2021-10-27,161561450,6679467,2188169,311035,11984,25039
2021-10-28,166218621,8307309,3650138,307333,6720,10422
2021-10-29,170963517,7092189,2347293,306088,7805,9050
2021-11-01,172305723,4132585,2790379,319026,18465,5527
2021-11-02,176644855,6947918,2608786,315810,19605,22821
2021-11-03,180721010,6789472,2713317,308551,12041,19300
2021-11-04,193104963,22084895,9700942,337112,40561,12000
2021-11-05,197496170,12831242,8440035,380406,66019,22725
2021-11-08,200309464,5419373,2606079,358832,400,21974
2021-11-09,199189202,1085349,2205611,360724,9692,7800
2021-11-10,197053431,4147433,6283204,363433,3900,1191
2021-11-11,195965364,7123938,8212005,414942,101209,49700
2021-11-12,190957794,9198144,14205714,326591,10400,98751
2021-11-15,174897158,5220546,21281182,332691,17900,11800
2021-11-16,175582915,5351865,4666108,313212,14179,33658
2021-11-17,176068313,6546193,6060795,296913,8800,25099
2021-11-18,199453108,33729561,10344766,303209,8296,2000
2021-11-19,230522815,33860978,2791271,297317,12024,17916
2021-11-22,223765394,3826165,10583586,303783,12866,6400
2021-11-23,224604979,10762315,9342705,297923,9116,14976
2021-11-24,223660527,7761151,8705603,308032,21909,11800
2021-11-25,226349508,11082100,8393119,267292,21418,62158
2021-11-26,217145230,5882757,15087035,309292,57231,15231
2021-11-29,218498968,5562661,4208923,296528,16124,28888
2021-11-30,222564465,15761140,11695643,264876,16948,48600
2021-12-01,223734640,5433226,4263051,261024,4082,7934
2021-12-02,236709857,15092757,2117540,261415,4200,3809
2021-12-03,234206700,1105130,3608287,260468,1507,2454
2021-12-06,231064274,7890852,11033278,252830,4384,12022
2021-12-07,229256643,5577165,7384796,256217,10989,7602
2021-12-08,224065743,3766476,8957376,252313,5800,9704
2021-12-09,221018091,3389190,6436842,185003,10900,78210
2021-12-10,212682801,3034124,11369414,201215,35212,19000
2021-12-13,202702916,4821429,14801314,246822,48907,3300
2021-12-14,202663235,5511010,5725681,237163,2000,11659
2021-12-15,198715720,5773356,9720871,284866,50710,3007
2021-12-16,199099171,4331934,4048146,220441,5348,69773
2021-12-17,198462359,4609402,5246214,219745,4400,5096
2021-12-20,192993195,806442,6275606,188281,12347,43811
2021-12-21,193038540,1110584,1086077,208525,16886,15488
2021-12-22,199513886,18303026,11827680,233116,30216,5625
2021-12-23,205530862,15324863,9307887,241379,20321,12058
2021-12-24,207951477,5138562,2717947,241424,4117,4072
