日期,融资余额(元),融资买入额(元),融资偿还额(元),融券余量,融券卖出量,融券偿还量
2020-07-22,121136633,135933908,14797275,1007803,1007803,0
2020-07-23,138133329,100743550,83746854,635038,179603,552368
2020-07-24,131683431,52267922,58717820,671559,279031,242510
2020-07-27,132446623,39710441,38947249,723517,262305,210347
2020-07-28,134344787,23338929,21450499,733035,270907,261389
2020-07-29,118739411,22090071,37695447,660758,163249,235526
2020-07-30,132776386,42679087,28642112,754312,323755,230201
2020-07-31,148908735,56807975,40675626,778685,328851,304478
2020-08-03,144874222,31086791,35121304,730198,119750,168237
2020-08-04,159889946,59715217,44699493,777461,216452,169189
2020-08-05,162173569,28741864,26458241,634320,55743,198884
2020-08-06,153207995,13211994,22177568,644219,120357,110458
2020-08-07,147198427,19818640,25828208,633917,103759,114061
2020-08-10,146333660,8498833,9377825,532776,35024,136165
2020-08-11,143459861,7784531,10658330,540817,73960,65919
2020-08-12,150151126,17307807,10616542,628059,163687,76445
2020-08-13,150490979,6497641,6157788,595359,90661,123361
2020-08-14,149129203,6064370,7426146,744902,193479,43936
2020-08-17,148727246,9454589,9748060,733365,23203,34740
2020-08-18,149469729,9379460,8630265,429454,33159,337070
2020-08-19,148610050,9256469,10116148,415131,38777,53100
2020-08-20,148795893,3933113,3784420,414602,38411,38940
2020-08-21,146968075,1145182,2876217,407602,15400,22400
2020-08-24,148485469,8066284,6548890,430951,38749,15400
2020-08-25,146689090,3570500,5366879,421507,29218,38662
2020-08-26,127831721,3945799,22803168,428699,36392,29200
2020-08-27,128615573,3607404,2823552,303546,29328,154481
2020-08-28,126918303,3059694,4756964,293054,18583,29075
2020-08-31,127569747,4092105,3440661,302045,27798,18807
2020-09-01,127166050,3673500,3911080,301445,27200,27800
2020-09-02,126069666,2676240,3772624,301925,27880,27400
2020-09-03,127894423,6730617,4905860,313462,39437,27900
2020-09-04,116720873,3733464,14907014,300749,25987,38700
2020-09-07,118233566,7189436,5676743,315471,40422,25700
2020-09-08,117663172,2521625,3092019,294653,18073,38891
2020-09-09,116805767,4258824,5116229,282150,38860,51363
2020-09-10,114636718,1637011,3806060,261756,18506,38900
2020-09-11,113674479,2528279,3490518,294130,50789,18415
2020-09-14,111392145,1125163,3407497,284398,990,10722
2020-09-15,113181482,3056361,1203517,279006,15780,13916
2020-09-16,112849507,884321,1216296,264773,11800,26033
2020-09-17,112158487,6637963,7328983,307574,54701,11900
2020-09-18,108457672,1970676,5671491,304906,17276,19944
2020-09-21,111086418,4532600,1903854,289129,17223,33000
2020-09-22,110484928,1656169,2323899,283674,15045,20500
2020-09-23,109819684,5577327,6242571,306838,38164,15000
2020-09-24,110034041,1403235,1188878,299938,11600,18500
2020-09-25,108328928,1100721,2805834,295459,10521,15000
2020-09-28,106205173,1038179,2769882,290838,7800,12421
2020-09-29,106398410,887195,693958,299709,17400,8529
2020-09-30,105371163,1310990,2338237,279654,11000,31055
2020-10-09,105447374,1282130,1205919,270854,2200,11000
2020-10-12,104485536,1324604,2286442,285819,17265,2300
2020-10-13,106137742,2689699,1037493,243119,9500,52200
2020-10-14,106525596,1240197,852343,250119,12200,5200
2020-10-15,106050891,1631555,2106260,259201,21282,12200
2020-10-16,105775848,1125936,1400979,245001,3200,17400
2020-10-19,105677722,1400845,1498971,263169,21368,3200
2020-10-20,106153175,1478471,1003018,260769,12800,15200
2020-10-21,106931872,1718684,939987,262089,19250,17930
2020-10-22,106317121,1765905,2380656,268121,25332,19300
2020-10-23,105044825,1970799,3243095,266375,17300,19046
2020-10-26,105379748,1855341,1520418,249111,1490,18754
2020-10-27,106069082,1706720,1017386,269446,21735,1400
2020-10-28,106331887,1470572,1207767,268646,13000,13800
2020-10-29,105972424,1172721,1532184,273366,17460,12740
2020-10-30,106897949,3145689,2220164,278261,22555,17660
2020-11-02,106471961,1508622,1934610,273155,16577,21683
2020-11-03,104077368,1063432,3458025,278078,21500,16577
2020-11-04,103690181,1090814,1478001,259767,5700,24011
2020-11-05,103229866,1197561,1657876,223665,15587,51689
2020-11-06,104058679,1593195,764382,221105,13000,15560
2020-11-09,103141646,2234533,3151566,226838,18800,13067
2020-11-10,102974350,1642719,1810015,211827,3776,18787
2020-11-11,102672698,781200,1082852,226822,18595,3600
2020-11-12,101000021,329461,2002138,209329,1200,18693
2020-11-13,100431435,650387,1218973,218858,10735,1206
2020-11-16,100850608,1480317,1061144,212642,4600,10816
2020-11-17,100233825,763894,1380677,228346,20304,4600
2020-11-18,100182110,849885,901600,238746,13400,3000
2020-11-19,99730372,1523118,1974856,231785,6439,13400
2020-11-20,99123892,1675750,2282230,235185,9800,6400
2020-11-23,96937487,1402930,3589335,227985,2600,9800
2020-11-24,97201949,1222204,957742,228385,2800,2400
2020-11-25,96864189,772692,1110452,240585,15000,2800
2020-11-26,96773198,898101,989092,228169,584,13000
2020-11-27,96361417,1013409,1425190,294009,87504,21664
2020-11-30,95679607,958720,1640530,277073,3200,20136
2020-12-01,95556791,1621891,1744707,291174,14101,0
2020-12-02,96845290,2634038,1345539,271368,2800,22606
2020-12-03,95816225,1271750,2273845,285548,16980,2800
2020-12-04,96359430,1044375,501170,275285,0,10263
2020-12-07,96174801,513855,698484,273885,5200,6600
2020-12-08,96565236,1247462,857027,208786,10601,75700
2020-12-09,95887065,1978782,2656953,190296,17410,35900
2020-12-10,95543694,1625600,1968971,266889,93993,17400
2020-12-11,94644325,1854432,2753801,266796,17325,17418
2020-12-14,93882108,828793,1591010,251596,2200,17400
2020-12-15,93977168,950109,837204,258996,9600,2200
2020-12-16,93637377,427129,766920,256796,7400,9600
2020-12-17,94184568,1364745,817554,266779,17383,7400
2020-12-18,93789402,909272,1304438,252579,3200,17400
2020-12-21,92118053,926480,2597829,255379,10200,7400
2020-12-22,95106288,4117742,1129507,260140,14961,10200
2020-12-23,84173328,1433496,12366456,266716,17376,10800
2020-12-24,81872121,2058751,4359958,266716,17400,17400
2020-12-25,78001795,629830,4500156,250916,1600,17400
2020-12-28,76569745,595228,2027278,265916,16600,1600
2020-12-29,75209413,977751,2338083,192701,17431,90646
2020-12-30,75510396,1571116,1321113,192485,17300,17516
2020-12-31,75658574,1161211,1013033,183461,8200,17224
2021-01-04,75755446,1158837,1061965,184488,9237,8210
2021-01-05,75185729,1473759,2043476,190299,15011,9200
2021-01-06,73943842,678419,1920306,190299,0,0
2021-01-07,71944665,2275850,4299327,192545,17323,15077
2021-01-08,72242841,1291990,993814,178039,12776,27282
2021-01-11,72111922,916563,1043731,177472,12148,12715
2021-01-12,71239101,389102,1261923,179208,13943,12207
2021-01-13,71597346,2502542,2144297,165144,0,14064
2021-01-14,71240607,981460,1338199,262644,97500,0
2021-01-15,71366391,1658567,1532783,203702,27943,86885
2021-01-18,70436823,319227,1248795,189234,3416,17884
2021-01-19,70456776,1712843,1692890,205747,26484,9971
2021-01-20,70273674,852566,1035668,200184,18376,23939
2021-01-21,70406423,1982528,1849779,384137,194753,10800
2021-01-22,71928908,3670568,2148083,259003,17266,142400
2021-01-25,72433582,2441321,1936647,259227,17424,17200
2021-01-26,72233391,1280428,1480619,191643,9755,77339
2021-01-27,71862543,931369,1302217,181868,16580,26355
2021-01-28,71327275,1352982,1888250,211690,46437,16615
2021-01-29,70743666,1496635,2080244,213114,17390,15966
2021-02-01,70018212,892645,1618099,205778,10076,17412
2021-02-02,68716581,889294,2555799,202931,7166,10013
2021-02-03,71671377,3378421,423625,208156,17200,11975
2021-02-04,71440111,698928,930194,208695,17679,17140
2021-02-05,70103413,534469,1871167,206572,15382,17505
2021-02-08,70048331,588649,643731,204348,13200,15424
2021-02-09,69519909,985256,1467423,198002,19900,26246
2021-02-10,68450132,456773,1526550,184202,0,13800
2021-02-18,71209800,4274180,1514512,198102,17500,3600
2021-02-19,72072983,2440386,1577203,198102,17400,17400
2021-02-22,70866346,1569757,2776394,177051,17400,38451
2021-02-23,71155007,2288164,1999503,177797,21646,20900
2021-02-24,71347652,1462362,1269717,177222,16825,17400
2021-02-25,70054307,1270884,2564229,180863,20441,16800
2021-02-26,69084674,1002425,1972058,174902,9639,15600
2021-03-01,69044951,1181184,1220907,182740,17438,9600
2021-03-02,66383352,353385,3014984,168045,2800,17495
2021-03-03,65929251,229513,683614,175030,9785,2800
2021-03-04,66120206,1287843,1096888,182701,17481,9810
2021-03-05,64706875,806739,2220070,182470,17169,17400
2021-03-08,64482226,1110287,1334936,173296,8087,17261
2021-03-09,65697522,1857491,642195,182752,17410,7954
2021-03-10,65674462,495026,518086,169375,0,13377
2021-03-11,65905596,676674,445540,165775,0,3600
2021-03-12,65895450,722058,732204,165204,0,571
2021-03-15,66553618,1112177,454009,165204,0,0
2021-03-16,65968130,597516,1183004,165204,0,0
2021-03-17,65858912,464256,573474,165204,0,0
2021-03-18,65251260,361317,968969,165204,0,0
2021-03-19,64884020,493989,861229,156098,0,9106
2021-03-22,65521203,1167988,530805,156098,0,0
2021-03-23,68340860,3167218,347561,158898,2800,0
2021-03-24,68184188,672396,829068,159698,800,0
2021-03-25,68784749,1266542,665981,159698,0,0
2021-03-26,67714618,508836,1578967,161629,1931,0
2021-03-29,67247677,665223,1132164,161629,0,0
2021-03-30,66764920,362069,844826,195022,33393,0
2021-03-31,66799501,398065,363484,182943,2000,14079
2021-04-01,66395482,553608,957627,185383,4000,1560
2021-04-02,66642638,1025212,778056,297120,114937,3200
2021-04-06,65860772,915422,1697288,299481,8197,5836
2021-04-07,66746917,2276916,1390771,298681,7400,8200
2021-04-08,65831945,478290,1393262,308604,17423,7500
2021-04-09,66541487,1347531,637989,301093,9828,17339
2021-04-12,70004110,4264982,802359,308573,17280,9800
2021-04-13,69341310,1891669,2554469,312553,21380,17400
2021-04-14,69557958,656910,440262,303888,8600,17265
2021-04-15,69571283,519596,506271,303708,8420,8600
2021-04-16,69196776,499252,873759,293060,8600,19248
2021-04-19,70256004,2264608,1205380,301860,17400,8600
2021-04-20,70515400,1614683,1355287,178355,0,123505
2021-04-21,68855489,869845,2529756,175298,0,3057
2021-04-22,69313814,1271982,813657,156098,0,19200
2021-04-23,68871680,835928,1278062,156098,0,0
2021-04-26,68911565,975278,935393,156098,0,0
2021-04-27,67896635,1161760,2176690,156098,0,0
2021-04-28,67400547,929519,1425607,156098,0,0
2021-04-29,69174151,4238523,2464919,177198,21100,0
2021-04-30,68561339,582885,1195697,177198,0,0
2021-05-06,68836329,726214,451224,177198,0,0
2021-05-07,69623172,1738122,951279,177198,0,0
2021-05-10,69633211,1309242,1299203,177198,0,0
2021-05-11,68920691,1126993,1839513,177198,0,0
2021-05-12,69084415,1315486,1151762,156741,643,21100
2021-05-13,68525071,4142028,4701372,159098,2357,0
2021-05-14,67063391,2811897,4273577,272998,113900,0
2021-05-17,66893205,795599,965785,272998,0,0
2021-05-18,66654060,8122321,8361466,277998,5000,0
2021-05-19,73317703,13831722,7168079,432808,154810,0
2021-05-20,75826309,12164789,9656183,562442,170408,40774
2021-05-21,74675911,5640851,6791249,602457,42215,2200
2021-05-24,73130783,2407267,3952395,492129,7346,117674
2021-05-25,72017342,2951338,4064779,530643,59714,21200
2021-05-26,73961569,8978357,7034130,572622,73179,31200
2021-05-27,72179698,4636919,6418790,561556,27700,38766
2021-05-28,71040938,4498605,5637365,545134,21961,38383
2021-05-31,75386305,11046673,6701306,386877,50318,208575
2021-06-01,73775075,7102957,8714187,359318,9974,37533
2021-06-02,76276949,10604332,8102458,392029,60068,27357
2021-06-03,72610526,5821444,9487867,396940,34512,29601
2021-06-04,72634002,2804507,2781031,429234,38845,6551
2021-06-07,72924497,2887586,2597091,317534,3200,114900
2021-06-08,72290919,2626394,3259972,322134,27296,22696
2021-06-09,73413845,7861981,6739055,317359,9625,14400
2021-06-10,71495784,4430000,6348061,304071,14400,27688
2021-06-11,71104981,2762444,3153247,395171,97300,6200
2021-06-15,69067493,1750329,3787817,356242,5400,44329
2021-06-16,68800159,1930137,2197471,341891,10568,24919
2021-06-17,67759153,678116,1719122,294513,7296,54674
2021-06-18,69589480,3699204,1868877,303297,12520,3736
2021-06-21,70903183,5760730,4447027,275103,3300,31494
2021-06-22,67008933,2510673,6404923,329503,57900,3500
2021-06-23,66534390,1564011,2038554,337719,19200,10984
2021-06-24,66492152,1693266,1735504,550703,213500,516
2021-06-25,66420060,1268088,1320300,665178,115200,725
2021-06-28,66193190,1075273,1302143,557003,2400,110575
2021-06-29,65824485,1005103,1373808,558750,1747,0
2021-06-30,65364017,1601356,2061824,558750,0,0
2021-07-01,64505703,2263619,3121933,564975,8625,2400
2021-07-02,61946121,1763888,4323470,562960,0,2015
2021-07-05,60861765,837654,1922010,658422,100200,4738
2021-07-06,61172764,1934664,1623665,639822,800,19400
2021-07-07,60857483,988510,1303791,622627,1877,19072
2021-07-08,62264768,2954839,1547554,631332,10582,1877
2021-07-09,63174319,3108059,2198508,630850,6900,7382
2021-07-12,62361949,1111727,1924097,625676,0,5174
2021-07-13,62191708,1010026,1180267,623950,0,1726
2021-07-14,61875760,1913909,2229857,627640,3690,0
2021-07-15,61771769,2990947,3094938,629540,1900,0
2021-07-16,61384107,1877453,2265115,613050,6910,23400
2021-07-19,62192575,2090416,1281948,606768,0,6282
2021-07-20,62184364,702230,710441,505321,0,101447
2021-07-21,61832644,900794,1271174,392421,1900,114800
2021-07-22,61333280,1206045,1705409,214603,12182,190000
2021-07-23,61428275,1004403,909408,320903,115900,9600
2021-07-26,60833918,1592123,2186480,321605,702,0
2021-07-27,60680682,1063208,1216444,318603,0,3002
2021-07-28,59801869,918086,1796899,318603,0,0
2021-07-29,60786383,2020614,1036100,318603,0,0
2021-07-30,62382878,4324994,2728499,425303,106700,0
2021-08-02,60936718,1278484,2724644,425303,0,0
2021-08-03,59699972,2087496,3324242,425303,0,0
2021-08-04,60852058,2268138,1128639,426146,843,0
2021-08-05,61357812,4124254,3618500,425946,0,200
2021-08-06,61799364,2582804,2141252,440890,14944,0
2021-08-09,63989683,3623099,1432780,440890,0,0
2021-08-10,63677405,1172282,1484560,431885,2600,11605
2021-08-11,63286778,974322,1375189,431885,0,0
2021-08-12,62612014,761929,1436693,431685,0,200
2021-08-13,61228798,1536911,2920127,431685,0,0
2021-08-16,61308217,585890,506471,431685,0,0
2021-08-17,61173726,1777022,1911513,421441,0,10244
2021-08-18,60999764,1006828,1180790,419341,0,2100
2021-08-19,60869144,523189,653809,420841,1500,0
2021-08-20,61195922,773951,447173,421141,300,0
2021-08-23,60856551,316773,656144,421141,0,0
2021-08-24,60558315,598530,896766,334741,11200,97600
2021-08-25,61402630,1547521,703206,334741,0,0
2021-08-26,61173342,4230317,4459605,336941,2200,0
2021-08-27,61708752,1406237,870827,434541,97600,0
2021-08-30,59073199,1172568,3808121,434541,0,0
2021-08-31,59763560,2459443,1769082,434541,0,0
2021-09-01,58958806,270627,1075381,431141,2000,5400
2021-09-02,59257153,1307674,1009327,431141,0,0
2021-09-03,60475094,2256710,1038769,398585,4787,37343
2021-09-06,60235332,1555351,1795113,402081,3496,0
2021-09-07,60690656,1655189,1199865,402081,0,0
2021-09-08,61050960,1529738,1169434,402081,0,0
2021-09-09,58348017,1328129,4031072,407185,8000,2896
2021-09-10,58684272,2345201,2008946,394685,0,12500
2021-09-13,58716316,1022523,990479,389785,4500,9400
2021-09-14,58250307,1619936,2085945,385469,0,4316
2021-09-15,58344917,1282866,1058233,382398,0,3071
2021-09-16,58037639,964946,1272224,382398,0,0
2021-09-17,58122010,685436,601065,382398,0,0
2021-09-22,57825772,580346,876584,382998,600,0
2021-09-23,57547782,453290,731280,383323,325,0
2021-09-24,57121801,172032,598013,383923,600,0
2021-09-27,58149710,1250125,222216,517320,146460,13063
2021-09-28,57745782,332520,736448,516383,0,937
2021-09-29,58192389,1420234,973627,504398,0,11985
2021-09-30,57377356,1071853,1886886,504398,0,0
2021-10-08,57127049,453105,703412,504398,0,0
2021-10-11,58888029,1932365,171385,505443,1045,0
2021-10-12,58624730,275264,538563,505643,200,0
2021-10-13,59195310,687600,117020,586643,81000,0
2021-10-14,60517951,1557542,234901,592564,5921,0
2021-10-15,60324665,367876,561162,593234,670,0
2021-10-18,60299339,642371,667697,599999,6765,0
2021-10-19,60063283,233409,469465,599999,0,0
2021-10-20,59968962,402885,497206,599999,0,0
2021-10-21,60069281,396779,296460,591319,0,8680
2021-10-22,59911859,181746,339168,599319,8000,0
2021-10-25,60118619,490763,284003,599319,0,0
2021-10-26,59883751,892276,1127144,599319,0,0
2021-10-27,59627767,535662,791646,536791,0,62528
2021-10-28,59776699,449945,301013,508319,0,28472
2021-10-29,59574386,335810,538123,464319,0,44000
2021-11-01,59444719,79882,209549,413519,0,50800
2021-11-02,59461198,322135,305656,332337,0,81182
2021-11-03,59246928,90500,304770,312726,0,19611
2021-11-04,59101231,111068,256765,290055,0,22671
2021-11-05,58737722,887819,1251328,270798,0,19257
2021-11-08,59148298,761691,351115,270798,0,0
2021-11-09,59139977,396790,405111,273298,2500,0
2021-11-10,59050042,528666,618601,273298,0,0
2021-11-11,59145724,696147,600465,273298,0,0
2021-11-12,58969116,184543,361151,265298,0,8000
2021-11-15,59531064,2566130,2004182,265298,0,0
2021-11-16,60123367,725019,132716,287209,21911,0
2021-11-17,59624562,158972,657777,316060,28851,0
2021-11-18,58997448,496793,1123907,354104,40544,2500
2021-11-19,58898415,336427,435460,370507,16403,0
2021-11-22,57957550,368885,1309750,373001,2494,0
2021-11-23,56783517,316498,1490531,373001,0,0
2021-11-24,57563693,1164987,384811,375201,2200,0
2021-11-25,57205958,1352647,1710382,283258,4447,96390
2021-11-26,56287551,129566,1047973,269445,0,13813
2021-11-29,56301871,818224,803904,269554,109,0
2021-11-30,57305478,2221832,1218225,269954,400,0
2021-12-01,57414564,415295,306209,287654,17700,0
2021-12-02,56898437,709952,1226079,261483,14600,40771
2021-12-03,56815595,391011,473853,217156,16800,61127
2021-12-06,57285254,1627095,1157436,209400,0,7756
2021-12-07,57169247,724621,840628,209400,0,0
2021-12-08,58242298,1545717,472666,209400,0,0
2021-12-09,58087667,940044,1094675,176700,1200,33900
2021-12-10,57457969,576676,1206374,176700,0,0
2021-12-13,57503758,501780,455991,176700,0,0
2021-12-14,56224914,1519132,2797976,162100,0,14600
2021-12-15,56151603,634719,708030,161700,0,400
2021-12-16,55815805,159270,538243,151700,15400,25400
2021-12-17,56238883,1134120,711042,151700,0,0
2021-12-20,56956863,1169588,451608,151700,0,0
2021-12-21,57138779,588188,419045,139800,0,11900
2021-12-22,56999765,330451,469465,139800,0,0
2021-12-23,56465578,977660,1511847,139800,0,0
2021-12-24,56821793,783691,427476,139800,0,0
