日期,融资余额(元),融资买入额(元),融资偿还额(元),融券余量,融券卖出量,融券偿还量
2020-08-20,39099305,42035665,2936360,1035638,1035638,0
2020-08-21,44897890,23581886,18237529,580269,86690,542059
2020-08-24,47632709,19490446,16755627,580353,181587,181503
2020-08-25,53836213,49157151,42953647,691869,224219,112703
2020-08-26,45195591,15979116,24619738,640400,93458,144927
2020-08-27,48011427,12641874,9826038,659872,46359,26887
2020-08-28,46491929,8287123,9806621,637145,9132,31859
2020-08-31,53708530,13917945,6701344,625490,23000,34655
2020-09-01,52721317,5014475,6001688,613836,31254,19908
2020-09-02,52805483,8966689,8882523,609269,26644,31211
2020-09-03,48778294,4049597,8076786,442114,27777,194932
2020-09-04,46317644,4012547,6473197,413217,4800,33697
2020-09-07,47820275,7264402,5761771,426127,18098,5188
2020-09-08,47864433,3427939,3383781,393603,7301,39825
2020-09-09,48478464,6098655,5484624,403179,14744,5168
2020-09-10,47442325,3339033,4375172,384148,0,19031
2020-09-11,46160562,2307125,3588888,406464,34574,12258
2020-09-14,44024822,800652,2936392,405114,0,1350
2020-09-15,44355675,1590754,1914404,400412,10499,4001
2020-09-16,44741770,2353425,1967330,59968,0,340444
2020-09-17,42847613,6824360,8718517,59968,0,0
2020-09-18,42173182,2456852,3131283,59968,0,0
2020-09-21,44489546,3732432,1416068,68468,8500,0
2020-09-22,44325700,4023771,4269589,68468,0,0
2020-09-23,45317718,5809263,4817245,68468,0,0
2020-09-24,41939867,1412426,4790277,59968,0,8500
2020-09-25,43412873,3500384,2027378,59968,0,0
2020-09-28,40357449,1444354,4499778,79968,20000,0
2020-09-29,40133414,1172950,1396985,79968,0,0
2020-09-30,39936024,922172,1119562,79968,0,0
2020-10-09,39475787,2128793,3106192,79968,0,0
2020-10-12,39567249,3169924,3078462,79968,0,0
2020-10-13,40924024,3599550,2242775,81368,1400,0
2020-10-14,41882707,2762052,1803369,61368,0,20000
2020-10-15,44574109,4636648,1945246,87068,25700,0
2020-10-16,45223388,7347213,6697934,90268,3200,0
2020-10-19,46301487,6137836,5059737,90268,0,0
2020-10-20,45027351,3281890,4556026,100268,10000,0
2020-10-21,44264974,3468901,4231278,124898,24630,0
2020-10-22,46853238,11891187,9302923,129316,4418,0
2020-10-23,48196147,8561583,7218674,130398,1082,0
2020-10-26,52523701,10564228,6236674,130598,200,0
2020-10-27,54931570,6504810,4096941,137143,6545,0
2020-10-28,55320351,7000906,6612125,137143,0,0
2020-10-29,52012142,5350519,8658728,139078,1935,0
2020-10-30,51970929,6839322,6880535,139078,0,0
2020-11-02,52028763,5226599,5168765,103578,0,35500
2020-11-03,51897193,3940608,4072178,103578,0,0
2020-11-04,53767835,3527828,1657186,139007,35429,0
2020-11-05,52513355,3828328,5082808,139007,0,0
2020-11-06,49320843,5040289,8232801,121478,0,17529
2020-11-09,47924984,3782704,5178563,103578,0,17900
2020-11-10,50664659,8182593,5442918,103578,0,0
2020-11-11,51901376,5478513,4241796,97033,0,6545
2020-11-12,53363477,3173140,1711039,132533,35500,0
2020-11-13,51904419,1435597,2894655,242760,110227,0
2020-11-16,52493109,2064924,1476234,244497,1737,0
2020-11-17,54253672,3644389,1883826,250097,5600,0
2020-11-18,53117156,1382440,2518956,207333,0,42764
2020-11-19,52737522,1998542,2378176,207333,0,0
2020-11-20,50896191,1874907,3716238,207333,0,0
2020-11-23,51830791,2736673,1802073,207333,0,0
2020-11-24,51828185,2006913,2009519,205398,0,1935
2020-11-25,51533421,2270288,2565052,205398,0,0
2020-11-26,54149639,4796108,2241996,205398,0,0
2020-11-27,55040848,1862119,970910,205398,0,0
2020-11-30,55465311,1823636,1399173,205398,0,0
2020-12-01,54284802,1937217,3117726,205398,0,0
2020-12-02,55256047,2177901,1206656,205398,0,0
2020-12-03,54624988,3044904,3675963,206990,1592,0
2020-12-04,54688121,1442138,1379005,206990,0,0
2020-12-07,54669106,1454471,1473486,206990,0,0
2020-12-08,54321521,569310,916895,206990,0,0
2020-12-09,55021394,2210612,1510739,147022,0,59968
2020-12-10,55953680,1794102,861816,147022,0,0
2020-12-11,56876572,3766635,2843743,149830,2808,0
2020-12-14,55642514,804693,2038751,149830,0,0
2020-12-15,55581458,787468,848524,134030,0,15800
2020-12-16,55535386,929975,976047,123700,0,10330
2020-12-17,55252979,1099519,1381926,123700,0,0
2020-12-18,52933412,1153179,3472746,123700,0,0
2020-12-21,52560955,894940,1267397,117700,0,6000
2020-12-22,51897458,1375778,2039275,117700,0,0
2020-12-23,52732660,2353076,1517874,117700,0,0
2020-12-24,53998059,2235661,970262,117700,0,0
2020-12-25,54001593,316646,313112,117700,0,0
2020-12-28,53817778,1091023,1274838,117700,0,0
2020-12-29,53505348,149577,462007,117700,0,0
2020-12-30,53662186,795446,623949,117700,0,0
2020-12-31,53758781,886134,789539,117700,0,0
2021-01-04,54583137,1749034,924678,117700,0,0
2021-01-05,57903453,4752797,1432481,117700,0,0
2021-01-06,59097708,3361788,2167533,107700,0,10000
2021-01-07,59487754,2271413,1873276,107700,0,0
2021-01-08,60892690,2357573,952637,119077,11377,0
2021-01-11,60443707,678796,1127779,119077,0,0
2021-01-12,58976015,278509,1746201,119077,0,0
2021-01-13,59376323,1827076,1426768,164577,45500,0
2021-01-14,55309526,1707548,5774345,119077,0,45500
2021-01-15,53340853,1602765,3571438,119077,0,0
2021-01-18,53046815,464699,758737,144077,28000,3000
2021-01-19,53678656,1550418,918577,144077,0,0
2021-01-20,52571495,456117,1563278,144077,0,0
2021-01-21,52794272,2411391,2188614,144077,0,0
2021-01-22,52681527,4237601,4350346,144077,0,0
2021-01-25,56548252,6600678,2733953,194216,50139,0
2021-01-26,57424970,2603116,1726398,199079,4863,0
2021-01-27,56506883,888379,1806466,199079,0,0
2021-01-28,55879683,814130,1441330,153726,0,45353
2021-01-29,56044444,1501897,1337136,153726,0,0
2021-02-01,55510370,845677,1379751,153726,0,0
2021-02-02,54847276,632622,1212577,153726,0,0
2021-02-03,54248875,246722,845123,153726,0,0
2021-02-04,53514193,1009300,1743982,153726,0,0
2021-02-05,50337534,1777008,4953667,153726,0,0
2021-02-08,50440227,1736669,1633976,153726,0,0
2021-02-09,50348064,1365790,1457953,153726,0,0
2021-02-10,49514725,2488043,3321382,49026,0,104700
2021-02-18,47568991,1501020,3446754,49326,300,0
2021-02-19,46898509,1535716,2206198,99326,50000,0
2021-02-22,49446304,4432455,1884660,49326,0,50000
2021-02-23,49479964,2141146,2107486,49326,0,0
2021-02-24,49778315,2173323,1874972,49326,0,0
2021-02-25,50013744,2187609,1952180,49326,0,0
2021-02-26,49673283,1268846,1609307,49326,0,0
2021-03-01,49530254,949733,1092762,49326,0,0
2021-03-02,49965509,1369791,934536,49326,0,0
2021-03-03,49192995,679723,1452237,39377,0,9949
2021-03-04,49948778,1910916,1155133,14177,0,25200
2021-03-05,49905774,1221338,1264342,14177,0,0
2021-03-08,49871615,2361126,2395285,14177,0,0
2021-03-09,49751255,2654115,2774475,14177,0,0
2021-03-10,49889285,1040526,902496,14177,0,0
2021-03-11,49772996,902570,1018859,14177,0,0
2021-03-12,48597614,471951,1647333,14177,0,0
2021-03-15,48862659,583089,318044,14177,0,0
2021-03-16,48912293,2031801,1982167,14977,800,0
2021-03-17,47467561,949114,2393846,14977,0,0
2021-03-18,47799948,1115364,782977,59180,45003,800
2021-03-19,46369112,1065659,2496495,14177,0,45003
2021-03-22,47562292,2333349,1140169,14177,0,0
2021-03-23,48582185,1512574,492681,14177,0,0
2021-03-24,47191560,1348447,2739072,14177,0,0
2021-03-25,46751299,819463,1259724,14177,0,0
2021-03-26,46241572,389874,899601,11378,0,2799
2021-03-29,46649261,717596,309907,11378,0,0
2021-03-30,47069785,1369582,949058,11378,0,0
2021-03-31,47417880,882220,534125,11378,0,0
2021-04-01,46619640,408934,1207174,53221,41843,0
2021-04-02,45800334,303913,1123219,69178,15957,0
2021-04-06,45454371,565842,911805,69177,0,1
2021-04-07,45053658,650585,1051298,104556,35379,0
2021-04-08,44950476,2128928,2232110,165002,60446,0
2021-04-09,45105676,1121101,965901,187315,22313,0
2021-04-12,45567063,1009624,548237,215738,28423,0
2021-04-13,44583445,409985,1393603,234045,18307,0
2021-04-14,47000158,3947981,1531268,234045,0,0
2021-04-15,47412168,1568446,1156436,255112,21067,0
2021-04-16,47657850,4463619,4217937,279177,24065,0
2021-04-19,46047582,3412268,5022536,279177,0,0
2021-04-20,46206908,3172932,3013606,279177,0,0
2021-04-21,44117114,1853049,3942843,287477,8300,0
2021-04-22,44027971,1399299,1488442,282377,0,5100
2021-04-23,44679482,5343543,4692032,333377,54200,3200
2021-04-26,46403356,9600217,7876343,273677,3200,62900
2021-04-27,47099925,4506415,3809846,275577,5100,3200
2021-04-28,47809305,4355221,3645841,273677,3200,5100
2021-04-29,48591660,5043674,4261319,221290,16413,68800
2021-04-30,48151338,2338848,2779170,290190,74000,5100
2021-05-06,48481361,2677704,2347681,293090,6100,3200
2021-05-07,49611585,3527474,2397250,428124,140034,5000
2021-05-10,46381778,1574901,4804708,518722,90598,0
2021-05-11,44761874,1097248,2717152,544327,28468,2863
2021-05-12,45463477,3240360,2538757,546690,5300,2937
2021-05-13,47043939,3999950,2419488,546646,5256,5300
2021-05-14,44955317,3207950,5296572,554028,8499,1117
2021-05-17,45605987,4615839,3965169,545777,6284,14535
2021-05-18,43459918,4181341,6327410,509087,14710,51400
2021-05-19,44641422,3059101,1877597,505387,2300,6000
2021-05-20,40897748,3035270,6778944,509087,6000,2300
2021-05-21,44510049,6197382,2585081,503887,800,6000
2021-05-24,45837375,3323494,1996168,510587,7500,800
2021-05-25,45839487,2516926,2514814,498287,1200,13500
2021-05-26,39078020,6204505,12965972,504987,7500,800
2021-05-27,39401835,5726640,5402825,499087,1600,7500
2021-05-28,41868853,5182736,2715718,505487,7500,1100
2021-05-31,42957231,3981125,2892747,500087,2100,7500
2021-06-01,42400624,5200078,5756685,505287,6400,1200
2021-06-02,43470730,5013898,3943792,587887,88200,5600
2021-06-03,43200834,1918344,2188240,591487,6300,2700
2021-06-04,43137543,2426943,2490234,642487,56473,5473
2021-06-07,44065338,1631085,703290,645387,5600,2700
2021-06-08,43289873,2167780,2943245,638987,0,6400
2021-06-09,43870572,1861226,1280527,644494,5507,0
2021-06-10,42417928,1664662,3117306,643147,1100,2447
2021-06-11,45999181,5105091,1523838,632628,0,10519
2021-06-15,46219995,2242776,2021962,621351,2745,14022
2021-06-16,44836269,629040,2012766,618606,0,2745
2021-06-17,44075761,1352451,2112959,564706,0,53900
2021-06-18,43943191,1889452,2022022,565806,1100,0
2021-06-21,44129230,2322453,2136414,565806,0,0
2021-06-22,44180384,2044979,1993825,563006,0,2800
2021-06-23,43325275,993243,1848352,561906,0,1100
2021-06-24,43020730,1703246,2007791,561906,0,0
2021-06-25,43736306,2166348,1438779,563606,1700,0
2021-06-28,45449904,3434303,1720705,617506,53900,0
2021-06-29,46005122,1642585,1087367,617506,0,0
2021-06-30,45969964,3322598,3357756,563606,0,53900
2021-07-01,45027641,1335290,2277613,354806,1200,210000
2021-07-02,44643937,1138174,1521878,353635,0,1171
2021-07-05,46823957,4868791,2688771,351106,571,3100
2021-07-06,47291093,2050903,1583767,352906,1800,0
2021-07-07,46825455,846219,1311857,351706,0,1200
2021-07-08,46752896,2518108,2590667,274635,600,77671
2021-07-09,46633448,1992744,2112192,405482,131447,600
2021-07-12,48142877,4821102,3311673,405482,0,0
2021-07-13,47815731,1464635,1791781,403882,0,1600
2021-07-14,52378977,6545931,1982685,403882,0,0
2021-07-15,54778067,4319563,1920473,412591,8709,0
2021-07-16,54774246,1347456,1351277,359391,0,53200
2021-07-19,52256453,2031711,4549504,412591,53200,0
2021-07-20,52018478,824830,1062805,412591,0,0
2021-07-21,53352950,2945813,1611341,412791,200,0
2021-07-22,53659214,1436953,1130689,413791,1000,0
2021-07-23,53627882,842950,874282,358891,0,54900
2021-07-26,57742202,5511393,1397073,358891,0,0
2021-07-27,58340368,1620076,1021910,418091,59200,0
2021-07-28,57653798,1821252,2507822,373691,0,44400
2021-07-29,58971519,2835731,1518010,385991,12300,0
2021-07-30,60906819,4521992,2586692,366391,2400,22000
2021-08-02,59585866,2013248,3334201,412091,45700,0
2021-08-03,58024841,1884797,3445822,459191,47100,0
2021-08-04,56687024,1741912,3079729,506491,47300,0
2021-08-05,56598623,2038266,2126667,506491,0,0
2021-08-06,58503197,2805761,901187,579491,73000,0
2021-08-09,58642329,1330139,1191007,579491,0,0
2021-08-10,58432749,851946,1061526,579491,0,0
2021-08-11,60379676,3499422,1440669,579491,0,0
2021-08-12,57486682,1929644,4822638,579491,0,0
2021-08-13,59005853,2395186,876015,581085,1594,0
2021-08-16,59406121,1402274,1002006,581085,0,0
2021-08-17,61313919,3064967,1157169,581085,0,0
2021-08-18,62490434,1920602,744087,666891,85806,0
2021-08-19,63834962,2510469,1165941,850667,259776,76000
2021-08-20,65137701,2780900,1478161,631289,0,219378
2021-08-23,68836980,5946126,2246847,487843,0,143446
2021-08-24,70969163,5782874,3650691,437709,0,50134
2021-08-25,73433475,6565509,4101197,437709,0,0
2021-08-26,76392717,5155568,2196326,447709,10000,0
2021-08-27,78678046,3227166,941837,448909,1200,0
2021-08-30,78539247,2775292,2914091,455309,6400,0
2021-08-31,78313984,1369798,1595061,437747,1238,18800
2021-09-01,79485873,2987968,1816079,494732,56985,0
2021-09-02,81433435,3047443,1099881,445309,1500,50923
2021-09-03,81728509,2085593,1790519,507009,61700,0
2021-09-06,83577777,3613903,1764635,499209,6100,13900
2021-09-07,81870292,1777381,3484866,498009,0,1200
2021-09-08,84796030,4601863,1676125,498009,0,0
2021-09-09,84889933,2141641,2047738,498009,0,0
2021-09-10,84138882,1087384,1838435,498009,0,0
2021-09-13,83180861,527300,1485321,498009,0,0
2021-09-14,79667403,1364957,4878415,498009,0,0
2021-09-15,79945371,732877,504247,498009,0,0
2021-09-16,76641233,925055,4229193,507309,9300,0
2021-09-17,74503755,658615,2796093,514468,7159,0
2021-09-22,74312269,510322,701808,514468,0,0
2021-09-23,74628066,1169321,853524,510068,0,4400
2021-09-24,74614058,495862,509870,510068,0,0
2021-09-27,73990612,633276,1256722,514424,4356,0
2021-09-28,72163575,360659,2187696,514424,0,0
2021-09-29,72575262,574375,162688,514424,0,0
2021-09-30,71761047,78941,893156,505515,0,8909
2021-10-08,71744164,410936,427819,505515,0,0
2021-10-11,71954656,646395,435903,505515,0,0
2021-10-12,71721397,469862,703121,505915,400,0
2021-10-13,72441287,1285198,565308,495215,1900,12600
2021-10-14,72427228,397936,411995,497383,2168,0
2021-10-15,72246444,286654,467438,498689,1306,0
2021-10-18,71753203,518070,1011311,509879,11190,0
2021-10-19,70990977,681359,1443585,505568,0,4311
2021-10-20,70442346,959522,1508153,495005,0,10563
2021-10-21,70055639,430676,817383,505700,10695,0
2021-10-22,69534269,239751,761121,506449,749,0
2021-10-25,69449572,459956,544653,486354,1300,21395
2021-10-26,69961730,2246646,1734488,440161,2912,49105
2021-10-27,70950966,1855172,865936,475299,35138,0
2021-10-28,70790475,2315504,2475995,499161,32162,8300
2021-10-29,69806774,791386,1775087,500261,1100,0
2021-11-01,69757375,439026,488425,480431,3700,23530
2021-11-02,69374719,114354,497010,448449,0,31982
2021-11-03,69774967,763602,363354,437361,0,11088
2021-11-04,69573388,142359,343938,438461,1100,0
2021-11-05,69316298,475531,732621,438461,0,0
2021-11-08,69169883,373269,519684,438461,0,0
2021-11-09,68993103,394917,571697,432361,0,6100
2021-11-10,69088646,475276,379733,425961,0,6400
2021-11-11,68767633,341808,662821,377561,0,48400
2021-11-12,68921758,580606,426481,387361,9800,0
2021-11-15,68663668,669870,927960,387361,0,0
2021-11-16,68343258,442470,762880,387361,0,0
2021-11-17,68263070,570365,650553,390361,4000,1000
2021-11-18,67593418,566318,1235970,390761,400,0
2021-11-19,67022812,273379,843985,386200,0,4561
2021-11-22,66956934,167488,233366,390278,4078,0
2021-11-23,67111956,1054064,899042,380986,508,9800
2021-11-24,66848807,913540,1176689,378338,1430,4078
2021-11-25,71219520,7920104,3549391,387308,8970,0
2021-11-26,72230182,2086747,1076085,387308,0,0
2021-11-29,73867629,3708282,2070835,378100,1600,10808
2021-11-30,75998443,4497131,2366317,376800,300,1600
2021-12-01,76430399,3937288,3505332,376800,0,0
2021-12-02,76961530,1329838,798149,376800,0,0
2021-12-03,74936902,649861,2674489,377800,1000,0
2021-12-06,75783560,2770517,1923859,371000,0,6800
2021-12-07,72507403,1333257,4609414,372645,1645,0
2021-12-08,73829788,1531978,209593,372645,0,0
2021-12-09,72599489,1815741,3046040,347964,3319,28000
2021-12-10,72842606,710325,467208,350464,2500,0
2021-12-13,70906393,999494,2935707,350464,0,0
2021-12-14,70863777,1052139,1123707,330564,0,19900
2021-12-15,71210583,1081341,734535,325400,0,5164
2021-12-16,71049811,939806,1100578,325400,0,0
2021-12-17,76102556,6083406,1030661,315600,7800,17600
2021-12-20,91159587,16584255,1527224,315600,0,0
2021-12-21,93663162,3401431,1295402,390391,78391,3600
2021-12-22,96066007,3574019,1171174,406747,16356,0
2021-12-23,99817245,5428497,1677259,410216,3469,0
2021-12-24,99202642,1511733,2126336,410216,0,0
