日期,融资余额(元),融资买入额(元),融资偿还额(元),融券余量,融券卖出量,融券偿还量
2021-07-28,36313099,43815292,7502193,5232317,5232317,0
2021-07-29,40058296,43397881,39652684,2831815,597548,2998050
2021-07-30,41233857,34647204,33471643,2935069,797505,694251
2021-08-02,57541597,52136628,35485554,2881333,799314,833911
2021-08-03,55747629,35881011,37674979,2691006,373449,563776
2021-08-04,68825541,38131326,24889019,2535452,335021,490575
2021-08-05,60792111,22702218,30735648,2282005,225808,479255
2021-08-06,66446916,34865081,29210276,2529136,616397,369266
2021-08-09,71414741,49145430,44177605,2909718,791283,410701
2021-08-10,63120189,30861044,38884819,2542647,286556,653627
2021-08-11,63065061,17313041,16538053,2128386,107137,521398
2021-08-12,69265402,30850943,24650602,2088855,372398,411929
2021-08-13,84586305,45298510,29977607,2252928,498699,334626
2021-08-16,82840020,20094143,21840428,2039954,111479,324453
2021-08-17,81078459,18831266,20592827,1971377,155685,224262
2021-08-18,82268142,19156456,17966773,1817387,83530,237520
2021-08-19,76596309,20698296,26370129,1780296,158762,195853
2021-08-20,68875085,8216184,15937408,1711201,93968,163063
2021-08-23,68299588,14039039,14614536,1705720,244243,249724
2021-08-24,63942821,15780786,20137553,74100,0,1631620
2021-08-25,63911629,16711770,16742962,0,0,74100
2021-08-26,75520219,22459305,10850715,230389,230389,0
2021-08-27,62155876,10643190,24007533,331623,147200,45966
2021-08-30,56039217,10892531,17009190,263230,35705,104098
2021-08-31,57074355,8072972,7037834,282913,81042,61359
2021-09-01,56341234,7068098,7801219,340489,82919,25343
2021-09-02,58945322,9089620,6485532,364982,64888,40395
2021-09-03,53796702,3298399,8447019,390499,48717,23200
2021-09-06,55727543,7551599,5620758,456844,91706,25361
2021-09-07,57088596,5921983,4560930,710158,283157,29843
2021-09-08,54343310,11663815,14409101,705974,75989,80173
2021-09-09,51664222,7784193,10463281,690627,22242,37589
2021-09-10,47137777,7825416,12351861,694044,38359,34942
2021-09-13,45028389,5717446,7826834,700801,20251,13494
2021-09-14,44673072,6930191,7285508,692701,24000,32100
2021-09-15,43881326,3603387,4557008,695860,31575,32397
2021-09-16,37901830,7236913,13216409,736763,77578,36675
2021-09-17,35557368,3702652,6047114,722685,59900,73978
2021-09-22,35839137,3359607,3077838,593285,5300,134700
2021-09-23,37330867,4035058,2543328,597247,24477,20515
2021-09-24,36416084,1374893,2289676,577852,8651,28046
2021-09-27,35815030,2206238,2807292,580485,14419,11786
2021-09-28,34553430,662269,1923869,562199,7529,25815
2021-09-29,34272572,1798727,2079585,512883,15210,64526
2021-09-30,33425315,1449125,2296382,500248,2212,14847
2021-10-08,32776257,1533930,2182988,501196,5048,4100
2021-10-11,34426912,3801987,2151332,518461,17265,0
2021-10-12,30267141,2492971,6652742,580590,76329,14200
2021-10-13,29238391,465754,1494504,628072,54765,7283
2021-10-14,28419629,528721,1347483,643480,62108,46700
2021-10-15,28148966,829722,1100385,647383,22629,18726
2021-10-18,28388741,439224,199449,638743,388,9028
2021-10-19,28743588,958146,603299,599090,10389,50042
2021-10-20,29009411,858085,592262,573510,6900,32480
2021-10-21,28508204,911695,1412902,608952,50243,14801
2021-10-22,27983390,337592,862406,604952,1000,5000
2021-10-25,29801403,2443448,625435,598632,5280,11600
2021-10-26,30610271,3639800,2830932,515238,5300,88694
2021-10-27,30933618,2524549,2201202,525195,17657,7700
2021-10-28,29727028,1897415,3104005,576855,69661,18001
2021-10-29,29457618,1043242,1312652,623788,50101,3168
2021-11-01,29867816,3411867,3001669,639679,34580,18689
2021-11-02,29438588,2835699,3264927,648814,21585,12450
2021-11-03,29714272,1755244,1479560,645329,3980,7465
2021-11-04,29535306,1396565,1575531,566345,4092,83076
2021-11-05,30715770,2618623,1438159,585979,21566,1932
2021-11-08,32978572,3490430,1227628,592421,20653,14211
2021-11-09,33264077,3859077,3573572,596313,7201,3309
2021-11-10,33953418,1211496,522155,589506,152,6959
2021-11-11,33330862,2463462,3086018,604558,16230,1178
2021-11-12,31915233,1321513,2737142,608611,5860,1807
2021-11-15,28777377,335063,3472919,606307,4700,7004
2021-11-16,26428972,1539221,3887626,605813,1000,1494
2021-11-17,31633689,13377564,8172847,613406,10523,2930
2021-11-18,50942425,33458000,14149264,663646,66274,16034
2021-11-19,48615046,10676923,13004302,747524,113978,30100
2021-11-22,51450733,8492035,5656348,773751,59554,33327
2021-11-23,54501793,7516480,4485901,809766,89371,53356
2021-11-24,50841843,4305965,7965915,839295,51083,21554
2021-11-25,50323164,5255648,5774327,847788,29864,21371
2021-11-26,52780294,16095164,13638034,890331,84591,42048
2021-11-29,50839059,8508904,10450139,904415,64316,50232
2021-11-30,54305625,10769979,7406189,905362,72587,71640
2021-12-01,53893060,4471086,4883651,814967,21282,111677
2021-12-02,55970129,5582167,3505098,798739,16342,32570
2021-12-03,53422089,1962860,4510900,799432,16416,15723
2021-12-06,49814247,4533455,8141297,761253,28709,66888
2021-12-07,45125968,4213724,8902003,755941,42625,47937
2021-12-08,47903484,5169136,2391620,763121,32075,24895
2021-12-09,49432390,4233906,2705000,772235,17072,7958
2021-12-10,52645950,7538642,4325082,768734,56138,59639
2021-12-13,51694081,3128672,4080541,641170,22564,150128
2021-12-14,53969794,5092675,2875921,644023,18622,15769
2021-12-15,53268001,4233768,4935561,534168,78298,188153
2021-12-16,50473460,1860034,4492495,495783,6563,44948
2021-12-17,54003930,6578890,3048420,398158,9301,106926
2021-12-20,54943818,3058944,2119056,389969,8947,17136
2021-12-21,54502668,1250135,1688268,403232,23500,10237
2021-12-22,56698475,3808917,1613110,388225,9600,24607
2021-12-23,52224527,2195924,6669872,396218,11393,3400
2021-12-24,50182598,1388483,3430412,329908,500,66810
