日期,融资余额(元),融资买入额(元),融资偿还额(元),融券余量,融券卖出量,融券偿还量
2021-07-12,387149,504706,117557,0,0,0
2021-07-13,2156281,1911660,142528,0,0,0
2021-07-14,3370227,2599364,1385418,0,0,0
2021-07-15,3847409,763857,286675,0,0,0
2021-07-16,4569963,1124285,401731,0,0,0
2021-07-19,4797478,1463806,1236291,0,0,0
2021-07-20,6079676,1828177,545979,0,0,0
2021-07-21,7957542,3356276,1497221,0,0,0
2021-07-22,7391479,2014797,2580860,0,0,0
2021-07-23,8033661,1655843,1013661,0,0,0
2021-07-26,8581705,1371480,823436,0,0,0
2021-07-27,8663516,982923,901112,0,0,0
2021-07-28,11365935,3274030,571611,0,0,0
2021-07-29,10304896,927632,1988671,0,0,0
2021-07-30,9798535,515344,1021705,0,0,0
2021-08-02,10247149,909805,461191,0,0,0
2021-08-03,12587628,4260625,1920146,0,0,0
2021-08-04,13564777,2541081,1578363,0,0,0
2021-08-05,12068429,425504,1921852,0,0,0
2021-08-06,11728701,343680,683408,0,0,0
2021-08-09,11441544,807949,1095106,0,0,0
2021-08-10,16419764,6328265,1350045,0,0,0
2021-08-11,21480566,8553127,3146735,0,0,0
2021-08-12,31945244,19907661,9442983,0,0,0
2021-08-13,43175488,34083625,22853381,0,0,0
2021-08-16,48767959,12923836,7331365,0,0,0
2021-08-17,49192876,5057406,4632489,0,0,0
2021-08-18,48795305,3299779,3697350,0,0,0
2021-08-19,53990326,7914174,2719153,0,0,0
2021-08-20,53579252,1250573,1676167,0,0,0
2021-08-23,45470880,2199424,10307796,0,0,0
2021-08-24,44252588,5446264,6664556,0,0,0
2021-08-25,49274979,6786235,1763844,0,0,0
2021-08-26,49549665,2583343,2308657,0,0,0
2021-08-27,46807441,1862137,4604361,0,0,0
2021-08-30,40809411,389864,6387894,0,0,0
2021-08-31,40349672,1683272,2143011,0,0,0
2021-09-01,29586691,2600109,13363090,0,0,0
2021-09-02,24301279,1788016,7073428,0,0,0
2021-09-03,23332840,813670,1782109,0,0,0
2021-09-06,21606052,954800,2681588,0,0,0
2021-09-07,24552590,5036088,2089550,0,0,0
2021-09-08,37939188,18694153,5307555,0,0,0
2021-09-09,41554288,7680006,4064906,0,0,0
2021-09-10,42728592,1931543,757239,0,0,0
2021-09-13,44151898,6723961,5300655,0,0,0
2021-09-14,28515911,14328482,29964469,0,0,0
2021-09-15,32773924,15396286,11138273,0,0,0
2021-09-16,72955315,46056225,5874834,0,0,0
2021-09-17,78245576,21912532,16622271,0,0,0
2021-09-22,78196228,3388482,3437830,0,0,0
2021-09-23,77470372,1371756,2097612,0,0,0
2021-09-24,75391354,3545064,5624082,0,0,0
2021-09-27,75648652,4840528,4583230,0,0,0
2021-09-28,76016713,3390602,3022541,0,0,0
2021-09-29,72953140,1434350,4497923,0,0,0
2021-09-30,71404094,258469,1807515,0,0,0
2021-10-08,66572668,3534214,8365640,0,0,0
2021-10-11,67973439,4771083,3370312,0,0,0
2021-10-12,71102508,5389865,2260796,0,0,0
2021-10-13,75686611,6911856,2327753,0,0,0
2021-10-14,76132116,1953937,1508432,0,0,0
2021-10-15,75371887,2799229,3559458,0,0,0
2021-10-18,75927822,2024227,1468292,0,0,0
2021-10-19,77103070,3056430,1881182,0,0,0
2021-10-20,77386746,3512746,3229070,0,0,0
2021-10-21,77215479,833821,1005088,0,0,0
2021-10-22,76090250,600702,1725931,0,0,0
2021-10-25,76715767,1757590,1132073,0,0,0
2021-10-26,76519513,899809,1096063,0,0,0
2021-10-27,77130491,1263990,653012,0,0,0
2021-10-28,78920898,4376169,2585762,0,0,0
2021-10-29,79982601,3948503,2886800,0,0,0
2021-11-01,82603662,3543325,922264,0,0,0
2021-11-02,87153499,6965065,2415228,0,0,0
2021-11-03,90774139,4743154,1122514,0,0,0
2021-11-04,92631105,4314046,2457080,1900,1900,0
2021-11-05,91094666,1039240,2575679,300,300,1900
2021-11-08,91946288,1343579,491957,10200,10000,100
2021-11-09,93637798,6130953,4508193,35500,35500,10200
2021-11-10,98611078,10060919,5087639,35500,19500,19500
2021-11-11,98614214,1617196,1614060,25100,1400,11800
2021-11-12,100133855,3259561,1739920,24500,2600,3200
2021-11-15,98859269,3132864,4407450,16000,0,8500
2021-11-16,97430218,2801969,4231020,16000,0,0
2021-11-17,96187526,1668755,2911447,16000,0,0
2021-11-18,96883494,2292739,1596771,16000,0,0
2021-11-19,95788725,1369732,2464501,16000,0,0
2021-11-22,95725797,993492,1056420,16000,0,0
2021-11-23,96187347,1887033,1410490,16000,0,0
2021-11-24,95604058,994314,1577603,16000,0,0
2021-11-25,86641279,4767085,13729864,51000,35000,0
2021-11-26,88327269,4531248,2845258,51000,0,0
2021-11-29,90766660,8892863,6453472,51000,0,0
2021-11-30,93432917,8333343,5667086,16000,0,35000
2021-12-01,95574016,8973857,6832758,16000,0,0
2021-12-02,98287299,9389172,6702008,16000,0,0
2021-12-03,102295054,7678885,3685770,16000,0,0
2021-12-06,101736441,7162263,7720876,16000,0,0
2021-12-07,103882667,4183772,2037546,16000,0,0
2021-12-08,103919818,7865941,7828790,16000,0,0
2021-12-09,100405170,2589355,6104003,16000,0,0
2021-12-10,100554573,1200620,1051217,16000,0,0
2021-12-13,96753535,3045879,6846917,16000,0,0
2021-12-14,123871867,43023649,15895419,16000,0,0
2021-12-15,122129934,38845355,40587288,16000,0,0
2021-12-16,126703994,19690031,15115971,16000,0,0
2021-12-17,135623324,22090704,13171374,16000,0,0
2021-12-20,134772616,25557174,26407882,26000,10000,0
2021-12-21,137009749,31198954,28886341,39500,13500,0
2021-12-22,133433327,29847181,33423603,48400,12500,3600
2021-12-23,132306692,25968109,27094744,83400,35000,0
2021-12-24,128812992,20482445,23976145,81000,0,2400
2021-12-27,130767005,19124065,17170052,65000,0,16000
2021-12-28,140252949,15987393,6501449,30000,0,35000
2021-12-29,161149374,39527432,18708457,45300,15300,0
2021-12-30,151154663,49246776,59230229,46000,4000,3300
2021-12-31,153133844,40831247,38852066,66000,30000,10000
2022-01-04,166644200,55947271,41496780,66000,0,0
2022-01-05,175233620,26364103,17114203,76000,10000,0
2022-01-06,160685763,45606971,60154828,76000,0,0
2022-01-07,149078553,63781286,75961489,60100,100,16000
2022-01-10,167698420,68149725,49529858,40000,0,20100
2022-01-11,165251957,22343028,24789491,78000,38000,0
2022-01-12,164254341,45219357,46216973,71400,23400,30000
2022-01-13,153033959,27862294,39082676,61400,0,10000
2022-01-14,215400451,138759209,76392717,51400,0,10000
2022-01-17,204077928,47459113,58781636,61400,10000,0
2022-01-18,173631557,77386157,107832528,55000,15000,21400
2022-01-19,167374109,36758762,43016210,79000,24000,0
2022-01-20,141223793,32253922,58404238,79000,0,0
2022-01-21,130355364,25481700,36350129,40000,2500,41500
2022-01-24,123408615,14568177,21514926,40100,100,0
2022-01-25,114284294,13017530,22141851,30100,0,10000
2022-01-26,123358754,16072559,6998099,25100,0,5000
2022-01-27,122888717,7690962,8160999,25000,10000,10100
2022-01-28,118309055,5328376,9908038,15000,0,10000
2022-02-07,124554607,15062271,8722347,15000,0,0
2022-02-08,130953356,12953114,6554365,10000,5000,10000
2022-02-09,129061690,12739014,14630680,10000,0,0
2022-02-10,140324039,26885055,15622706,20000,10000,0
2022-02-11,133433511,5714960,12605488,20000,0,0
2022-02-14,128048491,4570104,9955124,20000,0,0
2022-02-15,127070061,4796691,5775121,20000,0,0
2022-02-16,122576566,12425064,16918559,44100,24100,0
2022-02-17,121406937,7806375,8976004,44100,0,0
2022-02-18,120042571,8085647,9450013,34100,0,10000
2022-02-21,126754293,15151629,8439907,34100,0,0
2022-02-22,127007065,7204304,6951532,34100,0,0
2022-02-23,129971852,17933031,14968244,34100,0,0
2022-02-24,131529234,14963489,13406107,24000,0,10100
2022-02-25,131102172,8807937,9234999,24000,0,0
2022-02-28,126818104,8123722,12407790,24000,0,0
2022-03-01,135795841,18263678,9285941,24000,0,0
2022-03-02,142322733,16566013,10039121,27400,3400,0
2022-03-03,138891002,14081712,17513443,29000,5000,3400
2022-03-04,135398067,14227006,17719941,39000,15000,5000
2022-03-07,138717730,12472474,9152811,29000,5000,15000
2022-03-08,138899224,7035030,6853536,65500,41500,5000
2022-03-09,134613362,6963444,11249306,69000,45000,41500
2022-03-10,134785648,5610921,5438635,75600,38100,31500
2022-03-11,139006290,11560128,7339486,69000,31500,38100
2022-03-14,135721522,12443386,15728154,71900,34400,31500
2022-03-15,135503033,10744974,10963463,69000,31500,34400
2022-03-16,136365868,12351978,11489143,71000,33500,31500
2022-03-17,123029959,9193340,22529249,65900,26900,32000
2022-03-18,124674969,9581800,7936790,55000,24300,35200
2022-03-21,131242971,12006258,5438256,24000,0,31000
2022-03-22,129548043,12256538,13951466,29000,5000,0
2022-03-23,123969455,14231080,19809668,29000,5000,5000
2022-03-24,130564197,40048777,33454035,29000,5000,5000
2022-03-25,139604215,22305268,13265250,29000,5000,5000
2022-03-28,140689831,9901407,8815791,29000,5000,5000
2022-03-29,142529810,17059052,15219073,27100,3100,5000
2022-03-30,146194624,20904352,17239538,29000,5000,3100
2022-03-31,156734009,32312081,21772696,29000,5000,5000
2022-04-01,164442926,31853277,24144360,29000,5000,5000
2022-04-06,162274686,18322014,20490254,29000,5000,5000
2022-04-07,165467996,35147542,31954232,29000,5000,5000
2022-04-08,145133872,8197341,28531465,29000,5000,5000
2022-04-11,133062297,7356209,19427784,29000,5000,5000
2022-04-12,128139389,2688556,7611464,29000,5000,5000
2022-04-13,131437726,6734330,3435993,24000,0,5000
2022-04-14,141395277,25047757,15090206,24000,0,0
2022-04-15,188911273,81765619,34249623,24000,0,0
2022-04-18,188603624,22998275,23305924,24000,0,0
2022-04-19,210138716,45047874,23512782,24000,0,0
2022-04-20,216474629,32316219,25980306,24000,0,0
2022-04-21,193446146,8463601,31492084,24000,0,0
2022-04-22,151006558,9222174,51661762,24000,0,0
2022-04-25,144949283,6432575,12489850,24000,0,0
2022-04-26,139419925,6376901,11906259,24000,0,0
2022-04-27,140586449,9008493,7841969,34000,10000,0
2022-04-28,139692878,6402664,7296235,34000,0,0
2022-04-29,133588627,5484356,11588607,34000,0,0
2022-05-05,146998772,29923714,16513569,34000,0,0
2022-05-06,151764789,20619744,15853727,34000,0,0
2022-05-09,142183187,23688102,33269704,34000,0,0
2022-05-10,143880862,21691885,19994210,1324000,1290000,0
2022-05-11,146772626,25212480,22320716,2493944,1169944,0
2022-05-12,142828871,6814054,10757809,2791844,297900,0
2022-05-13,145370728,15186042,12644185,2791844,1300,1300
2022-05-16,143501113,5657226,7526841,2791844,0,0
2022-05-17,135906848,4446474,12040739,2791844,7900,7900
2022-05-18,137502474,6977300,5381674,2791844,0,0
2022-05-19,133964767,7349415,10887122,2781844,2000,12000
2022-05-20,141042568,10658532,3580731,2777944,200,4100
2022-05-23,144356726,7246966,3932808,2781344,3400,0
2022-05-24,145290494,6925533,5991765,2781244,2200,2300
2022-05-25,145346358,3132629,3076765,2773944,0,7300
2022-05-26,145771055,5071262,4646565,2773944,0,0
2022-05-27,146855826,7072972,5988201,2773944,0,0
2022-05-30,143164868,6750570,10441528,2773944,0,0
2022-05-31,152388053,15932430,6709245,2773944,0,0
2022-06-01,153195579,7735926,6928400,2779744,5800,0
2022-06-02,143273673,6016364,15938270,2769744,0,10000
2022-06-06,147910864,13696079,9058888,2769744,2700,2700
2022-06-07,150361357,7546111,5095618,2775744,11800,5800
2022-06-08,145223400,7640514,12778471,2775744,6400,6400
2022-06-09,136367067,5612726,14639813,2775744,7100,7100
2022-06-10,128243004,1782452,9906515,2764044,0,11700
2022-06-13,127592727,6197338,6847615,2769444,12500,7100
2022-06-14,125978396,3995207,5609538,2761944,5000,12500
2022-06-15,126132910,9723480,9568966,2761944,5000,5000
2022-06-16,134613992,14167971,5686889,2761944,5000,5000
2022-06-17,133164206,4843610,6293396,2749944,0,12000
2022-06-20,133342137,5503720,5325789,3849922,0,0
2022-06-21,137377706,7924561,3888992,3849922,0,0
2022-06-22,137174609,15616870,15819967,3849922,0,0
2022-06-23,141339481,9276318,5111446,3849922,0,0
2022-06-24,138777118,5870831,8433194,3849922,0,0
2022-06-27,139464719,7619349,6931748,3849922,0,0
2022-06-28,141916782,6544384,4092321,3849922,0,0
2022-06-29,155177896,20989721,7244291,3859922,10000,0
2022-06-30,160564592,8653983,3267287,3859922,0,0
2022-07-01,165529779,40131399,35166212,3866922,7000,0
2022-07-04,164197623,12998276,14330432,3859922,0,7000
2022-07-05,165611817,9867954,8453760,3866922,7000,0
2022-07-06,168324038,5916591,3204370,3854322,0,12600
