日期,融资余额(元),融资买入额(元),融资偿还额(元),融券余量,融券卖出量,融券偿还量
2021-05-28,313145043,379946667,66801624,86100244,86100244,0
2021-05-31,388474370,257152807,181823480,75518842,6600376,17181778
2021-06-01,376817691,192691144,204347823,70970848,8484322,13032316
2021-06-02,410214210,158575910,125179391,67100852,4508875,8378871
2021-06-03,417828518,105352502,97738194,66797087,3938490,4242255
2021-06-04,423560976,113111695,107379237,64297624,4531768,7031231
2021-06-07,434462362,86994373,76496985,62115717,3076561,5258468
2021-06-08,448587679,59835106,45709789,53509162,225000,8831555
2021-06-09,440026377,47854442,56415744,55133362,3909980,2285780
2021-06-10,446848820,75984718,69162275,49591657,5265348,10807053
2021-06-11,426095398,44211701,64965123,41616729,636900,8611828
2021-06-15,440770661,68856750,54181487,42326981,3987852,3277600
2021-06-16,436402781,38690983,43058863,44366188,4313418,2274211
2021-06-17,455616280,114461547,95248048,49315390,13063308,8114106
2021-06-18,442665489,58643997,71594788,46580380,3699000,6434010
2021-06-21,435786617,55857245,62736117,43615128,4447537,7412789
2021-06-22,450952306,116972956,101807267,44190377,12304874,11729625
2021-06-23,453972078,62968720,59948948,35898350,1350800,9642827
2021-06-24,445051664,52073496,60993910,7571646,970377,29297081
2021-06-25,427454363,27214056,44936651,6046347,480378,2005677
2021-06-28,438288238,35699358,24865483,6036518,606871,616700
2021-06-29,433983972,31745146,36049412,6141618,300500,195400
2021-06-30,431635747,28309250,30657475,12279022,6828041,690637
2021-07-01,438963939,29380713,22052521,13074556,1585975,790441
2021-07-02,426838823,13645844,25770960,15574106,2699950,200400
2021-07-05,422573405,18359434,22624852,15437571,1193065,1329600
2021-07-06,419331945,28557226,31798686,21186989,6569483,820065
2021-07-07,417670484,16733412,18394873,24710699,4753710,1230000
2021-07-08,416200482,17533092,19003094,24063972,563356,1210083
2021-07-09,412530997,21119432,24788917,23872519,485247,676700
2021-07-12,404435572,21925126,30020551,25903819,2031300,0
2021-07-13,409898275,49342332,43879629,31432441,6598700,1070078
2021-07-14,413652626,26505836,22751485,38002374,8159933,1590000
2021-07-15,412671253,20128267,21109640,53242774,15710400,470000
2021-07-16,404850831,20450180,28270602,59548954,7405180,1099000
2021-07-19,396365103,15031408,23517136,64372803,6055527,1231678
2021-07-20,388840107,8230652,15755648,68708003,4949000,613800
2021-07-21,385729545,16151247,19415746,68705306,1547303,1550000
2021-07-22,391461441,24748499,19016603,70659193,2834729,880842
2021-07-23,391547019,20671128,20585550,80537264,10028071,150000
2021-07-26,391673538,18878268,18751749,81023187,1232923,747000
2021-07-27,394918396,57231826,53986968,80346341,2944854,3621700
2021-07-28,394131086,30452510,31239820,81053106,2107365,1400600
2021-07-29,394045350,19914714,20000450,83826289,3981084,1207901
2021-07-30,384442319,12623779,22226810,84076494,2352094,2101889
2021-08-02,384649861,19537716,19412178,84955376,2478700,1599818
2021-08-03,384015089,18130526,18765298,84426186,200000,729190
2021-08-04,381615777,10792107,13685276,84646255,1119769,899700
2021-08-05,376358112,14196249,19453914,84437255,311000,520000
2021-08-06,371458605,14184248,19083755,84287255,0,150000
2021-08-09,370860632,10055506,10653479,83071676,1340000,2555579
2021-08-10,370544922,12813322,13129032,82504712,0,566964
2021-08-11,371003447,16830470,16316074,83175485,720773,50000
2021-08-12,372732935,19787983,18058495,83368797,2521088,2327776
2021-08-13,366729482,12703457,18669310,83138997,200,230000
2021-08-16,363354990,13633006,17007498,82218997,1130000,2050000
2021-08-17,360580823,17796481,20570648,82014297,200000,404700
2021-08-18,355486490,11022424,16116757,82124297,1210000,1100000
2021-08-19,346035515,9758690,19209665,82364997,240700,0
2021-08-20,339272451,14182750,20909719,82338293,773296,800000
2021-08-23,335282242,6406480,10396689,81846553,3234056,3725796
2021-08-24,335149657,11534493,11667078,84073153,2954000,727400
2021-08-25,336066016,12511969,11595610,85171153,1796300,698300
2021-08-26,336864861,12080472,11281627,86288653,1117500,0
2021-08-27,334700908,8847967,11011920,86522953,834300,600000
2021-08-30,341683238,21201940,14219610,87244647,1496150,774456
2021-08-31,341623984,16433500,16492754,89234647,2090000,100000
2021-09-01,339154817,13554879,16024046,91051192,2508745,692200
2021-09-02,335327509,7282503,11109811,91377923,1196576,869845
2021-09-03,331383022,9243883,13188370,92486019,1108096,0
2021-09-06,332097100,8095441,7381363,92451743,7200,41476
2021-09-07,330467519,11006986,12636567,90176143,15300,2290900
2021-09-08,333884994,15669939,12252464,92410343,2234200,0
2021-09-09,333462215,14344965,14767744,92210343,0,200000
2021-09-10,321860651,10966918,22568482,92107343,0,103000
2021-09-13,324672389,11343226,8531488,92207343,100000,0
2021-09-14,322545398,7256773,9383764,92129743,78396,155996
2021-09-15,322047603,7952872,8450667,91887969,0,241774
2021-09-16,322004458,9070320,9113465,91784869,0,103100
2021-09-17,313647727,6404189,14760920,90038719,25650,1771800
2021-09-22,313029525,9185136,9803338,89489219,0,549500
2021-09-23,312599465,8094411,8524471,91191451,1968358,266126
2021-09-24,311977328,5170508,5792645,94895743,3704292,0
2021-09-27,312063247,11184935,11099016,102118168,12122425,4900000
2021-09-28,311077269,5145598,6131576,106987880,4869712,0
2021-09-29,313324400,9898716,7651585,114664137,7720557,44300
2021-09-30,307559291,2413575,8178684,119266460,4617523,15200
2021-10-08,306467925,5043019,6134385,118973982,4357022,4649500
2021-10-11,309037207,5034180,2464898,121770082,4396100,1600000
2021-10-12,308990019,5608756,5655944,121544443,0,225639
2021-10-13,307921293,4661861,5730587,121494343,0,50100
2021-10-14,308704973,10000181,9216501,117697413,947226,4744156
2021-10-15,308999620,4984715,4690068,116097413,0,1600000
2021-10-18,306681506,2211648,4529762,116238487,141074,0
2021-10-19,305258683,1848276,3271099,115418487,0,820000
2021-10-20,304628081,3523779,4154381,115693811,275324,0
2021-10-21,305447048,4562445,3743478,114561444,518333,1650700
2021-10-22,302578550,3726843,6595341,114646720,88176,2900
2021-10-25,302789894,4097706,3886362,113646720,0,1000000
2021-10-26,302806635,3683331,3666590,115627720,1981000,0
2021-10-27,302740545,4425492,4491582,115623420,0,4300
2021-10-28,301564320,4300754,5476979,87480679,1529492,29672233
2021-10-29,301096181,5042314,5510453,87087309,3935105,4328475
2021-11-01,301176894,4467498,4386785,90394266,3306957,0
2021-11-02,302326210,7463936,6314620,97852310,7458044,0
2021-11-03,302983863,2608590,1950937,100621046,2768736,0
2021-11-04,302087367,3646072,4542568,100428846,0,192200
2021-11-05,301660190,4362344,4789521,102555916,2127070,0
2021-11-08,300130841,2929384,4458733,102555916,0,0
2021-11-09,298145773,4173411,6130193,102153831,1666000,2068085
2021-11-10,297092436,3773404,4826741,101353831,0,800000
2021-11-11,295065444,4858996,6885988,105085336,4322005,590500
2021-11-12,289580980,3211490,8695954,103085036,0,2000300
2021-11-15,291954880,11500295,9126395,92997236,100000,10187800
2021-11-16,292863360,13726864,12818384,93713136,815900,100000
2021-11-17,293401727,9041660,8503293,93617936,0,95200
2021-11-18,291012633,5019560,7408654,93618236,300,0
2021-11-19,291743224,5566476,4835885,93718236,100000,0
2021-11-22,288477629,3730245,6995840,94218236,500000,0
2021-11-23,285706891,4887043,7657781,93226890,500000,1491346
2021-11-24,283740938,4555514,6521467,93226090,0,800
2021-11-25,285442113,7186288,5485113,94476848,1850758,600000
2021-11-26,285403783,4242737,4281067,95823252,1549504,203100
2021-11-29,295009141,13814742,4209384,95692548,1928500,2059204
2021-11-30,295375185,4545984,4211850,96016748,349150,24950
2021-12-01,296218809,7482694,6639070,95423548,707100,1300300
2021-12-02,295768374,4205644,4714309,94723548,0,700000
2021-12-03,294861991,5535813,6442196,94851148,127600,0
2021-12-06,292513402,5098962,7447551,95150848,304500,4800
2021-12-07,290861559,3622159,5274002,95514148,374300,11000
2021-12-08,290569636,4396902,4688825,95570548,56400,0
2021-12-09,294429228,12162805,8303213,95648248,300000,222300
2021-12-10,291098242,3749124,7080110,95614148,722900,757000
2021-12-13,290517851,6875555,7455946,95405548,47000,255600
2021-12-14,289415421,3160557,4262987,91840805,18457,3583200
2021-12-15,286737911,6398258,9075768,91877105,36300,0
2021-12-16,282968472,3454518,7223957,92115805,327100,88400
2021-12-17,282267929,6737664,7438207,92106605,9600,18800
2021-12-20,281436169,3812070,4643830,92073805,36100,68900
2021-12-21,280801719,8928992,9191787,93105805,1088400,56400
2021-12-22,278849200,5095345,7047864,92208765,102960,1000000
2021-12-23,278586099,3933706,4196807,92178105,65540,96200
2021-12-24,278768701,5064286,4881684,92386105,208000,0
