日期,融资余额(元),融资买入额(元),融资偿还额(元),融券余量,融券卖出量,融券偿还量
2020-07-13,31801863,33316209,1514346,0,0,0
2020-07-14,37646298,28179146,22334711,0,0,0
2020-07-15,69362865,48360952,16644385,0,0,0
2020-07-16,97899977,60560427,32196919,0,0,0
2020-07-17,106036861,34193164,26056280,0,0,0
2020-07-20,109430960,26642366,23248267,0,0,0
2020-07-21,109364276,35267393,35334077,0,0,0
2020-07-22,109002413,23655045,24016908,0,0,0
2020-07-23,121191084,32309729,20121058,0,0,0
2020-07-24,124208256,21719145,18701973,0,0,0
2020-07-27,124372927,13462703,13298032,0,0,0
2020-07-28,152112483,54091155,26307656,0,0,0
2020-07-29,146183849,25994336,31933100,16300,16300,0
2020-07-30,149834142,19171985,15521692,16300,0,0
2020-07-31,153384970,30960783,27409955,16300,0,0
2020-08-03,172441299,49448935,30392606,16300,0,0
2020-08-04,140006556,46781936,79216679,16300,0,0
2020-08-05,138704771,42020289,43741874,47168,30868,0
2020-08-06,183506719,78849466,34047518,47168,0,0
2020-08-07,192069575,42852123,34289267,38368,7500,16300
2020-08-10,267105128,119009077,43704378,38368,0,0
2020-08-11,276933540,69916253,60087841,38368,0,0
2020-08-12,245548061,44750301,76135780,38368,0,0
2020-08-13,246397618,43868792,43019235,51168,12800,0
2020-08-14,246167505,26943044,27173157,51168,0,0
2020-08-17,250667296,36897142,33058148,51168,0,0
2020-08-18,257673019,51534551,44796679,51168,0,0
2020-08-19,308144711,98630524,48158832,51168,0,0
2020-08-20,299855628,58546332,66564725,59768,8600,0
2020-08-21,354397386,142312136,87027060,80768,24200,3200
2020-08-24,353487206,87389081,88299261,345054,267486,3200
2020-08-25,328851214,107716864,132352856,473759,129005,300
2020-08-26,331171441,63237925,60917698,487159,15000,1600
2020-08-27,337082078,93686598,87775961,493903,53712,46968
2020-08-28,338059807,80914046,79936317,525303,50000,18600
2020-08-31,354359195,67091574,50792186,555903,35400,4800
2020-09-01,343079776,68974384,80956961,555903,4800,4800
2020-09-02,325285062,40784217,58578931,557903,18100,16100
2020-09-03,327335275,69418201,67367988,517117,60600,101386
2020-09-04,348421221,79240732,58154786,569169,81652,29600
2020-09-07,345897920,67653871,70177172,578169,17600,8600
2020-09-08,360855699,73857102,58928533,552557,19400,45012
2020-09-09,357590834,38876477,42141342,596659,52688,8586
2020-09-10,358532636,35555466,34613664,583859,8500,21300
2020-09-11,361369843,33232800,30395593,583859,3000,3000
2020-09-14,355897706,19437681,24909818,565759,2700,20800
2020-09-15,358537077,28032468,24922526,586559,23800,3000
2020-09-16,362893994,25036192,20679275,559659,6000,32900
2020-09-17,375169627,47742321,35466688,219854,8500,348305
2020-09-18,355535574,23367167,43001220,325054,113700,8500
2020-09-21,352500561,28039399,31074412,367554,64400,21900
2020-09-22,360469511,21505446,13465721,407170,42616,3000
2020-09-23,364740339,18781717,14510889,433070,85300,59400
2020-09-24,355382217,20441741,29799863,494970,73700,11800
2020-09-25,352496674,13434651,16320194,491470,12600,16100
2020-09-28,346336432,7220612,13224164,497578,13300,7192
2020-09-29,347656707,15959728,14639453,496478,12100,13200
2020-09-30,343975213,25058128,28739622,238334,8300,266444
2020-10-09,341994268,25600791,27596557,256434,18100,0
2020-10-12,336256568,30590312,36328012,248040,0,8394
2020-10-13,343760808,31816922,24312682,248040,0,0
2020-10-14,341154046,23886219,26492981,209000,0,39040
2020-10-15,341852057,11227565,10529554,209000,0,0
2020-10-16,337937626,8783954,12698385,209000,0,0
2020-10-19,342228517,17653984,13363093,209000,0,0
2020-10-20,336161238,39270589,45337868,209000,0,0
2020-10-21,340023993,23420500,19557745,209000,0,0
2020-10-22,333798319,21039575,27265249,209100,100,0
2020-10-23,330740268,23462446,26520497,209100,0,0
2020-10-26,319838581,17569714,28471401,233738,150538,125900
2020-10-27,316908856,10263508,13193233,558468,324730,0
2020-10-28,327867230,35000233,24041859,558468,0,0
2020-10-29,327387030,28007823,28488023,540468,100,18100
2020-10-30,323455032,20826273,24758271,540468,0,0
2020-11-02,321002368,16331400,18784064,956204,459936,44200
2020-11-03,313419461,10683766,18266673,957204,1000,0
2020-11-04,313319912,8040539,8140088,957204,0,0
2020-11-05,314369224,16958471,15909159,957204,0,0
2020-11-06,314445228,19307469,19231465,957204,0,0
2020-11-09,293897202,23918622,44466648,957204,0,0
2020-11-10,297558114,21660725,17999813,957204,0,0
2020-11-11,301968629,29025852,24615337,957104,0,100
2020-11-12,303508866,12470572,10939874,957104,0,0
2020-11-13,297026307,15056946,21576669,956104,0,1000
2020-11-16,298991656,11819363,9854014,956104,0,0
2020-11-17,299797272,13262829,12457213,975504,19400,0
2020-11-18,295171987,6631087,11256372,975504,0,0
2020-11-19,298189919,12603107,9585175,975504,0,0
2020-11-20,300593932,10226013,7822000,975504,0,0
2020-11-23,305406407,15721733,10625232,975504,0,0
2020-11-24,308585224,14824702,11645885,975504,0,0
2020-11-25,310840466,19800544,17545302,975504,0,0
2020-11-26,298085542,6732879,19491793,975504,0,0
2020-11-27,296351400,6069086,7803228,975504,0,0
2020-11-30,293372913,8612627,11591114,975504,0,0
2020-12-01,289668777,11783606,15487742,956104,0,19400
2020-12-02,293967165,14749015,10450627,956104,0,0
2020-12-03,290889112,10670490,13655408,935304,0,20800
2020-12-04,294660618,49212926,45441420,935304,0,0
2020-12-07,292224839,40066384,42502163,935304,0,0
2020-12-08,291612976,34656396,35268259,935304,0,0
2020-12-09,291967777,29773877,29419076,935304,0,0
2020-12-10,308993763,40078895,23052909,475368,0,459936
2020-12-11,296623498,18609363,30979628,475368,0,0
2020-12-14,300421148,40856297,37058647,475368,0,0
2020-12-15,304306025,29306780,25421903,459868,0,15500
2020-12-16,315966567,40362087,28701545,459868,0,0
2020-12-17,330234763,60578320,46310124,5400,5400,459868
2020-12-18,316401999,35847024,49679788,6064,6064,5400
2020-12-21,318714647,26425677,24113029,1100,1100,6064
2020-12-22,343968906,58555630,33301371,0,0,1100
2020-12-23,338689282,37895615,43175239,22900,22900,0
2020-12-24,342990761,34765373,30463894,7200,2600,18300
2020-12-25,327534799,41037507,56493469,1800,1800,7200
2020-12-28,354379506,63682177,36837470,700,700,1800
2020-12-29,345762260,29953326,38570572,500,0,200
2020-12-30,345130204,27994532,28648662,500,0,0
2020-12-31,337047533,24215211,32297882,500,0,0
2021-01-04,332357053,52231640,56922120,5300,5300,500
2021-01-05,355887063,74979424,53188986,6100,800,0
2021-01-06,351862885,57345609,61369787,15900,12300,2500
2021-01-07,366014497,73383099,52226598,11100,2700,7500
2021-01-08,372849033,68706334,61871798,4100,500,7500
2021-01-11,391298157,65638502,48431888,0,0,4100
2021-01-12,392529941,65258150,64026366,4200,4200,0
2021-01-13,382797409,42812595,52545127,6200,6200,4200
2021-01-14,394211837,74719438,63354187,7100,7100,6200
2021-01-15,383964018,58801581,69049400,0,0,7100
2021-01-18,365984232,44060398,62040184,9900,9900,0
2021-01-19,372687581,39506602,32803253,3700,1900,8100
2021-01-20,382226125,46957566,37419022,0,0,3700
2021-01-21,395178062,55852195,42900258,13400,13400,0
2021-01-22,408167148,54080262,42888185,9700,7200,10900
2021-01-25,430384272,86417185,64200061,19672,15572,5600
2021-01-26,421412513,37280205,46251964,16844,14172,17000
2021-01-27,418352654,52145896,55205755,18044,17900,16700
2021-01-28,403802047,34030569,48581176,13452,13308,17900
2021-01-29,404519619,44682265,43964693,14452,14300,13300
2021-02-01,403261593,19591171,20849197,13352,13300,14400
2021-02-02,396621175,35183981,41130654,0,0,13352
2021-02-03,396849011,23910008,23682172,0,0,0
2021-02-04,399278782,54187927,51758156,6000,6000,0
2021-02-05,403461684,52673149,48490247,20700,19600,4900
2021-02-08,411002722,48381555,40840517,43600,43600,20700
2021-02-09,412271696,62558277,63041229,58800,15200,0
2021-02-10,413175402,64617541,63713835,58800,34800,34800
2021-02-18,441684214,89222145,60713333,58800,34800,34800
2021-02-19,441460708,45101789,45325295,88800,64800,34800
2021-02-22,449619895,55279300,47120113,52400,14600,51000
2021-02-23,442476223,25320402,32464074,88000,64000,28400
2021-02-24,451603054,42656380,33529549,109300,70900,49600
2021-02-25,447079603,17223361,21538550,109904,69004,68400
2021-02-26,430445033,15184182,31818752,106404,67800,71300
2021-03-01,398521483,24603219,56526769,86104,64700,85000
2021-03-02,384211837,23041172,37350818,108664,92060,69500
2021-03-03,365009943,18428463,37630357,68902,30172,69934
2021-03-04,346611395,20807425,39205973,87950,49506,30458
2021-03-05,342352030,14507147,18766512,81044,42600,49506
2021-03-08,333387003,12570739,21535766,98226,59782,42600
2021-03-09,328836245,10298701,14849459,77846,38700,59080
2021-03-10,333211137,12581258,8206366,88946,45900,34800
2021-03-11,336515450,14995243,11690930,120146,80300,49100
2021-03-12,332836668,9063111,12741893,97346,54500,77300
2021-03-15,324451987,15743022,24127703,126034,85488,56800
2021-03-16,321200886,11682372,14933473,117678,67544,75900
2021-03-17,326306043,13354999,8249842,109682,58700,66696
2021-03-18,319640066,11381001,18046978,104108,68700,74274
2021-03-19,311947140,6971713,14664639,105608,43300,41800
2021-03-22,309467016,5211291,7691415,82328,29220,52500
2021-03-23,310433000,5675590,4709606,118728,69800,33400
2021-03-24,306917565,3732420,7247855,108028,52800,63500
2021-03-25,305222334,4064711,5759942,124830,71902,55100
2021-03-26,307658680,8478396,6042050,168788,111608,67650
2021-03-29,308128264,11146577,10676993,156108,63020,75700
2021-03-30,311992308,18146236,14282192,181004,80496,55600
2021-03-31,315147571,10587982,7432719,165414,63500,79090
2021-04-01,320537329,16914534,11524776,164481,61567,62500
2021-04-02,317741080,29163894,31960143,126909,64100,101672
2021-04-06,322142626,18310554,13909008,143827,72618,55700
2021-04-07,327255795,18169726,13056557,137527,40900,47200
2021-04-08,327545880,23218541,22928456,161283,83200,59444
2021-04-09,327397041,13812792,13969467,182543,74760,53500
2021-04-12,335614469,19879746,11662318,195778,89395,76160
2021-04-13,336264364,15261216,14611321,171083,78800,103495
2021-04-14,332143599,6964717,11085482,133140,31057,69000
2021-04-15,329372842,5842284,8613041,124940,36800,45000
2021-04-16,326966336,8598046,11004552,123383,33700,35257
2021-04-19,323437366,13438210,16967180,119351,31768,35800
2021-04-20,316088180,9175091,16524277,104627,29900,44624
2021-04-21,315972375,9275069,9390874,84927,29800,49500
2021-04-22,309127545,5021929,11866759,81727,21700,24900
2021-04-23,306440070,6851049,9538524,80627,26000,27100
2021-04-26,309143038,15509324,12806356,79527,29700,30800
2021-04-27,309731396,10606546,10018188,65427,24400,38500
2021-04-28,324636166,35579784,20675014,39109,25700,52018
2021-04-29,332217967,16232831,8651030,28209,3000,13900
2021-04-30,316668938,8591002,24140031,21700,7000,13509
2021-05-06,320505026,13981519,10145431,31500,14800,5000
2021-05-07,313367436,9561579,16699169,59400,33600,5700
2021-05-10,320172146,23544180,16739470,59400,5300,5300
2021-05-11,315624757,19656696,24204085,46800,5300,17900
2021-05-12,313511676,10538641,12651722,54900,15800,7700
2021-05-13,360947989,83163544,35727231,51100,0,3800
2021-05-14,410630728,143799964,94117225,46000,200,5300
2021-05-17,412217514,30860047,29273261,48800,3000,200
2021-05-18,401742694,43900702,54375522,147285,98485,0
2021-05-19,406675930,36127342,31194106,147785,1900,1400
2021-05-20,441358712,59541647,24858865,163585,15900,100
2021-05-21,472416312,52727213,21669613,148185,0,15400
2021-05-24,487174438,33558036,18799910,165485,30700,13400
2021-05-25,511205609,50489230,26458059,160885,15000,19600
2021-05-26,524928986,62558216,48834839,184585,59600,35900
2021-05-27,547606621,117325759,94648124,101400,68300,151485
2021-05-28,572977053,51355773,25985341,108400,27700,20700
2021-05-31,579968827,28612864,21621090,100000,17000,25400
2021-06-01,590198331,39311872,29082368,100700,20300,19600
2021-06-02,601365308,32995373,21828396,163700,74100,11100
2021-06-03,572284296,40524216,69605228,185000,34100,12800
2021-06-04,565065258,15598458,22817496,207300,44800,22500
2021-06-07,535982634,24618527,53701151,245072,60672,22900
2021-06-08,503868036,30249498,62364096,216272,50400,79200
2021-06-09,504463073,20175071,19580034,203872,23000,35400
2021-06-10,502332194,14921889,17052768,138134,5262,71000
2021-06-11,504572264,18317812,16077742,50802,12900,100232
2021-06-15,508780691,18556100,14347673,50002,8000,8800
2021-06-16,513050153,30260151,25990689,41102,3300,12200
2021-06-17,513923918,11571994,10698229,62502,22900,1500
2021-06-18,402896466,24189856,135217308,66002,3500,0
2021-06-21,390433952,16445649,28908163,157802,98600,6800
2021-06-22,369182101,16029904,37281755,198602,40800,0
2021-06-23,368685705,13717354,14213750,175902,400,23100
2021-06-24,367970213,11449581,12165073,176602,22500,21800
2021-06-25,363636122,10413941,14745794,176202,22500,22900
2021-06-28,359346127,7476091,11766086,152972,0,23230
2021-06-29,362465043,10681035,7562119,164372,11600,200
2021-06-30,365762849,15806740,12508934,158672,1500,7200
2021-07-01,365179687,31026873,31610035,116815,33543,75400
2021-07-02,361549962,18442241,22071966,83672,500,33643
2021-07-05,357051695,18696919,23195186,80472,400,3600
2021-07-06,358296477,18596159,17351377,85572,5100,0
2021-07-07,356102270,11752064,13946271,88919,14347,11000
2021-07-08,356963274,17609312,16748308,90419,3400,1900
2021-07-09,343529528,3756969,17190715,83919,0,6500
2021-07-12,345491816,14155815,12193527,83319,0,600
2021-07-13,346708115,16108416,14892117,87819,4500,0
2021-07-14,346071356,11184221,11820980,197119,114700,5400
2021-07-15,343934102,19404854,21542108,197719,1300,700
2021-07-16,340493638,10323473,13763937,196819,0,900
2021-07-19,343228882,11009089,8273845,216419,19700,100
2021-07-20,341068032,6207503,8368353,217119,800,100
2021-07-21,343096654,11785117,9465641,206019,8600,19700
2021-07-22,339777323,8897284,12216615,207119,1500,400
2021-07-23,348787700,21279981,12269604,200319,4000,10800
2021-07-26,344839167,10397238,14345771,129419,2500,73400
2021-07-27,314087104,9630234,40382297,157619,30800,2600
2021-07-28,317434211,12055890,8708783,148919,2100,10800
2021-07-29,322830525,13099352,7703038,152819,3900,0
2021-07-30,324169556,12842969,11503938,267219,148700,34300
2021-08-02,319838161,23588969,27778058,237419,1500,31300
2021-08-03,319097171,19776170,20517160,246019,28300,19700
2021-08-04,315923555,14379128,17753191,208872,0,37147
2021-08-05,309705118,7354907,13573344,217872,9000,0
2021-08-06,311718292,10616808,8603634,210772,3400,10500
2021-08-09,311477302,22369859,22610849,205872,10000,14900
2021-08-10,312012974,30091254,29555582,205872,0,0
2021-08-11,316532981,15041787,12261039,79700,22200,148372
2021-08-12,314008641,9528616,12052956,122472,67072,24300
2021-08-13,316214839,12445354,10239156,122372,0,100
2021-08-16,314808912,9669698,11075625,121372,0,1000
2021-08-17,312044340,13190401,15954973,163972,42600,0
2021-08-18,312423410,9910075,9531005,152672,2400,13700
2021-08-19,310216445,7225176,9432141,140872,0,11800
2021-08-20,313035907,13871868,10936146,177072,36200,0
2021-08-23,332151023,35425890,16310774,145772,9300,40600
2021-08-24,339862383,23642049,15930689,75808,15208,85172
2021-08-25,335591584,13308776,17579575,79408,3600,0
2021-08-26,338932093,15389609,12049100,89808,11800,1400
2021-08-27,316098824,10247553,33080822,135104,46396,1100
2021-08-30,316998309,12176641,11277156,133204,10400,12300
2021-08-31,314423149,9402939,11978099,109104,10000,34100
2021-09-01,314367515,20573035,20628669,119804,12000,1300
2021-09-02,309730097,12126674,16764092,140804,21000,0
2021-09-03,312382800,17043866,14391163,158304,43100,25600
2021-09-06,312074051,18906519,19215268,133596,14200,38908
2021-09-07,302461896,11307500,20919655,149396,30300,14500
2021-09-08,301625656,14635368,15471608,137996,19000,30400
2021-09-09,293426025,9950451,18150082,218196,130000,49800
2021-09-10,284959625,5864130,14330530,218196,14200,14200
2021-09-13,285072353,9372788,9260060,207796,6100,16500
2021-09-14,282198173,4756986,7631166,189596,1800,20000
2021-09-15,283184323,6258150,4593737,226896,57000,19800
2021-09-16,283403563,10028817,9809577,227196,13900,13600
2021-09-17,282693358,9746784,10456989,223696,15200,18700
2021-09-22,281475902,6049484,7266940,251996,42100,13800
2021-09-23,286858609,19320682,13937975,350529,155089,56556
2021-09-24,300955791,48798414,34701232,368229,36000,18300
2021-09-27,303513368,39317602,36760025,431129,78100,15200
2021-09-28,290445122,10185702,23253948,504885,133500,59744
2021-09-29,289475223,11523492,12493391,510985,56700,50600
2021-09-30,285420775,13319223,17373671,472196,154000,192789
2021-10-08,295203687,20785354,11002442,457796,46900,61300
2021-10-11,288173182,15235486,22265991,512296,132500,78000
2021-10-12,286850834,16554701,17877049,381396,70400,201300
2021-10-13,296870090,27411366,17392110,364100,95100,112396
2021-10-14,292081764,21521898,26310224,378600,106200,91700
2021-10-15,293475099,16531658,15138323,403532,112232,87300
2021-10-18,295471818,12177521,10180802,402300,82200,83432
2021-10-19,296104332,13330619,12698105,305800,95600,192100
2021-10-20,296857636,11272508,10519204,317160,77660,66300
2021-10-21,288486569,6527682,14898749,235944,108200,189416
2021-10-22,282969912,10915632,16432289,229044,78400,85300
2021-10-25,277904914,12071366,17136364,217656,63796,75184
2021-10-26,280277600,18100018,15727332,256356,162200,123500
2021-10-27,283252807,13215703,10240496,237300,44100,63156
2021-10-28,279970889,11002361,14284279,272000,77600,42900
2021-10-29,277201545,24763866,27533210,451320,236120,56800
2021-11-01,291811232,44115247,29505560,479760,78900,50460
2021-11-02,291209803,53820957,54422386,499098,106438,87100
2021-11-03,307670503,99378895,82918195,373160,121200,247138
2021-11-04,382385947,137610373,62894929,407460,152600,118300
2021-11-05,385176530,47750379,44959796,436960,236700,207200
2021-11-08,386629709,47583220,46130041,509260,183900,111600
2021-11-09,396721905,42130110,32037914,559658,141498,91100
2021-11-10,397903259,34813966,33632612,559058,107500,108100
2021-11-11,392074974,66575708,72403993,607260,151500,103298
2021-11-12,392343323,34706068,34437719,648141,111800,70919
2021-11-15,387627228,49566230,54282325,741976,225716,131881
2021-11-16,385114353,54422503,56935378,664976,140900,217900
2021-11-17,385319864,29789738,29584227,781976,269300,152300
2021-11-18,358832739,22059566,48546691,812376,230400,200000
2021-11-19,353215564,20627351,26244526,800243,114967,127100
2021-11-22,340653880,22976695,35538379,735776,109200,173667
2021-11-23,348451606,32819088,24479733,701756,142680,176700
2021-11-24,346923061,24915935,26444480,655360,131100,177496
2021-11-25,342671051,12710560,16962570,481960,8200,181600
2021-11-26,340407336,15263227,17526942,344464,31700,169196
2021-11-29,335329473,30643576,35721439,467408,141744,18800
2021-11-30,331633940,13603097,17298630,573819,156300,49889
2021-12-01,329411430,8767921,10990431,577619,16500,12700
2021-12-02,326405788,10702939,13918103,578695,29376,28300
2021-12-03,328922196,14657175,12140767,597195,64000,45500
2021-12-06,325064243,24045472,27903425,576060,88600,109735
2021-12-07,330770513,46800006,41093736,588240,142600,130420
2021-12-08,338018767,31315016,24066762,498702,141900,231438
2021-12-09,331180539,38483447,45321675,476702,153200,175200
2021-12-10,334368943,31659018,28470614,431264,54300,99738
2021-12-13,333872492,29861079,30357530,483364,114900,62800
2021-12-14,332261307,13759815,15268469,350436,71700,204628
2021-12-15,328240261,16824440,20845486,425936,111900,36400
2021-12-16,329338060,17682157,16561963,452636,148800,122100
2021-12-17,321793042,9301833,16846851,441536,100800,111900
2021-12-20,322214484,8120339,7698897,411082,61900,92354
2021-12-21,319056714,10758930,13635373,321782,22900,112200
2021-12-22,314811627,7673456,11918543,300982,7600,28400
2021-12-23,312878267,7355697,9289057,291582,29900,39300
2021-12-24,309621633,26345644,29602278,330468,65832,26946
2021-12-27,326748793,52077933,34950773,359703,87200,57965
2021-12-28,325462468,20756487,22042812,364430,63462,58735
2021-12-29,318776958,14172023,20644324,438368,99800,25862
2021-12-30,315861143,10951445,13894999,508768,88800,18400
2021-12-31,310740729,9495398,14615812,502268,62900,69400
2022-01-04,318221515,25177340,17421094,540568,81300,43000
2022-01-05,341626473,52274352,28998677,534968,41700,47300
