日期,股票代码,名称,收盘价,最高价,最低价,开盘价,前收盘,涨跌额,涨跌幅,成交量,成交金额
2021-03-29,'000016,上证50,3537.711,3563.4001,3510.411,3543.2452,3529.7282,7.9828,0.2262,28205828,73384969552.0
2021-03-26,'000016,上证50,3529.7282,3539.226,3480.3337,3483.6948,3463.8727,65.8555,1.9012,24810847,72681322503.0
2021-03-25,'000016,上证50,3463.8727,3479.1275,3439.5127,3454.4611,3466.0422,-2.1695,-0.0626,23261828,56977955371.0
2021-03-24,'000016,上证50,3466.0422,3528.7345,3457.4445,3507.5484,3516.3626,-50.3204,-1.431,25639804,64750307687.0
2021-03-23,'000016,上证50,3516.3626,3542.8163,3482.5866,3541.3289,3538.4271,-22.0645,-0.6236,25310915,62380220907.0
2021-03-22,'000016,上证50,3538.4271,3558.9361,3511.7241,3516.6567,3512.0203,26.4068,0.7519,26393423,66482002222.0
2021-03-19,'000016,上证50,3512.0203,3573.0574,3496.3815,3565.0925,3605.6047,-93.5844,-2.5955,34681298,77248960341.0
2021-03-18,'000016,上证50,3605.6047,3619.3306,3586.5036,3598.8499,3590.8339,14.7708,0.4113,23406869,65113797629.0
2021-03-17,'000016,上证50,3590.8339,3616.9357,3552.4871,3588.2332,3599.1646,-8.3307,-0.2315,26229565,71771534972.0
2021-03-16,'000016,上证50,3599.1646,3608.1148,3556.618,3579.0111,3566.8773,32.2873,0.9052,28394041,72023660699.0
2021-03-15,'000016,上证50,3566.8773,3627.3069,3539.4859,3620.0419,3632.5784,-65.7011,-1.8087,37488832,92278411785.0
2021-03-12,'000016,上证50,3632.5784,3647.5097,3600.3919,3647.5097,3625.3052,7.2732,0.2006,35139699,84357911512.0
2021-03-11,'000016,上证50,3625.3052,3633.7724,3554.6825,3554.6825,3532.0523,93.2529,2.6402,31056230,87512288760.0
2021-03-10,'000016,上证50,3532.0523,3572.374,3528.3165,3563.5639,3509.6137,22.4386,0.6393,28096287,81698933681.0
2021-03-09,'000016,上证50,3509.6137,3595.1858,3489.9697,3570.2561,3573.431,-63.8173,-1.7859,42344061,1.15782441789e+11
2021-03-08,'000016,上证50,3573.431,3732.779,3571.4154,3713.4587,3688.6818,-115.2508,-3.1244,41752978,1.09085323661e+11
2021-03-05,'000016,上证50,3688.6818,3721.2755,3627.2889,3655.9072,3708.6606,-19.9788,-0.5387,36137582,93870499432.0
2021-03-04,'000016,上证50,3708.6606,3781.2754,3686.0903,3769.973,3817.4128,-108.7522,-2.8488,36373718,1.0581412581e+11
2021-03-03,'000016,上证50,3817.4128,3818.0719,3708.2309,3710.2632,3718.7739,98.6389,2.6525,36579579,95188323404.0
2021-03-02,'000016,上证50,3718.7739,3812.3503,3689.0111,3812.3503,3787.8695,-69.0956,-1.8241,35216197,1.05470270155e+11
2021-03-01,'000016,上证50,3787.8695,3795.0518,3747.5791,3793.3653,3756.8597,31.0098,0.8254,33657707,98439375492.0
2021-02-26,'000016,上证50,3756.8597,3819.0379,3753.4425,3768.8968,3851.029,-94.1693,-2.4453,41573102,1.13710593454e+11
2021-02-25,'000016,上证50,3851.029,3878.2076,3818.7136,3844.6156,3805.4719,45.5571,1.1971,46688986,1.18907087423e+11
2021-02-24,'000016,上证50,3805.4719,3910.0097,3766.5957,3902.3629,3897.7164,-92.2445,-2.3666,39343931,1.23595528168e+11
2021-02-23,'000016,上证50,3897.7164,3942.087,3854.1638,3854.1638,3881.8681,15.8483,0.4083,43455612,1.08962112281e+11
2021-02-22,'000016,上证50,3881.8681,4020.0092,3879.4819,4020.0092,4014.4564,-132.5883,-3.3028,58726427,1.46967568912e+11
2021-02-19,'000016,上证50,4014.4564,4023.8843,3956.9775,3994.8258,4014.3241,0.1323,0.0033,42899726,1.23149830958e+11
2021-02-18,'000016,上证50,4014.3241,4110.1797,3996.6283,4097.8661,4028.5289,-14.2048,-0.3526,51203085,1.41365948227e+11
2021-02-10,'000016,上证50,4028.5289,4039.2311,3967.3622,3967.677,3952.8276,75.7013,1.9151,38958603,1.0857184353e+11
2021-02-09,'000016,上证50,3952.8276,3952.9363,3871.7882,3900.8562,3890.4654,62.3622,1.6029,32740059,97738059954.0
2021-02-08,'000016,上证50,3890.4654,3896.5356,3835.0996,3856.943,3840.7663,49.6991,1.294,33339893,98196386298.0
2021-02-05,'000016,上证50,3840.7663,3876.68,3808.1706,3819.8013,3801.6178,39.1485,1.0298,41583746,1.06277495835e+11
2021-02-04,'000016,上证50,3801.6178,3820.3358,3759.4344,3764.4252,3775.7224,25.8954,0.6858,33163780,1.14788317162e+11
2021-02-03,'000016,上证50,3775.7224,3796.4323,3747.3757,3768.7147,3771.47,4.2524,0.1128,31609193,1.06637885843e+11
2021-02-02,'000016,上证50,3771.47,3774.0606,3731.5151,3751.7405,3746.3717,25.0983,0.6699,28858748,93715928225.0
2021-02-01,'000016,上证50,3746.3717,3747.7291,3699.1968,3712.7833,3713.2471,33.1246,0.8921,29489016,86971859971.0
2021-01-29,'000016,上证50,3713.2471,3767.0142,3675.4903,3758.8879,3735.0337,-21.7866,-0.5833,32742330,1.04087890534e+11
2021-01-28,'000016,上证50,3735.0337,3779.4065,3720.1167,3771.7856,3818.2682,-83.2345,-2.1799,30041206,94780804520.0
2021-01-27,'000016,上证50,3818.2682,3831.6177,3790.8094,3818.4218,3813.2902,4.978,0.1305,28706054,92127165903.0
2021-01-26,'000016,上证50,3813.2902,3878.2543,3809.6558,3878.2543,3898.1473,-84.8571,-2.1769,29584420,1.00532288564e+11
2021-01-25,'000016,上证50,3898.1473,3903.1884,3828.747,3843.4923,3846.3945,51.7528,1.3455,37336501,1.36340715179e+11
2021-01-22,'000016,上证50,3846.3945,3862.8948,3823.326,3851.1337,3850.0559,-3.6614,-0.0951,38259480,1.19198772455e+11
2021-01-21,'000016,上证50,3850.0559,3874.6652,3812.8064,3833.7837,3814.6537,35.4022,0.9281,36730229,1.19776906641e+11
2021-01-20,'000016,上证50,3814.6537,3838.3132,3790.5383,3813.9062,3808.694,5.9597,0.1565,34372343,1.0528595741e+11
2021-01-19,'000016,上证50,3808.694,3862.1058,3792.5948,3855.7473,3849.3982,-40.7042,-1.0574,42747056,1.23416506307e+11
2021-01-18,'000016,上证50,3849.3982,3873.4491,3796.4321,3807.9917,3817.9345,31.4637,0.8241,42248384,1.21227239779e+11
2021-01-15,'000016,上证50,3817.9345,3866.0073,3789.4757,3825.5412,3811.2242,6.7103,0.1761,55635243,1.44481907994e+11
2021-01-14,'000016,上证50,3811.2242,3866.9494,3800.7934,3863.0972,3873.2285,-62.0043,-1.6008,50868859,1.41810909103e+11
2021-01-13,'000016,上证50,3873.2285,3931.9451,3844.2802,3913.999,3906.1225,-32.894,-0.8421,55273849,1.47747548687e+11
2021-01-12,'000016,上证50,3906.1225,3906.1225,3764.6493,3764.6493,3776.5293,129.5932,3.4315,48175867,1.40450394806e+11
2021-01-11,'000016,上证50,3776.5293,3849.6794,3763.1501,3794.8301,3788.3191,-11.7898,-0.3112,47451000,1.33463536511e+11
2021-01-08,'000016,上证50,3788.3191,3833.8627,3752.085,3815.568,3808.0695,-19.7504,-0.5186,41585644,1.2947719176e+11
2021-01-07,'000016,上证50,3808.0695,3808.0695,3729.9875,3750.8769,3736.648,71.4215,1.9114,42918063,1.27100876695e+11
2021-01-06,'000016,上证50,3736.648,3736.648,3670.5407,3688.9529,3683.3634,53.2846,1.4466,45166106,1.25368281927e+11
2021-01-05,'000016,上证50,3683.3634,3683.3634,3620.5578,3627.6453,3643.3592,40.0042,1.098,47233743,1.30233796458e+11
2021-01-04,'000016,上证50,3643.3592,3659.1678,3608.3417,3632.6913,3640.6389,2.7203,0.0747,43546644,1.16996098319e+11
2020-12-31,'000016,上证50,3640.6389,3646.7531,3581.3638,3581.4493,3574.1307,66.5082,1.8608,36574846,1.00746203514e+11
2020-12-30,'000016,上证50,3574.1307,3574.2063,3512.3138,3513.7859,3517.35,56.7807,1.6143,26787234,77252184878.0
2020-12-29,'000016,上证50,3517.35,3539.6681,3513.6554,3533.1259,3523.8369,-6.4869,-0.1841,26014590,73295610481.0
2020-12-28,'000016,上证50,3523.8369,3548.5321,3503.972,3514.712,3512.4862,11.3507,0.3232,26413299,75670329606.0
2020-12-25,'000016,上证50,3512.4862,3514.5138,3468.403,3476.5528,3489.2742,23.212,0.6652,21054656,65661287082.0
2020-12-24,'000016,上证50,3489.2742,3521.0377,3474.016,3495.8485,3494.5868,-5.3126,-0.152,20119571,64344686337.0
2020-12-23,'000016,上证50,3494.5868,3516.0239,3473.0965,3483.188,3470.9024,23.6844,0.6824,27238775,80717057529.0
2020-12-22,'000016,上证50,3470.9024,3526.1124,3467.5324,3519.0501,3522.262,-51.3596,-1.4581,34878459,95554575234.0
2020-12-21,'000016,上证50,3522.262,3531.4189,3481.263,3505.9056,3507.9743,14.2877,0.4073,26717595,78726944693.0
2020-12-18,'000016,上证50,3507.9743,3538.5651,3493.296,3529.0228,3539.5401,-31.5658,-0.8918,26277800,71633942391.0
2020-12-17,'000016,上证50,3539.5401,3543.7345,3491.919,3497.3913,3485.4049,54.1352,1.5532,27091201,79778025449.0
2020-12-16,'000016,上证50,3485.4049,3494.6464,3469.5518,3480.9266,3468.8286,16.5763,0.4779,22462530,62162165112.0
2020-12-15,'000016,上证50,3468.8286,3476.8771,3443.861,3466.4917,3467.7669,1.0617,0.0306,26154182,70666981437.0
2020-12-14,'000016,上证50,3467.7669,3472.1168,3435.3069,3443.0277,3427.8565,39.9104,1.1643,24982218,69626860399.0
2020-12-11,'000016,上证50,3427.8565,3477.4658,3404.9293,3473.8739,3459.0346,-31.1781,-0.9014,38906387,74533297054.0
2020-12-10,'000016,上证50,3459.0346,3478.9057,3442.1525,3464.9419,3468.5269,-9.4923,-0.2737,29228443,57283741671.0
2020-12-09,'000016,上证50,3468.5269,3517.9161,3467.9951,3511.7581,3499.0572,-30.5303,-0.8725,30654727,61382484940.0
2020-12-08,'000016,上证50,3499.0572,3529.353,3490.8861,3512.8571,3509.9419,-10.8847,-0.3101,28935941,64329952448.0
2020-12-07,'000016,上证50,3509.9419,3548.7778,3495.6505,3547.9306,3541.5209,-31.579,-0.8917,35450745,74234250173.0
2020-12-04,'000016,上证50,3541.5209,3546.7128,3504.4339,3535.9378,3536.8144,4.7065,0.1331,33238617,68848489662.0
2020-12-03,'000016,上证50,3536.8144,3550.1047,3519.4256,3545.2791,3545.3401,-8.5257,-0.2405,35867871,64650049329.0
2020-12-02,'000016,上证50,3545.3401,3568.7242,3527.1245,3555.5954,3554.0139,-8.6738,-0.2441,39442806,71352289814.0
2020-12-01,'000016,上证50,3554.0139,3559.0654,3476.9373,3480.5639,3469.4178,84.5961,2.4383,52488689,91200352101.0
2020-11-30,'000016,上证50,3469.4178,3570.2152,3469.4178,3509.6591,3498.6589,-29.2411,-0.8358,84292983,1.23967926528e+11
2020-11-27,'000016,上证50,3498.6589,3498.6589,3447.6084,3453.3086,3445.7388,52.9201,1.5358,53901248,78249237872.0
2020-11-26,'000016,上证50,3445.7388,3447.6126,3414.0643,3418.5592,3420.2916,25.4472,0.744,33465271,65077855422.0
2020-11-25,'000016,上证50,3420.2916,3475.2545,3420.2916,3461.479,3442.7229,-22.4313,-0.6516,40663779,75069957593.0
2020-11-24,'000016,上证50,3442.7229,3470.9144,3437.7302,3461.432,3469.8046,-27.0817,-0.7805,34240109,65468615801.0
2020-11-23,'000016,上证50,3469.8046,3485.8936,3426.78,3427.7784,3411.9323,57.8723,1.6962,49251555,92619781835.0
2020-11-20,'000016,上证50,3411.9323,3415.2537,3398.7881,3407.7282,3410.0937,1.8386,0.0539,29720748,54200659925.0
2020-11-19,'000016,上证50,3410.0937,3415.8555,3372.8381,3377.2283,3387.0447,23.049,0.6805,32606150,65742547171.0
2020-11-18,'000016,上证50,3387.0447,3408.3044,3372.9968,3377.8433,3379.2742,7.7705,0.2299,43605864,88251549354.0
2020-11-17,'000016,上证50,3379.2742,3388.9608,3362.5001,3376.8744,3377.11,2.1642,0.0641,33074229,69699282267.0
2020-11-16,'000016,上证50,3377.11,3377.11,3344.3998,3352.6888,3338.3101,38.7999,1.1623,32324893,65695228074.0
2020-11-13,'000016,上证50,3338.3101,3377.1596,3318.4516,3376.9114,3397.3544,-59.0443,-1.7379,34513696,73716432090.0
2020-11-12,'000016,上证50,3397.3544,3420.6475,3387.33,3413.2074,3411.2295,-13.8751,-0.4067,27098482,63549018676.0
2020-11-11,'000016,上证50,3411.2295,3432.2653,3407.8442,3415.8839,3416.1408,-4.9113,-0.1438,40415189,82130521679.0
2020-11-10,'000016,上证50,3416.1408,3440.5572,3402.3826,3439.3599,3418.2753,-2.1345,-0.0624,41761633,92270349484.0
2020-11-09,'000016,上证50,3418.2753,3428.1303,3382.8002,3382.8002,3359.1193,59.156,1.7611,43918142,93900277927.0
2020-11-06,'000016,上证50,3359.1193,3380.1978,3339.4703,3380.1978,3369.5029,-10.3836,-0.3082,35031944,72503490984.0
2020-11-05,'000016,上证50,3369.5029,3386.9785,3345.2005,3366.4014,3332.1901,37.3128,1.1198,31277108,68184057974.0
2020-11-04,'000016,上证50,3332.1901,3340.5315,3301.3165,3311.5399,3307.4846,24.7055,0.747,28344930,60073167651.0
2020-11-03,'000016,上证50,3307.4846,3324.406,3282.554,3284.0395,3265.8963,41.5883,1.2734,34085466,68965424551.0
2020-11-02,'000016,上证50,3265.8963,3298.0817,3249.9553,3280.6167,3280.3835,-14.4872,-0.4416,34665398,77307727991.0
2020-10-30,'000016,上证50,3280.3835,3332.8677,3271.2671,3321.9387,3324.4397,-44.0562,-1.3252,35737111,74625943459.0
2020-10-29,'000016,上证50,3324.4397,3351.1174,3277.5719,3278.9777,3313.2314,11.2083,0.3383,30218954,69727041403.0
2020-10-28,'000016,上证50,3313.2314,3324.8029,3285.0438,3295.4449,3294.0881,19.1433,0.5811,28279844,63936396323.0
2020-10-27,'000016,上证50,3294.0881,3305.6077,3281.6166,3298.0635,3304.7036,-10.6155,-0.3212,25579509,54627451487.0
2020-10-26,'000016,上证50,3304.7036,3328.6778,3288.5825,3320.0274,3346.608,-41.9044,-1.2521,34650144,67396897056.0
2020-10-23,'000016,上证50,3346.608,3395.4051,3346.608,3364.5981,3369.53,-22.922,-0.6803,33911572,64296241659.0
2020-10-22,'000016,上证50,3369.53,3378.6453,3328.3152,3370.084,3377.4246,-7.8946,-0.2337,27398859,58254098220.0
2020-10-21,'000016,上证50,3377.4246,3380.0547,3351.7237,3372.687,3363.503,13.9216,0.4139,31329504,56656466675.0
2020-10-20,'000016,上证50,3363.503,3365.1843,3340.843,3352.0276,3354.3075,9.1955,0.2741,26392527,52091237048.0
2020-10-19,'000016,上证50,3354.3075,3430.5555,3349.1637,3398.752,3380.1689,-25.8614,-0.7651,41264704,75214131976.0
2020-10-16,'000016,上证50,3380.1689,3400.4214,3362.1778,3374.1697,3371.4014,8.7675,0.2601,34932345,61838797803.0
2020-10-15,'000016,上证50,3371.4014,3392.9343,3363.8097,3369.7229,3369.4978,1.9036,0.0565,27385168,60016920633.0
2020-10-14,'000016,上证50,3369.4978,3380.5584,3359.621,3380.5584,3386.893,-17.3952,-0.5136,25822628,59851814515.0
2020-10-13,'000016,上证50,3386.893,3391.9889,3363.975,3381.6409,3387.8848,-0.9918,-0.0293,27928262,60770638996.0
2020-10-12,'000016,上证50,3387.8848,3388.595,3302.619,3302.9822,3286.8572,101.0276,3.0737,39773572,84996198872.0
2020-10-09,'000016,上证50,3286.8572,3296.672,3274.1895,3281.4645,3232.4183,54.4389,1.6842,24624394,64079382336.0
2020-09-30,'000016,上证50,3232.4183,3269.3124,3218.5484,3252.5946,3241.323,-8.9047,-0.2747,22694946,46636384427.0
2020-09-29,'000016,上证50,3241.323,3266.9436,3241.323,3266.0069,3250.5018,-9.1788,-0.2824,19027743,42946055230.0
2020-09-28,'000016,上证50,3250.5018,3268.263,3237.3001,3237.3001,3229.7769,20.7249,0.6417,20974373,44327122455.0
2020-09-25,'000016,上证50,3229.7769,3244.0319,3219.305,3232.6929,3218.716,11.0609,0.3436,20910220,45855826188.0
2020-09-24,'000016,上证50,3218.716,3264.8258,3214.7027,3259.1207,3275.7387,-57.0227,-1.7408,25647587,56704043441.0
2020-09-23,'000016,上证50,3275.7387,3284.3973,3256.1785,3271.4743,3270.519,5.2197,0.1596,20467807,52183728272.0
2020-09-22,'000016,上证50,3270.519,3319.9497,3260.493,3285.7691,3311.5936,-41.0746,-1.2403,26820060,57772490352.0
2020-09-21,'000016,上证50,3311.5936,3360.9187,3311.1078,3359.232,3347.7784,-36.1848,-1.0809,29799599,64482095150.0
2020-09-18,'000016,上证50,3347.7784,3347.7784,3264.3258,3267.6295,3264.6864,83.092,2.5452,44577962,94427293308.0
2020-09-17,'000016,上证50,3264.6864,3287.2629,3253.5161,3286.1485,3295.5836,-30.8972,-0.9375,23423082,64565970449.0
2020-09-16,'000016,上证50,3295.5836,3322.3206,3283.8796,3314.2074,3317.6402,-22.0566,-0.6648,22229206,50870161046.0
2020-09-15,'000016,上证50,3317.6402,3321.1763,3275.0642,3291.196,3294.1507,23.4895,0.7131,21316420,54056411028.0
2020-09-14,'000016,上证50,3294.1507,3298.9325,3275.3023,3283.932,3265.4966,28.6541,0.8775,21125876,56232770448.0
2020-09-11,'000016,上证50,3265.4966,3270.5897,3230.3159,3238.4673,3245.5017,19.9949,0.6161,23510280,52380250990.0
2020-09-10,'000016,上证50,3245.5017,3273.9031,3239.5845,3264.3212,3235.7032,9.7985,0.3028,29973848,59687026132.0
2020-09-09,'000016,上证50,3235.7032,3267.8615,3217.1466,3253.4969,3289.9142,-54.211,-1.6478,30096577,62865840950.0
2020-09-08,'000016,上证50,3289.9142,3296.1439,3249.246,3267.3119,3253.4259,36.4883,1.1215,32380563,72901457413.0
2020-09-07,'000016,上证50,3253.4259,3328.7237,3243.4279,3303.6417,3309.2096,-55.7837,-1.6857,32580054,73055102739.0
2020-09-04,'000016,上证50,3309.2096,3314.5469,3283.3118,3293.4924,3334.4119,-25.2023,-0.7558,28637547,62265879316.0
2020-09-03,'000016,上证50,3334.4119,3374.0142,3322.9009,3349.262,3347.3042,-12.8923,-0.3852,31252364,67541305034.0
2020-09-02,'000016,上证50,3347.3042,3373.3499,3316.5014,3371.5729,3355.096,-7.7918,-0.2322,35512308,69444792579.0
2020-09-01,'000016,上证50,3355.096,3355.096,3328.1244,3333.2071,3343.8881,11.2079,0.3352,30466450,64387470082.0
2020-08-31,'000016,上证50,3343.8881,3408.5812,3343.2144,3386.6204,3368.4384,-24.5503,-0.7288,47905156,1.03041216801e+11
2020-08-28,'000016,上证50,3368.4384,3372.7441,3286.1442,3296.5238,3290.7855,77.6529,2.3597,39008700,92268754638.0
2020-08-27,'000016,上证50,3290.7855,3291.6814,3257.5652,3286.7843,3277.8901,12.8954,0.3934,28135800,59919453179.0
2020-08-26,'000016,上证50,3277.8901,3327.817,3269.0876,3308.9304,3310.8389,-32.9488,-0.9952,32922437,70222264273.0
2020-08-25,'000016,上证50,3310.8389,3335.0343,3300.1984,3312.0329,3298.7205,12.1184,0.3674,28449955,63927912264.0
2020-08-24,'000016,上证50,3298.7205,3320.9715,3291.6571,3306.5613,3284.7267,13.9938,0.426,29666151,64956899879.0
2020-08-21,'000016,上证50,3284.7267,3299.9392,3261.5468,3287.4335,3264.5329,20.1938,0.6186,28050142,60638595051.0
2020-08-20,'000016,上证50,3264.5329,3288.2062,3252.179,3285.2015,3307.6593,-43.1264,-1.3038,37052900,72986141478.0
2020-08-19,'000016,上证50,3307.6593,3366.6818,3306.3335,3361.7188,3367.3313,-59.672,-1.7721,44419447,86276934988.0
2020-08-18,'000016,上证50,3367.3313,3377.5209,3350.7781,3369.8674,3368.8488,-1.5175,-0.045,47444157,93429432535.0
2020-08-17,'000016,上证50,3368.8488,3397.4999,3299.2108,3300.9029,3288.5141,80.3347,2.4429,75899031,1.3688943008e+11
2020-08-14,'000016,上证50,3288.5141,3292.0308,3230.2145,3236.948,3241.8446,46.6695,1.4396,36747477,75029765274.0
2020-08-13,'000016,上证50,3241.8446,3265.5084,3230.1661,3261.1279,3249.7381,-7.8935,-0.2429,37092071,73178181886.0
2020-08-12,'000016,上证50,3249.7381,3266.5825,3199.5458,3255.5383,3262.8244,-13.0863,-0.4011,51024947,1.00012349083e+11
2020-08-11,'000016,上证50,3262.8244,3333.7504,3257.3673,3291.3399,3285.7602,-22.9358,-0.698,53822802,1.07967759615e+11
2020-08-10,'000016,上证50,3285.7602,3309.9836,3232.0936,3250.5443,3263.7455,22.0147,0.6745,53271403,1.12583130148e+11
2020-08-07,'000016,上证50,3263.7455,3288.7871,3219.423,3277.4438,3292.2003,-28.4548,-0.8643,48981049,1.10237424749e+11
2020-08-06,'000016,上证50,3292.2003,3311.3637,3243.6494,3295.4327,3292.3094,-0.1091,-0.0033,48945753,1.09937579417e+11
2020-08-05,'000016,上证50,3292.3094,3300.8964,3257.2884,3298.1382,3312.1336,-19.8242,-0.5985,45579284,95922266579.0
2020-08-04,'000016,上证50,3312.1336,3329.5592,3279.1429,3293.9177,3281.1012,31.0324,0.9458,62540477,1.23874292872e+11
2020-08-03,'000016,上证50,3281.1012,3284.7925,3251.8182,3271.1771,3249.3375,31.7637,0.9775,48299026,1.04838181188e+11
2020-07-31,'000016,上证50,3249.3375,3284.3785,3199.9053,3226.4225,3231.5193,17.8182,0.5514,42897905,97122120535.0
2020-07-30,'000016,上证50,3231.5193,3263.1868,3231.356,3252.2041,3243.3849,-11.8656,-0.3658,36108945,90507937666.0
2020-07-29,'000016,上证50,3243.3849,3245.702,3171.0441,3184.7168,3185.8904,57.4945,1.8047,43648691,97413664843.0
2020-07-28,'000016,上证50,3185.8904,3205.5658,3168.8967,3188.9568,3163.2306,22.6598,0.7163,35710451,81039521931.0
2020-07-27,'000016,上证50,3163.2306,3194.1399,3136.0325,3178.0469,3158.2854,4.9452,0.1566,37627456,78769806507.0
2020-07-24,'000016,上证50,3158.2854,3270.5582,3136.6446,3265.519,3284.1103,-125.8249,-3.8313,60638136,1.27518161681e+11
2020-07-23,'000016,上证50,3284.1103,3303.4266,3224.5078,3263.074,3291.3605,-7.2502,-0.2203,55665583,1.06252944262e+11
2020-07-22,'000016,上证50,3291.3605,3354.7152,3273.8075,3278.7375,3286.8146,4.5459,0.1383,54403751,1.09522096602e+11
2020-07-21,'000016,上证50,3286.8146,3305.1976,3272.4732,3302.7223,3287.915,-1.1004,-0.0335,44511981,98108441247.0
2020-07-20,'000016,上证50,3287.915,3293.6253,3189.467,3219.9177,3185.8909,102.0241,3.2024,63047536,1.24831909493e+11
2020-07-17,'000016,上证50,3185.8909,3223.5413,3151.2178,3181.698,3162.0251,23.8658,0.7548,49449099,1.04284759355e+11
2020-07-16,'000016,上证50,3162.0251,3326.6941,3162.0251,3313.5618,3313.7646,-151.7395,-4.5791,74683068,1.51041927324e+11
2020-07-15,'000016,上证50,3313.7646,3374.2882,3303.1506,3363.9243,3348.0312,-34.2666,-1.0235,70412031,1.3362413673e+11
2020-07-14,'000016,上证50,3348.0312,3391.9033,3310.8892,3374.07,3390.115,-42.0838,-1.2414,76786395,1.29973787376e+11
2020-07-13,'000016,上证50,3390.115,3421.9397,3327.6965,3338.7076,3351.78,38.335,1.1437,80024186,1.44465870708e+11
2020-07-10,'000016,上证50,3351.78,3411.0942,3338.5929,3403.9961,3442.0205,-90.2405,-2.6217,79046518,1.39047237039e+11
2020-07-09,'000016,上证50,3442.0205,3451.925,3403.7253,3426.5963,3429.9449,12.0756,0.3521,84934440,1.53534471836e+11
2020-07-08,'000016,上证50,3429.9449,3466.6299,3371.5924,3378.1092,3381.7608,48.1841,1.4248,91457213,1.6755589109e+11
2020-07-07,'000016,上证50,3381.7608,3465.4678,3381.7608,3438.8558,3374.1362,7.6246,0.226,108624139,1.99150089199e+11
2020-07-06,'000016,上证50,3374.1362,3384.8672,3198.7384,3198.7384,3159.1583,214.9779,6.8049,122167869,2.02917638622e+11
2020-07-03,'000016,上证50,3159.1583,3159.1688,3101.2607,3101.3858,3084.2381,74.9202,2.4291,78209416,1.37578589835e+11
2020-07-02,'000016,上证50,3084.2381,3088.9603,3003.7779,3005.357,3009.8611,74.377,2.4711,67223806,1.18751704735e+11
2020-07-01,'000016,上证50,3009.8611,3010.3624,2941.3802,2950.4921,2942.0741,67.787,2.3041,42668069,83084456013.0
2020-06-30,'000016,上证50,2942.0741,2951.1227,2928.6832,2933.9281,2925.4834,16.5907,0.5671,27015598,56079512949.0
2020-06-29,'000016,上证50,2925.4834,2942.492,2909.4509,2935.5423,2943.4733,-17.9899,-0.6112,32483377,64157816353.0
2020-06-24,'000016,上证50,2943.4733,2947.1908,2926.8445,2928.5224,2925.416,18.0573,0.6173,30179573,61408737401.0
2020-06-23,'000016,上证50,2925.416,2929.7971,2902.1223,2913.0108,2921.8915,3.5245,0.1206,27540128,59578426675.0
2020-06-22,'000016,上证50,2921.8915,2947.6121,2912.4938,2921.297,2925.9356,-4.0441,-0.1382,37262985,72454864319.0
2020-06-19,'000016,上证50,2925.9356,2933.9025,2888.9222,2891.3093,2888.9575,36.9781,1.28,37137361,74110248088.0
2020-06-18,'000016,上证50,2888.9575,2892.1185,2860.4956,2872.1682,2881.1321,7.8254,0.2716,27634304,47707495423.0
2020-06-17,'000016,上证50,2881.1321,2882.1032,2864.1553,2879.8483,2878.9924,2.1397,0.0743,22244613,42134102733.0
2020-06-16,'000016,上证50,2878.9924,2879.5252,2861.0109,2867.7129,2838.6074,40.385,1.4227,24218333,43386145208.0
2020-06-15,'000016,上证50,2838.6074,2875.0268,2838.6074,2862.4896,2884.1157,-45.5083,-1.5779,29310497,55344281135.0
2020-06-12,'000016,上证50,2884.1157,2884.9905,2837.5506,2840.8021,2876.513,7.6027,0.2643,34095944,51141596561.0
2020-06-11,'000016,上证50,2876.513,2907.6568,2867.1966,2899.4865,2908.4753,-31.9623,-1.0989,28998543,50569232346.0
2020-06-10,'000016,上证50,2908.4753,2925.1657,2905.2106,2925.1657,2928.3043,-19.829,-0.6771,22717666,41298669210.0
2020-06-09,'000016,上证50,2928.3043,2931.5394,2905.8432,2911.9481,2909.5867,18.7176,0.6433,24400880,44447001974.0
2020-06-08,'000016,上证50,2909.5867,2925.1994,2904.0349,2907.675,2896.3495,13.2372,0.457,29300629,53846965565.0
2020-06-05,'000016,上证50,2896.3495,2896.3495,2871.8707,2886.2329,2883.3633,12.9862,0.4504,21269701,38224565108.0
2020-06-04,'000016,上证50,2883.3633,2902.8993,2876.4419,2900.9644,2889.1086,-5.7453,-0.1989,21894729,36051895058.0
2020-06-03,'000016,上证50,2889.1086,2922.783,2889.0841,2900.8702,2885.9208,3.1878,0.1105,27840975,51525905998.0
2020-06-02,'000016,上证50,2885.9208,2890.8071,2862.6765,2864.5289,2870.3558,15.565,0.5423,26703943,48136501768.0
2020-06-01,'000016,上证50,2870.3558,2873.0538,2832.2174,2832.2174,2806.6643,63.6915,2.2693,28433443,52739288749.0
2020-05-29,'000016,上证50,2806.6643,2813.8249,2788.867,2791.6226,2809.6648,-3.0005,-0.1068,21471026,36267708567.0
2020-05-28,'000016,上证50,2809.6648,2830.4628,2785.3207,2797.3679,2795.4807,14.1841,0.5074,22943372,38842766209.0
2020-05-27,'000016,上证50,2795.4807,2814.559,2790.8433,2810.4749,2808.8419,-13.3612,-0.4757,19759953,33762192930.0
2020-05-26,'000016,上证50,2808.8419,2811.8253,2796.8463,2806.248,2789.7095,19.1324,0.6858,18110409,32226210134.0
2020-05-25,'000016,上证50,2789.7095,2789.8153,2762.2983,2784.4347,2775.8096,13.8999,0.5008,18674923,33629752365.0
2020-05-22,'000016,上证50,2775.8096,2841.1054,2775.3088,2840.8794,2846.8239,-71.0143,-2.4945,25971302,46841991567.0
2020-05-21,'000016,上证50,2846.8239,2867.9145,2844.1437,2866.7448,2856.1398,-9.3159,-0.3262,19071145,36357586642.0
2020-05-20,'000016,上证50,2856.1398,2864.6689,2847.2553,2861.5929,2860.6682,-4.5284,-0.1583,19949229,37561348500.0
2020-05-19,'000016,上证50,2860.6682,2872.6969,2854.8855,2869.2324,2837.1721,23.4961,0.8282,22705516,42580939710.0
2020-05-18,'000016,上证50,2837.1721,2849.8499,2813.2571,2821.7258,2819.6911,17.481,0.62,22626866,43886596302.0
2020-05-15,'000016,上证50,2819.6911,2849.1746,2818.3671,2845.9099,2834.5328,-14.8417,-0.5236,19470580,38909794047.0
2020-05-14,'000016,上证50,2834.5328,2854.7781,2833.947,2854.7781,2867.7123,-33.1795,-1.157,19818343,36947675246.0
2020-05-13,'000016,上证50,2867.7123,2869.702,2845.3371,2860.8202,2869.5973,-1.885,-0.0657,18325651,33483747422.0
2020-05-12,'000016,上证50,2869.5973,2880.5029,2855.0217,2871.3136,2871.8476,-2.2503,-0.0784,21330150,39257275180.0
2020-05-11,'000016,上证50,2871.8476,2897.9895,2864.9633,2876.772,2873.0125,-1.1649,-0.0405,25308998,46507596881.0
2020-05-08,'000016,上证50,2873.0125,2883.6911,2858.1084,2864.8561,2854.423,18.5895,0.6513,27037179,48756760662.0
2020-05-07,'000016,上证50,2854.423,2863.16,2845.6608,2860.9591,2863.8452,-9.4222,-0.329,23902000,41458943617.0
2020-05-06,'000016,上证50,2863.8452,2865.1127,2823.2724,2823.2918,2861.9077,1.9375,0.0677,35459781,59544694245.0
2020-04-30,'000016,上证50,2861.9077,2882.6952,2851.1447,2851.1447,2844.8143,17.0934,0.6009,30389053,52437640612.0
2020-04-29,'000016,上证50,2844.8143,2852.1036,2814.0689,2814.5955,2825.1393,19.675,0.6964,25430134,45196775961.0
2020-04-28,'000016,上证50,2825.1393,2832.0618,2781.1486,2814.2298,2805.2202,19.9191,0.7101,27084228,47828238905.0
2020-04-27,'000016,上证50,2805.2202,2818.5384,2783.1736,2786.467,2776.0245,29.1957,1.0517,23147140,40090088313.0
2020-04-24,'000016,上证50,2776.0245,2789.0511,2770.3365,2789.0511,2797.6612,-21.6367,-0.7734,19914774,35854089011.0
2020-04-23,'000016,上证50,2797.6612,2820.2414,2794.4639,2813.7322,2804.2373,-6.5761,-0.2345,24529563,40003338633.0
2020-04-22,'000016,上证50,2804.2373,2804.2373,2768.3954,2774.4393,2784.5328,19.7045,0.7076,20694563,37039162435.0
2020-04-21,'000016,上证50,2784.5328,2808.913,2767.2738,2808.913,2819.7938,-35.261,-1.2505,24943676,42654500062.0
2020-04-20,'000016,上证50,2819.7938,2821.0063,2799.9158,2812.8012,2809.0757,10.7181,0.3816,27627564,48186424309.0
2020-04-17,'000016,上证50,2809.0757,2825.9585,2782.7127,2790.8348,2768.2616,40.8141,1.4744,34869719,62422703250.0
2020-04-16,'000016,上证50,2768.2616,2771.4343,2750.2919,2751.6937,2764.4883,3.7733,0.1365,23016379,41776714414.0
2020-04-15,'000016,上证50,2764.4883,2788.0859,2761.4351,2783.276,2785.72,-21.2317,-0.7622,23051495,42309461738.0
2020-04-14,'000016,上证50,2785.72,2785.8013,2745.9902,2756.4996,2739.1666,46.5534,1.6995,26722995,48384370745.0
2020-04-13,'000016,上证50,2739.1666,2749.4787,2731.0289,2740.0926,2749.8466,-10.68,-0.3884,19187662,30636073111.0
2020-04-10,'000016,上证50,2749.8466,2787.2835,2742.5231,2755.1967,2752.588,-2.7414,-0.0996,25444794,43526674662.0
2020-04-09,'000016,上证50,2752.588,2760.586,2749.4162,2754.7165,2743.8865,8.7015,0.3171,23820497,38382876852.0
2020-04-08,'000016,上证50,2743.8865,2753.493,2736.0926,2742.357,2757.4064,-13.5199,-0.4903,25401676,38559903637.0
2020-04-07,'000016,上证50,2757.4064,2762.3061,2743.1591,2756.2704,2708.8246,48.5818,1.7935,35954651,59656453010.0
2020-04-03,'000016,上证50,2708.8246,2720.8444,2697.8315,2707.8191,2719.8864,-11.0618,-0.4067,24444559,39428104565.0
2020-04-02,'000016,上证50,2719.8864,2719.8864,2665.8054,2667.9405,2682.0795,37.8069,1.4096,28730893,43855142486.0
2020-04-01,'000016,上证50,2682.0795,2722.3249,2680.0773,2684.5001,2689.379,-7.2995,-0.2714,27519373,44240194623.0
2020-03-31,'000016,上证50,2689.379,2716.021,2684.2066,2713.4987,2690.042,-0.663,-0.0246,30299038,46061513613.0
2020-03-30,'000016,上证50,2690.042,2696.3305,2664.7175,2667.1202,2701.4447,-11.4027,-0.4221,34049707,52410857487.0
2020-03-27,'000016,上证50,2701.4447,2733.5206,2701.4447,2722.4681,2689.2803,12.1644,0.4523,35386945,56316143419.0
2020-03-26,'000016,上证50,2689.2803,2716.3354,2673.4409,2676.6159,2700.1865,-10.9062,-0.4039,28226021,47526067796.0
2020-03-25,'000016,上证50,2700.1865,2711.1171,2681.0877,2700.0961,2639.3834,60.8031,2.3037,38491194,66439253951.0
2020-03-24,'000016,上证50,2639.3834,2641.8733,2592.605,2608.2448,2559.6192,79.7642,3.1163,36868414,62053255970.0
2020-03-23,'000016,上证50,2559.6192,2586.1059,2548.0038,2548.8455,2628.4161,-68.7969,-2.6174,32549721,56761578580.0
2020-03-20,'000016,上证50,2628.4161,2636.1406,2580.3573,2597.9793,2569.7891,58.627,2.2814,37231436,61882459787.0
2020-03-19,'000016,上证50,2569.7891,2630.0517,2517.3038,2611.7496,2625.747,-55.9579,-2.1311,49523528,83641800955.0
2020-03-18,'000016,上证50,2625.747,2724.3019,2625.6003,2695.4241,2685.5907,-59.8437,-2.2283,37681392,66187348823.0
2020-03-17,'000016,上证50,2685.5907,2734.7985,2629.1822,2696.6972,2694.0229,-8.4322,-0.313,41532694,70083880488.0
2020-03-16,'000016,上证50,2694.0229,2800.1779,2689.8974,2799.9951,2798.7695,-104.7466,-3.7426,46971206,76460306996.0
2020-03-13,'000016,上证50,2798.7695,2826.7235,2715.1375,2720.6127,2841.9824,-43.2129,-1.5205,49061355,82814500305.0
2020-03-12,'000016,上证50,2841.9824,2866.1354,2828.2901,2858.511,2888.3612,-46.3788,-1.6057,37023632,60744920235.0
2020-03-11,'000016,上证50,2888.3612,2927.8282,2888.3612,2927.8282,2924.2165,-35.8553,-1.2262,36442062,58821559035.0
2020-03-10,'000016,上证50,2924.2165,2935.0871,2852.9348,2859.8694,2868.8297,55.3868,1.9306,48050530,76922299779.0
2020-03-09,'000016,上证50,2868.8297,2908.6266,2864.4901,2908.6266,2964.8348,-96.0051,-3.2381,58864747,89883304685.0
2020-03-06,'000016,上证50,2964.8348,2999.4851,2962.4034,2989.7649,3018.0701,-53.2353,-1.7639,41855288,69696068361.0
2020-03-05,'000016,上证50,3018.0701,3023.1232,2956.6513,2966.6862,2947.5666,70.5035,2.3919,60497966,1.05885810782e+11
2020-03-04,'000016,上证50,2947.5666,2949.5714,2919.3652,2921.0678,2921.4435,26.1231,0.8942,42569549,75555571895.0
2020-03-03,'000016,上证50,2921.4435,2948.551,2910.7565,2941.6796,2907.8863,13.5572,0.4662,53161398,84017213961.0
2020-03-02,'000016,上证50,2907.8863,2922.9511,2837.7737,2837.7737,2821.0419,86.8444,3.0785,54884776,85151778053.0
2020-02-28,'000016,上证50,2821.0419,2880.7949,2818.4296,2860.2818,2912.0364,-90.9945,-3.1248,58479965,90536233069.0
2020-02-27,'000016,上证50,2912.0364,2927.1985,2903.7471,2904.8654,2901.6734,10.363,0.3571,42152250,70016400801.0
2020-02-26,'000016,上证50,2901.6734,2930.0198,2872.8293,2877.4634,2909.324,-7.6506,-0.263,62965029,93491144919.0
2020-02-25,'000016,上证50,2909.324,2912.1596,2869.6431,2891.9788,2930.0332,-20.7092,-0.7068,53157948,88652948311.0
2020-02-24,'000016,上证50,2930.0332,2953.2947,2922.1628,2949.978,2968.1381,-38.1049,-1.2838,48637573,84187873408.0
2020-02-21,'000016,上证50,2968.1381,2991.0599,2959.5133,2965.6019,2978.1829,-10.0448,-0.3373,46920152,83241627529.0
2020-02-20,'000016,上证50,2978.1829,2981.2656,2920.7976,2931.3718,2923.7633,54.4196,1.8613,50229847,84693541389.0
2020-02-19,'000016,上证50,2923.7633,2942.3469,2914.5929,2917.1249,2924.3981,-0.6348,-0.0217,40270252,62808193987.0
2020-02-18,'000016,上证50,2924.3981,2944.4334,2914.9641,2940.646,2950.0699,-25.6718,-0.8702,38098991,60875096296.0
2020-02-17,'000016,上证50,2950.0699,2950.2826,2898.5925,2901.686,2895.0644,55.0055,1.9,45296532,72567316620.0
2020-02-14,'000016,上证50,2895.0644,2900.2032,2870.6285,2870.7125,2875.4794,19.585,0.6811,35125996,53270508174.0
2020-02-13,'000016,上证50,2875.4794,2906.7218,2871.2649,2898.3985,2895.5859,-20.1065,-0.6944,37434764,57844935035.0
2020-02-12,'000016,上证50,2895.5859,2895.9268,2870.768,2876.6708,2879.8575,15.7284,0.5462,31230750,52126941024.0
2020-02-11,'000016,上证50,2879.8575,2893.0673,2854.0722,2858.9245,2850.0642,29.7933,1.0454,36028244,58519424646.0
2020-02-10,'000016,上证50,2850.0642,2854.8289,2817.7707,2826.797,2851.7105,-1.6463,-0.0577,33654934,56648242800.0
2020-02-07,'000016,上证50,2851.7105,2851.8244,2819.6678,2836.7992,2854.8878,-3.1773,-0.1113,34443628,59065093713.0
2020-02-06,'000016,上证50,2854.8878,2866.3906,2809.3661,2829.5111,2812.8993,41.9885,1.4927,42134251,70417283280.0
2020-02-05,'000016,上证50,2812.8993,2833.2097,2782.4231,2803.7374,2794.6606,18.2387,0.6526,44182070,73422004369.0
2020-02-04,'000016,上证50,2794.6606,2796.7145,2724.1314,2724.1314,2727.0931,67.5675,2.4776,57016369,91856016286.0
2020-02-03,'000016,上证50,2727.0931,2755.8448,2676.0073,2676.0073,2932.4932,-205.4001,-7.0043,58609184,96131246474.0
2020-01-23,'000016,上证50,2932.4932,2993.7726,2910.3942,2993.7726,3017.8785,-85.3853,-2.8293,42839352,75506612217.0
2020-01-22,'000016,上证50,3017.8785,3023.9019,2965.6635,2996.8099,3012.1123,5.7662,0.1914,33159760,60509150074.0
2020-01-21,'000016,上证50,3012.1123,3050.8233,3011.1846,3048.9459,3065.9906,-53.8783,-1.7573,32801291,59740274199.0
2020-01-20,'000016,上证50,3065.9906,3072.2888,3054.4484,3070.6701,3053.1729,12.8177,0.4198,27274849,55623208185.0
2020-01-17,'000016,上证50,3053.1729,3067.5589,3042.5897,3054.0361,3043.0931,10.0798,0.3312,23304514,46224605665.0
2020-01-16,'000016,上证50,3043.0931,3068.1971,3039.0726,3067.95,3058.0078,-14.9147,-0.4877,28312318,45497746844.0
2020-01-15,'000016,上证50,3058.0078,3086.9662,3052.7047,3078.2528,3080.6016,-22.5938,-0.7334,28116086,46971571732.0
2020-01-14,'000016,上证50,3080.6016,3108.177,3078.4579,3097.7248,3090.1284,-9.5268,-0.3083,35129017,56961447503.0
2020-01-13,'000016,上证50,3090.1284,3090.131,3054.8783,3069.6784,3067.881,22.2474,0.7252,29330835,57052247475.0
2020-01-10,'000016,上证50,3067.881,3081.9568,3058.1642,3079.0765,3067.5456,0.3354,0.0109,28542389,51634929523.0
2020-01-09,'000016,上证50,3067.5456,3071.5392,3055.9906,3060.7743,3037.8525,29.6931,0.9774,33150515,57676819312.0
2020-01-08,'000016,上证50,3037.8525,3058.6969,3030.1048,3058.3585,3074.0152,-36.1627,-1.1764,37653773,59854842157.0
2020-01-07,'000016,上证50,3074.0152,3080.2714,3061.5608,3063.7464,3056.8359,17.1793,0.562,34371788,56886579547.0
2020-01-06,'000016,上证50,3056.8359,3090.8402,3040.1945,3062.2801,3078.2793,-21.4434,-0.6966,47707827,77770388109.0
2020-01-03,'000016,上证50,3078.2793,3097.4088,3072.1137,3097.2518,3090.8331,-12.5538,-0.4062,37185493,72346789170.0
2020-01-02,'000016,上证50,3090.8331,3107.5172,3073.9313,3073.9313,3063.219,27.6141,0.9015,50036392,94773729235.0
2019-12-31,'000016,上证50,3063.219,3065.3834,3043.9256,3057.2985,3062.75,0.469,0.0153,31074043,53266973812.0
2019-12-30,'000016,上证50,3062.75,3065.254,3007.9557,3016.1974,3017.7787,44.9713,1.4902,43666647,76973531995.0
2019-12-27,'000016,上证50,3017.7787,3047.6061,3012.0346,3012.0346,3011.6361,6.1426,0.204,34420274,57220452658.0
2019-12-26,'000016,上证50,3011.6361,3011.6361,2985.5298,2986.3067,2986.0036,25.6325,0.8584,23055824,38127469627.0
2019-12-25,'000016,上证50,2986.0036,2993.5575,2976.905,2993.364,2996.765,-10.7614,-0.3591,21384876,35451595655.0
2019-12-24,'000016,上证50,2996.765,2999.0779,2982.4184,2985.616,2984.2426,12.5224,0.4196,22275453,33020813117.0
2019-12-23,'000016,上证50,2984.2426,3028.5599,2982.0214,3015.294,3012.6257,-28.3831,-0.9421,27450023,46144913618.0
2019-12-20,'000016,上证50,3012.6257,3033.5621,3009.3843,3022.1196,3017.7128,-5.0871,-0.1686,25092228,42559312684.0
2019-12-19,'000016,上证50,3017.7128,3029.7019,3009.8707,3027.6745,3025.7847,-8.0719,-0.2668,26929092,42049273983.0
2019-12-18,'000016,上证50,3025.7847,3041.8336,3020.9464,3031.8873,3033.1423,-7.3576,-0.2426,32492619,53907140254.0
2019-12-17,'000016,上证50,3033.1423,3053.8259,2991.0763,3000.7842,2999.2015,33.9408,1.1317,47347335,76916508482.0
2019-12-16,'000016,上证50,2999.2015,2999.5334,2983.1944,2999.5,3006.3127,-7.1112,-0.2365,33429792,61966979309.0
2019-12-13,'000016,上证50,3006.3127,3006.3127,2967.8521,2968.8629,2938.0443,68.2684,2.3236,41894582,66647265267.0
2019-12-12,'000016,上证50,2938.0443,2954.4045,2933.9971,2954.4045,2949.6467,-11.6024,-0.3933,20689842,32958975342.0
2019-12-11,'000016,上证50,2949.6467,2953.9408,2934.0424,2947.5448,2936.9931,12.6536,0.4308,23592999,33641813421.0
2019-12-10,'000016,上证50,2936.9931,2937.7847,2923.7531,2925.9476,2933.0421,3.951,0.1347,20246093,31073840622.0
2019-12-09,'000016,上证50,2933.0421,2945.2674,2923.79,2944.163,2939.8184,-6.7763,-0.2305,25034095,38061107685.0
2019-12-06,'000016,上证50,2939.8184,2939.8184,2922.4325,2928.3611,2921.9474,17.871,0.6116,21383576,33592908702.0
2019-12-05,'000016,上证50,2921.9474,2927.343,2907.7664,2912.9421,2901.0663,20.8811,0.7198,22464511,35722565109.0
2019-12-04,'000016,上证50,2901.0663,2903.9443,2887.8402,2902.1339,2909.6232,-8.5569,-0.2941,19438168,29114650389.0
2019-12-03,'000016,上证50,2909.6232,2909.9524,2876.5169,2892.4185,2899.439,10.1842,0.3512,19088333,32162499173.0
2019-12-02,'000016,上证50,2899.439,2913.7354,2893.4178,2896.5099,2894.7154,4.7236,0.1632,21334638,34920130374.0
2019-11-29,'000016,上证50,2894.7154,2927.2507,2879.933,2923.4516,2930.4816,-35.7662,-1.2205,20790150,41700315742.0
2019-11-28,'000016,上证50,2930.4816,2952.2563,2922.5536,2945.3402,2944.3218,-13.8402,-0.4701,17773346,26320955927.0
2019-11-27,'000016,上证50,2944.3218,2953.3941,2933.279,2948.3424,2946.5669,-2.2451,-0.0762,20359377,30182554462.0
2019-11-26,'000016,上证50,2946.5669,2965.3939,2943.5496,2962.3686,2951.2474,-4.6805,-0.1586,30225430,43776027994.0
2019-11-25,'000016,上证50,2951.2474,2951.7902,2925.4039,2926.15,2922.2669,28.9805,0.9917,33302211,47559848556.0
2019-11-22,'000016,上证50,2922.2669,2967.7766,2913.1797,2952.7739,2949.3369,-27.07,-0.9178,26802021,46004984009.0
2019-11-21,'000016,上证50,2949.3369,2957.3455,2940.1536,2957.0698,2968.1238,-18.7869,-0.633,21914452,35263796859.0
2019-11-20,'000016,上证50,2968.1238,2996.5056,2962.7139,2991.4207,3000.7451,-32.6213,-1.0871,22511696,33591330119.0
2019-11-19,'000016,上证50,3000.7451,3000.7451,2973.5742,2973.5742,2980.9457,19.7994,0.6642,24265871,36274061791.0
2019-11-18,'000016,上证50,2980.9457,2985.9703,2949.4736,2954.7759,2954.7013,26.2444,0.8882,23876300,34685922029.0
2019-11-15,'000016,上证50,2954.7013,2976.3702,2953.756,2972.4816,2968.5686,-13.8673,-0.4671,22029561,32519691044.0
2019-11-14,'000016,上证50,2968.5686,2980.6978,2964.9167,2975.4785,2967.6702,0.8984,0.0303,22123548,35768606330.0
2019-11-13,'000016,上证50,2967.6702,2976.2637,2955.0982,2967.6216,2971.3606,-3.6904,-0.1242,22621812,37211948985.0
2019-11-12,'000016,上证50,2971.3606,2978.1733,2954.7765,2972.9982,2965.7075,5.6531,0.1906,20527695,31297828286.0
2019-11-11,'000016,上证50,2965.7075,2995.1423,2962.6837,2995.1423,3012.4594,-46.7519,-1.552,28511827,40134019774.0
2019-11-08,'000016,上证50,3012.4594,3055.6015,3011.3658,3052.6911,3033.2991,-20.8397,-0.687,28297012,41316357581.0
2019-11-07,'000016,上证50,3033.2991,3044.724,3021.689,3034.1557,3032.7916,0.5075,0.0167,23317946,34760202782.0
2019-11-06,'000016,上证50,3032.7916,3045.4578,3024.75,3041.42,3039.9772,-7.1856,-0.2364,29174816,40808898076.0
2019-11-05,'000016,上证50,3039.9772,3065.9329,3015.7965,3024.8697,3022.2749,17.7023,0.5857,38359862,55760630462.0
2019-11-04,'000016,上证50,3022.2749,3025.6393,3011.2029,3012.938,3002.6488,19.6261,0.6536,30906972,47783955201.0
2019-11-01,'000016,上证50,3002.6488,3005.1768,2947.6039,2953.736,2954.734,47.9148,1.6216,28879939,46727802425.0
2019-10-31,'000016,上证50,2954.734,2966.5924,2948.327,2964.905,2952.1181,2.6159,0.0886,26277647,42158765560.0
2019-10-30,'000016,上证50,2952.1181,2971.8979,2946.9687,2966.7579,2968.2831,-16.165,-0.5446,21820115,33653353580.0
2019-10-29,'000016,上证50,2968.2831,2984.353,2968.2099,2982.4523,2981.3615,-13.0784,-0.4387,21802993,34000117675.0
2019-10-28,'000016,上证50,2981.3615,2984.9436,2962.3971,2967.6278,2967.0517,14.3098,0.4823,28490213,42480534075.0
2019-10-25,'000016,上证50,2967.0517,2970.5422,2935.0573,2955.5103,2959.0317,8.02,0.271,24522583,43830273347.0
2019-10-24,'000016,上证50,2959.0317,2976.3656,2945.6802,2963.3389,2954.3052,4.7265,0.16,24482739,34206450579.0
2019-10-23,'000016,上证50,2954.3052,2977.6799,2945.839,2969.9848,2973.2173,-18.9121,-0.6361,22633012,30608315034.0
2019-10-22,'000016,上证50,2973.2173,2983.8371,2956.904,2983.8371,2968.9051,4.3122,0.1452,21001262,29912296649.0
2019-10-21,'000016,上证50,2968.9051,2973.7936,2950.3037,2957.9695,2963.1753,5.7298,0.1934,24223543,36733975299.0
2019-10-18,'000016,上证50,2963.1753,3027.6051,2961.1326,3020.0093,3011.7535,-48.5782,-1.613,24631271,37356080207.0
2019-10-17,'000016,上证50,3011.7535,3018.6456,2997.8426,3009.6859,3004.7233,7.0302,0.234,18936107,31585237327.0
2019-10-16,'000016,上证50,3004.7233,3043.446,2999.379,3015.1656,3015.4202,-10.6969,-0.3547,26256367,42282388140.0
2019-10-15,'000016,上证50,3015.4202,3019.2939,3005.8718,3018.8599,3013.5334,1.8868,0.0626,25446083,37222300778.0
2019-10-14,'000016,上证50,3013.5334,3040.503,2997.6629,3007.3617,2983.1198,30.4136,1.0195,42543315,56735171968.0
2019-10-11,'000016,上证50,2983.1198,2989.7538,2945.0076,2952.4722,2940.8002,42.3196,1.4391,31177123,48168621426.0
2019-10-10,'000016,上证50,2940.8002,2944.0238,2910.3467,2917.8212,2922.9797,17.8205,0.6097,21996133,35842652303.0
2019-10-09,'000016,上证50,2922.9797,2931.6396,2896.2642,2908.1734,2922.348,0.6317,0.0216,26136018,40412670579.0
2019-10-08,'000016,上证50,2922.348,2938.8657,2898.534,2898.534,2897.7027,24.6453,0.8505,24961388,39074499529.0
2019-09-30,'000016,上证50,2897.7027,2933.5109,2897.6837,2917.0746,2929.4659,-31.7632,-1.0843,19233021,30265813218.0
2019-09-27,'000016,上证50,2929.4659,2934.3253,2916.0681,2929.3167,2927.8766,1.5893,0.0543,23014561,32422355452.0
2019-09-26,'000016,上证50,2927.8766,2952.8717,2926.5371,2939.6752,2928.8351,-0.9585,-0.0327,31466918,44815324820.0
2019-09-25,'000016,上证50,2928.8351,2942.0024,2923.151,2930.1396,2940.0806,-11.2455,-0.3825,22526512,35894449648.0
2019-09-24,'000016,上证50,2940.0806,2956.2923,2929.6015,2936.9522,2930.9132,9.1674,0.3128,22732296,40266780209.0
2019-09-23,'000016,上证50,2930.9132,2955.2647,2916.4293,2955.2647,2963.4349,-32.5217,-1.0974,23782646,39232461763.0
2019-09-20,'000016,上证50,2963.4349,2970.7227,2956.9157,2964.916,2956.8294,6.6055,0.2234,30230028,47729266703.0
2019-09-19,'000016,上证50,2956.8294,2965.1098,2941.6594,2965.0334,2954.3577,2.4717,0.0837,20942809,34846676699.0
2019-09-18,'000016,上证50,2954.3577,2967.8616,2947.6767,2947.9715,2937.0077,17.35,0.5907,23353923,41683898334.0
2019-09-17,'000016,上证50,2937.0077,2974.0089,2929.3061,2974.0089,2982.4481,-45.4404,-1.5236,30722495,45651979114.0
2019-09-16,'000016,上证50,2982.4481,3004.8778,2972.5785,3003.648,2999.5617,-17.1136,-0.5705,32533939,48002497941.0
2019-09-12,'000016,上证50,2999.5617,3001.2259,2963.4513,2970.0115,2957.1439,42.4178,1.4344,31824410,52267977331.0
2019-09-11,'000016,上证50,2957.1439,2980.6641,2946.5683,2978.9743,2969.8048,-12.6609,-0.4263,35199335,57420856053.0
2019-09-10,'000016,上证50,2969.8048,2988.0565,2958.3126,2987.5127,2981.5862,-11.7814,-0.3951,36034678,51347965821.0
2019-09-09,'000016,上证50,2981.5862,3008.6713,2974.2331,3004.8033,2981.0728,0.5134,0.0172,38695798,60012229467.0
2019-09-06,'000016,上证50,2981.0728,2981.2431,2955.8164,2974.8017,2955.8399,25.2329,0.8537,31465367,49253544124.0
2019-09-05,'000016,上证50,2955.8399,2988.208,2938.1378,2938.1378,2919.6782,36.1617,1.2386,52852272,79279041905.0
2019-09-04,'000016,上证50,2919.6782,2919.6782,2887.5852,2888.9717,2892.1821,27.4961,0.9507,37647144,53644453692.0
2019-09-03,'000016,上证50,2892.1821,2900.7638,2878.1,2897.2856,2894.9575,-2.7754,-0.0959,25904982,39972053324.0
2019-09-02,'000016,上证50,2894.9575,2902.4089,2866.7493,2871.2873,2872.401,22.5565,0.7853,29753214,45888749880.0
2019-08-30,'000016,上证50,2872.401,2886.3472,2856.0293,2878.2124,2855.4504,16.9506,0.5936,25922975,43825498629.0
2019-08-29,'000016,上证50,2855.4504,2871.6336,2843.282,2867.7679,2867.0269,-11.5765,-0.4038,22386670,37475570899.0
2019-08-28,'000016,上证50,2867.0269,2887.8516,2860.7114,2883.3474,2887.2385,-20.2116,-0.7,23610765,41588186589.0
2019-08-27,'000016,上证50,2887.2385,2915.8357,2880.9962,2883.4157,2863.4793,23.7592,0.8297,35741368,57183305449.0
2019-08-26,'000016,上证50,2863.4793,2882.4543,2854.5085,2869.462,2917.3773,-53.898,-1.8475,26436578,46412408381.0
2019-08-23,'000016,上证50,2917.3773,2923.9328,2876.0218,2880.5722,2878.0047,39.3726,1.3681,24138057,45464081993.0
2019-08-22,'000016,上证50,2878.0047,2881.0557,2862.4404,2878.7299,2869.2196,8.7851,0.3062,20493057,31209995919.0
2019-08-21,'000016,上证50,2869.2196,2875.0111,2864.8145,2868.6307,2875.653,-6.4334,-0.2237,21637444,31697839333.0
2019-08-20,'000016,上证50,2875.653,2883.5481,2864.7091,2869.1589,2877.2312,-1.5782,-0.0549,29817583,41610605926.0
2019-08-19,'000016,上证50,2877.2312,2877.4701,2823.8691,2839.2455,2824.2258,53.0054,1.8768,41911167,60087435549.0
2019-08-16,'000016,上证50,2824.2258,2846.257,2805.813,2817.266,2814.3881,9.8377,0.3496,24147328,40454103156.0
2019-08-15,'000016,上证50,2814.3881,2815.1501,2756.3765,2758.7354,2804.3553,10.0328,0.3578,25284675,35967053705.0
2019-08-14,'000016,上证50,2804.3553,2831.3419,2803.8644,2827.038,2792.9137,11.4416,0.4097,26108221,39001289672.0
2019-08-13,'000016,上证50,2792.9137,2812.4924,2787.1229,2807.9587,2824.8041,-31.8904,-1.1289,21464034,31203938404.0
2019-08-12,'000016,上证50,2824.8041,2825.0853,2782.7699,2787.4395,2772.1492,52.6549,1.8994,22136997,38630482198.0
2019-08-09,'000016,上证50,2772.1492,2802.8147,2767.1403,2800.4373,2786.8715,-14.7223,-0.5283,25380966,34104733906.0
2019-08-08,'000016,上证50,2786.8715,2790.1429,2768.7137,2771.4483,2747.2491,39.6224,1.4423,29406960,38752525711.0
2019-08-07,'000016,上证50,2747.2491,2773.9376,2747.2491,2771.2382,2760.6799,-13.4308,-0.4865,24588464,35131933910.0
2019-08-06,'000016,上证50,2760.6799,2771.7889,2718.2123,2736.6812,2786.7196,-26.0397,-0.9344,36941691,55246285326.0
2019-08-05,'000016,上证50,2786.7196,2828.4806,2785.9035,2823.3457,2843.7704,-57.0508,-2.0062,28350976,40869467540.0
2019-08-02,'000016,上证50,2843.7704,2852.1151,2831.6579,2837.3685,2887.8665,-44.0961,-1.5269,29943968,42769404924.0
2019-08-01,'000016,上证50,2887.8665,2909.4723,2880.3,2901.1544,2912.6612,-24.7947,-0.8513,24271683,34658797578.0
2019-07-31,'000016,上证50,2912.6612,2932.6499,2906.7079,2931.853,2944.025,-31.3638,-1.0653,23888034,36069124705.0
2019-07-30,'000016,上证50,2944.025,2958.2969,2938.8967,2939.1432,2930.4891,13.5359,0.4619,22696980,34400992660.0
2019-07-29,'000016,上证50,2930.4891,2938.7345,2922.6755,2936.6432,2939.3547,-8.8656,-0.3016,22372005,31238966123.0
2019-07-26,'000016,上证50,2939.3547,2943.0682,2918.0135,2918.1073,2931.1758,8.1789,0.279,23521864,33015285726.0
2019-07-25,'000016,上证50,2931.1758,2931.1758,2903.3126,2911.0081,2906.5502,24.6256,0.8472,22933113,34994770139.0
2019-07-24,'000016,上证50,2906.5502,2923.399,2894.5946,2894.9357,2881.0982,25.452,0.8834,26019871,40437283304.0
2019-07-23,'000016,上证50,2881.0982,2889.39,2871.5072,2885.7013,2881.9038,-0.8056,-0.028,20448748,29522996024.0
2019-07-22,'000016,上证50,2881.9038,2905.3508,2872.5271,2897.7856,2895.6249,-13.7211,-0.4739,23603184,33459223729.0
2019-07-19,'000016,上证50,2895.6249,2906.5473,2875.9013,2875.9644,2859.1646,36.4603,1.2752,22451089,36954836821.0
2019-07-18,'000016,上证50,2859.1646,2872.2421,2859.0691,2869.7295,2875.0299,-15.8653,-0.5518,19542086,30766133203.0
2019-07-17,'000016,上证50,2875.0299,2892.3352,2866.4655,2877.4885,2884.561,-9.5311,-0.3304,18099830,29234605319.0
2019-07-16,'000016,上证50,2884.561,2905.1108,2881.4038,2900.0461,2902.6099,-18.0489,-0.6218,17411517,29622629436.0
2019-07-15,'000016,上证50,2902.6099,2920.1567,2850.098,2885.9772,2902.1295,0.4804,0.0166,28196106,45518424627.0
2019-07-12,'000016,上证50,2902.1295,2912.8988,2878.2019,2883.0876,2887.8313,14.2982,0.4951,21454210,36102862033.0
2019-07-11,'000016,上证50,2887.8313,2918.9444,2879.6359,2897.4724,2878.7812,9.0501,0.3144,21157266,37057602466.0
2019-07-10,'000016,上证50,2878.7812,2897.5754,2870.6704,2896.7013,2881.5517,-2.7705,-0.0961,18911521,30567385964.0
2019-07-09,'000016,上证50,2881.5517,2902.143,2872.0295,2894.332,2897.5121,-15.9604,-0.5508,21374700,33052158094.0
2019-07-08,'000016,上证50,2897.5121,2944.973,2877.737,2944.973,2961.9222,-64.4101,-2.1746,33732588,48931992086.0
2019-07-05,'000016,上证50,2961.9222,2967.9828,2937.5953,2952.7138,2953.2719,8.6503,0.2929,23845345,37972405676.0
2019-07-04,'000016,上证50,2953.2719,2974.7974,2939.9707,2966.3315,2964.7309,-11.459,-0.3865,32928834,49240940052.0
2019-07-03,'000016,上证50,2964.7309,2990.0547,2953.6999,2990.0547,2999.0759,-34.345,-1.1452,33918965,52948819090.0
2019-07-02,'000016,上证50,2999.0759,3003.8838,2988.4701,3000.7803,3002.9395,-3.8636,-0.1287,34629488,50202955869.0
2019-07-01,'000016,上证50,3002.9395,3011.9096,2978.7515,2984.649,2930.5982,72.3413,2.4685,42622714,67658868002.0
2019-06-28,'000016,上证50,2930.5982,2937.2912,2911.6659,2932.6932,2937.1283,-6.5301,-0.2223,23708671,37348147063.0
2019-06-27,'000016,上证50,2937.1283,2952.9076,2914.962,2917.2036,2903.4868,33.6415,1.1587,33472487,54015595796.0
2019-06-26,'000016,上证50,2903.4868,2915.2351,2891.004,2896.7649,2910.1212,-6.6344,-0.228,24024660,36749515102.0
2019-06-25,'000016,上证50,2910.1212,2946.708,2875.3678,2946.0203,2949.5176,-39.3964,-1.3357,38165595,64510971965.0
2019-06-24,'000016,上证50,2949.5176,2958.0238,2931.6665,2942.5061,2938.7729,10.7447,0.3656,29016018,48517969569.0
2019-06-21,'000016,上证50,2938.7729,2958.2273,2929.9031,2939.6478,2942.6287,-3.8558,-0.131,46560205,68751725117.0
2019-06-20,'000016,上证50,2942.6287,2954.0326,2846.4352,2847.3173,2842.7358,99.8929,3.514,57360369,87264861450.0
2019-06-19,'000016,上证50,2842.7358,2879.2346,2842.4241,2872.0726,2806.454,36.2818,1.2928,41160110,61700813912.0
2019-06-18,'000016,上证50,2806.454,2809.866,2785.381,2800.8296,2793.7037,12.7503,0.4564,21676404,28833695211.0
2019-06-17,'000016,上证50,2793.7037,2813.4452,2785.4728,2785.4728,2785.6055,8.0982,0.2907,20477851,29172434999.0
2019-06-14,'000016,上证50,2785.6055,2816.1773,2781.7234,2798.396,2794.5361,-8.9306,-0.3196,26124830,35432680818.0
2019-06-13,'000016,上证50,2794.5361,2804.7555,2771.857,2798.0221,2796.7319,-2.1958,-0.0785,23452887,32358595721.0
2019-06-12,'000016,上证50,2796.7319,2805.0054,2790.1834,2802.5273,2812.8986,-16.1667,-0.5747,26445230,36655472039.0
2019-06-11,'000016,上证50,2812.8986,2816.9916,2750.541,2750.541,2743.3745,69.5241,2.5343,40850315,61099051334.0
2019-06-10,'000016,上证50,2743.3745,2752.8815,2712.1587,2717.9139,2706.7621,36.6124,1.3526,27088081,39536245731.0
2019-06-06,'000016,上证50,2706.7621,2727.697,2701.9208,2727.697,2719.5949,-12.8328,-0.4719,21390312,29226456028.0
2019-06-05,'000016,上证50,2719.5949,2747.2335,2717.932,2741.9384,2721.3139,-1.719,-0.0632,25766253,35126727113.0
2019-06-04,'000016,上证50,2721.3139,2746.5145,2713.8036,2744.6964,2743.0644,-21.7505,-0.7929,22275832,31497303914.0
2019-06-03,'000016,上证50,2743.0644,2762.0755,2723.9315,2737.8055,2728.9459,14.1185,0.5174,27092220,36382740306.0
2019-05-31,'000016,上证50,2728.9459,2762.387,2728.9459,2740.3026,2742.9635,-14.0176,-0.511,22188152,30748522003.0
2019-05-30,'000016,上证50,2742.9635,2752.6862,2721.8807,2748.4289,2755.8081,-12.8446,-0.4661,24398405,33563876794.0
2019-05-29,'000016,上证50,2755.8081,2780.3073,2724.8524,2728.4353,2748.7987,7.0094,0.255,24940857,42312700123.0
2019-05-28,'000016,上证50,2748.7987,2759.7788,2716.3083,2719.0611,2722.3345,26.4642,0.9721,34670056,50583998914.0
2019-05-27,'000016,上证50,2722.3345,2731.3037,2667.377,2696.2581,2702.0252,20.3093,0.7516,27243848,38602910973.0
2019-05-24,'000016,上证50,2702.0252,2722.3359,2692.5261,2693.8792,2685.9336,16.0916,0.5991,21237076,29272238812.0
2019-05-23,'000016,上证50,2685.9336,2713.9433,2679.542,2710.5727,2725.7343,-39.8007,-1.4602,27810156,37242029909.0
2019-05-22,'000016,上证50,2725.7343,2745.8568,2714.6498,2739.1115,2739.7852,-14.0509,-0.5128,23168729,31594205727.0
2019-05-21,'000016,上证50,2739.7852,2764.4834,2712.0423,2717.8744,2715.4315,24.3537,0.8969,26969051,38322653825.0
2019-05-20,'000016,上证50,2715.4315,2746.6596,2697.6087,2726.0683,2735.2124,-19.7809,-0.7232,31202646,41320624051.0
2019-05-17,'000016,上证50,2735.2124,2792.5061,2728.9346,2792.0771,2791.4146,-56.2022,-2.0134,30072063,42881486560.0
2019-05-16,'000016,上证50,2791.4146,2793.7622,2766.1496,2777.8502,2783.5439,7.8707,0.2828,28946302,39573599951.0
2019-05-15,'000016,上证50,2783.5439,2797.1531,2743.7809,2743.7809,2724.7337,58.8102,2.1584,30718920,47008658100.0
2019-05-14,'000016,上证50,2724.7337,2754.692,2716.7262,2716.7262,2741.1118,-16.3781,-0.5975,26222018,41690816220.0
2019-05-13,'000016,上证50,2741.1118,2767.4821,2736.8442,2751.7563,2793.7589,-52.6471,-1.8845,26590971,40076136382.0
2019-05-10,'000016,上证50,2793.7589,2798.874,2698.8068,2731.5772,2698.7804,94.9785,3.5193,39453278,64003883199.0
2019-05-09,'000016,上证50,2698.7804,2748.0071,2686.4667,2740.3494,2758.2435,-59.4631,-2.1558,30758681,52817873511.0
2019-05-08,'000016,上证50,2758.2435,2796.466,2750.9257,2753.6111,2806.2577,-48.0142,-1.711,30398772,47867856969.0
2019-05-07,'000016,上证50,2806.2577,2833.1959,2777.7344,2814.4689,2805.0354,1.2223,0.0436,35418177,59334292086.0
2019-05-06,'000016,上证50,2805.0354,2867.5971,2768.8013,2853.8845,2945.2438,-140.2084,-4.7605,62436063,93816546651.0
2019-04-30,'000016,上证50,2945.2438,2955.8842,2919.4939,2935.2412,2939.405,5.8388,0.1986,32127983,49535144401.0
2019-04-29,'000016,上证50,2939.405,2968.1622,2899.8271,2906.4685,2892.8568,46.5482,1.6091,39249355,60772631948.0
2019-04-26,'000016,上证50,2892.8568,2930.2088,2892.5275,2913.7749,2927.995,-35.1382,-1.2001,36562197,52261886800.0
2019-04-25,'000016,上证50,2927.995,2973.2227,2924.0247,2962.7414,2974.8473,-46.8523,-1.5749,38934483,52302557248.0
2019-04-24,'000016,上证50,2974.8473,3001.5342,2933.5281,2989.9591,2978.8451,-3.9978,-0.1342,35425729,51081275886.0
2019-04-23,'000016,上证50,2978.8451,3007.354,2964.9784,2967.9958,2970.488,8.3571,0.2813,41065456,57398711314.0
2019-04-22,'000016,上证50,2970.488,3048.8236,2962.3585,3047.4255,3042.4321,-71.9441,-2.3647,56759697,74865754208.0
2019-04-19,'000016,上证50,3042.4321,3043.9263,2989.548,3013.6723,3004.9245,37.5076,1.2482,39943672,56035404843.0
2019-04-18,'000016,上证50,3004.9245,3019.5447,2993.274,3014.9149,3017.4162,-12.4917,-0.414,39670684,50009082026.0
2019-04-17,'000016,上证50,3017.4162,3035.405,2996.7607,3017.3947,3023.0253,-5.6091,-0.1855,49960675,64317209035.0
2019-04-16,'000016,上证50,3023.0253,3023.0253,2909.665,2914.9897,2924.9257,98.0996,3.3539,70764163,85299156286.0
2019-04-15,'000016,上证50,2924.9257,2999.3259,2924.6018,2973.0222,2920.5151,4.4106,0.151,58437528,77706068531.0
2019-04-12,'000016,上证50,2920.5151,2933.4463,2903.2682,2920.5531,2928.4268,-7.9117,-0.2702,32521633,47318241100.0
2019-04-11,'000016,上证50,2928.4268,3000.0952,2920.1938,2982.3927,2979.0985,-50.6717,-1.7009,42811144,64001721559.0
2019-04-10,'000016,上证50,2979.0985,2996.4068,2941.3479,2957.2707,2967.5136,11.5849,0.3904,48692438,75072995998.0
2019-04-09,'000016,上证50,2967.5136,2980.1228,2948.3057,2968.0779,2962.2749,5.2387,0.1768,50802142,72309797814.0
2019-04-08,'000016,上证50,2962.2749,3007.8296,2938.6461,2978.5034,2951.9848,10.2901,0.3486,74531909,97533308615.0
2019-04-04,'000016,上证50,2951.9848,2959.5898,2921.2037,2927.1005,2920.0013,31.9835,1.0953,73035716,89999489242.0
2019-04-03,'000016,上证50,2920.0013,2923.9217,2865.296,2869.846,2888.5304,31.4709,1.0895,64723749,81562043792.0
2019-04-02,'000016,上证50,2888.5304,2903.8689,2878.3948,2900.6314,2892.619,-4.0886,-0.1413,61187461,77540948359.0
2019-04-01,'000016,上证50,2892.619,2906.1505,2860.144,2860.144,2838.5054,54.1136,1.9064,77912146,1.04513800658e+11
2019-03-29,'000016,上证50,2838.5054,2845.2279,2746.1134,2747.5418,2733.9743,104.5311,3.8234,59676669,90550418034.0
2019-03-28,'000016,上证50,2733.9743,2742.701,2709.3874,2728.0449,2741.5907,-7.6164,-0.2778,31840303,46631870202.0
2019-03-27,'000016,上证50,2741.5907,2751.7216,2714.095,2721.1376,2706.1537,35.437,1.3095,33542018,51900870707.0
2019-03-26,'000016,上证50,2706.1537,2739.2856,2693.9112,2737.3723,2718.1807,-12.027,-0.4425,40073955,52612740798.0
2019-03-25,'000016,上证50,2718.1807,2765.8419,2717.2935,2757.8104,2795.3909,-77.2102,-2.7621,52140915,66207961992.0
2019-03-22,'000016,上证50,2795.3909,2813.5151,2771.9562,2804.7176,2802.9647,-7.5738,-0.2702,35988070,50509047892.0
2019-03-21,'000016,上证50,2802.9647,2822.6336,2799.8337,2816.4519,2812.9179,-9.9532,-0.3538,43631385,63731399243.0
2019-03-20,'000016,上证50,2812.9179,2831.6252,2787.2834,2799.325,2806.8964,6.0215,0.2145,40322247,58429045852.0
2019-03-19,'000016,上证50,2806.8964,2842.4453,2797.717,2830.2422,2825.1837,-18.2873,-0.6473,43459056,62362679352.0
2019-03-18,'000016,上证50,2825.1837,2827.2603,2749.1986,2763.2251,2755.8053,69.3784,2.5175,61605235,87655202122.0
2019-03-15,'000016,上证50,2755.8053,2783.5066,2735.8626,2735.9993,2729.1324,26.6729,0.9773,44123096,67258458922.0
2019-03-14,'000016,上证50,2729.1324,2752.6613,2716.2685,2720.1882,2723.9618,5.1706,0.1898,43471813,62567909556.0
2019-03-13,'000016,上证50,2723.9618,2747.9566,2699.9803,2731.5007,2719.7727,4.1891,0.154,54064571,74117602733.0
2019-03-12,'000016,上证50,2719.7727,2759.6093,2704.6928,2730.5292,2708.5982,11.1745,0.4126,64867544,85051842954.0
2019-03-11,'000016,上证50,2708.5982,2714.0892,2670.7929,2683.7646,2685.592,23.0062,0.8567,52014052,70198689432.0
2019-03-08,'000016,上证50,2685.592,2753.5526,2684.1969,2731.5301,2789.7001,-104.1081,-3.7319,72033928,96388376525.0
2019-03-07,'000016,上证50,2789.7001,2831.3614,2773.3527,2831.3614,2840.2717,-50.5716,-1.7805,73263959,1.02232455265e+11
2019-03-06,'000016,上证50,2840.2717,2847.3784,2797.5022,2827.8574,2828.8685,11.4032,0.4031,69492224,91060938203.0
2019-03-05,'000016,上证50,2828.8685,2835.106,2807.1226,2829.4997,2832.5878,-3.7193,-0.1313,60349235,75288723604.0
2019-03-04,'000016,上证50,2832.5878,2907.8176,2816.9787,2839.4045,2819.4681,13.1197,0.4653,92180167,1.18854256221e+11
2019-03-01,'000016,上证50,2819.4681,2819.4681,2747.2132,2764.9462,2743.9716,75.4965,2.7514,56100147,76333697134.0
2019-02-28,'000016,上证50,2743.9716,2767.8608,2733.0302,2749.8699,2750.3391,-6.3675,-0.2315,46340959,62186339126.0
2019-02-27,'000016,上证50,2750.3391,2794.9321,2722.3094,2739.1109,2733.9005,16.4386,0.6013,75508865,91098634597.0
2019-02-26,'000016,上证50,2733.9005,2804.1631,2729.4761,2781.3088,2787.6987,-53.7982,-1.9298,87230161,1.14283254756e+11
2019-02-25,'000016,上证50,2787.6987,2788.6667,2652.9056,2652.9056,2623.0736,164.6251,6.276,96939051,1.25003280129e+11
2019-02-22,'000016,上证50,2623.0736,2623.0931,2555.7256,2575.9981,2577.2255,45.8481,1.779,41384151,53491957465.0
2019-02-21,'000016,上证50,2577.2255,2615.4696,2569.4752,2586.7389,2588.166,-10.9405,-0.4227,35252855,44405018411.0
2019-02-20,'000016,上证50,2588.166,2599.5452,2569.983,2593.7887,2579.0463,9.1197,0.3536,29965181,38166831752.0
2019-02-19,'000016,上证50,2579.0463,2614.3646,2568.1759,2586.8583,2582.8512,-3.8049,-0.1473,37907379,49607504218.0
2019-02-18,'000016,上证50,2582.8512,2583.3972,2540.2963,2540.5321,2517.4622,65.389,2.5974,37400592,47875957598.0
2019-02-15,'000016,上证50,2517.4622,2568.7861,2515.8877,2566.3365,2576.3062,-58.844,-2.284,30315796,39093901907.0
2019-02-14,'000016,上证50,2576.3062,2585.5084,2564.8712,2572.6415,2580.6116,-4.3054,-0.1668,27718515,35168460065.0
2019-02-13,'000016,上证50,2580.6116,2587.8764,2528.2264,2538.4162,2533.1817,47.4299,1.8723,39821832,48008835511.0
2019-02-12,'000016,上证50,2533.1817,2537.2935,2515.026,2528.103,2527.4736,5.7081,0.2258,25458804,33771727407.0
2019-02-11,'000016,上证50,2527.4736,2528.3844,2484.6479,2485.5032,2499.6442,27.8294,1.1133,25211570,34715191184.0
2019-02-01,'000016,上证50,2499.6442,2503.5526,2479.3375,2502.1044,2483.4709,16.1733,0.6512,21950054,29364022984.0
2019-01-31,'000016,上证50,2483.4709,2487.0965,2450.1839,2454.6436,2440.0146,43.4563,1.781,26681298,34141608094.0
2019-01-30,'000016,上证50,2440.0146,2462.6055,2439.3315,2445.8648,2455.8968,-15.8822,-0.6467,17835170,22414217284.0
2019-01-29,'000016,上证50,2455.8968,2461.5178,2423.4611,2433.3057,2437.0261,18.8707,0.7743,21863480,27141683077.0
2019-01-28,'000016,上证50,2437.0261,2473.1187,2429.8798,2455.2764,2441.64,-4.6139,-0.189,23468163,32696609436.0
2019-01-25,'000016,上证50,2441.64,2453.6657,2418.0088,2419.2563,2411.5621,30.0779,1.2472,25683679,32544229949.0
2019-01-24,'000016,上证50,2411.5621,2414.888,2385.0986,2401.3761,2397.0493,14.5128,0.6054,20415697,27328503933.0
2019-01-23,'000016,上证50,2397.0493,2414.024,2392.6418,2397.4091,2401.233,-4.1837,-0.1742,16290135,20185057238.0
2019-01-22,'000016,上证50,2401.233,2430.4346,2394.1847,2430.4346,2432.487,-31.254,-1.2849,19373137,25702750008.0
2019-01-21,'000016,上证50,2432.487,2443.2254,2418.0047,2418.0047,2417.363,15.124,0.6256,26237236,33912529398.0
2019-01-18,'000016,上证50,2417.363,2422.029,2380.5624,2385.6219,2371.3481,46.0149,1.9405,30088200,37495330100.0
2019-01-17,'000016,上证50,2371.3481,2396.7993,2370.5809,2388.5925,2381.2178,-9.8697,-0.4145,21555000,26964929419.0
2019-01-16,'000016,上证50,2381.2178,2385.216,2366.3446,2375.1705,2378.3696,2.8482,0.1198,18097039,25235752765.0
2019-01-15,'000016,上证50,2378.3696,2380.5995,2332.4095,2337.7021,2331.1358,47.2338,2.0262,22466336,32220714370.0
2019-01-14,'000016,上证50,2331.1358,2354.3082,2330.0042,2350.256,2354.4987,-23.3629,-0.9923,16462252,20643865539.0
2019-01-11,'000016,上证50,2354.4987,2360.0609,2334.9145,2342.0236,2331.8507,22.648,0.9712,18417693,24514111745.0
2019-01-10,'000016,上证50,2331.8507,2345.3313,2321.3049,2333.2162,2332.7192,-0.8685,-0.0372,22280507,28880603065.0
2019-01-09,'000016,上证50,2332.7192,2360.3601,2318.4352,2320.9119,2305.1708,27.5484,1.1951,28747596,37485405834.0
2019-01-08,'000016,上证50,2305.1708,2312.1705,2298.9548,2312.1705,2314.3193,-9.1485,-0.3953,18131160,22329122125.0
2019-01-07,'000016,上证50,2314.3193,2331.6031,2306.8979,2329.0316,2314.6466,-0.3273,-0.0141,25278948,31955994374.0
2019-01-04,'000016,上证50,2314.6466,2316.3528,2249.3658,2252.7449,2269.243,45.4036,2.0008,25900596,34317942561.0
2019-01-03,'000016,上证50,2269.243,2287.7778,2253.9433,2259.4825,2262.7908,6.4522,0.2851,18895240,24534925485.0
2019-01-02,'000016,上证50,2262.7908,2301.0552,2252.7479,2298.1805,2293.0985,-30.3077,-1.3217,20880697,28119934116.0
2018-12-28,'000016,上证50,2293.0985,2305.9083,2278.2485,2279.6989,2276.0571,17.0414,0.7487,24277348,30980579878.0
2018-12-27,'000016,上证50,2276.0571,2313.0456,2275.0369,2310.8103,2281.5579,-5.5008,-0.2411,26756215,29948335973.0
2018-12-26,'000016,上证50,2281.5579,2303.1968,2278.2937,2293.288,2297.3326,-15.7747,-0.6867,15787164,18688492953.0
2018-12-25,'000016,上证50,2297.3326,2308.6053,2256.4712,2285.66,2309.2327,-11.9001,-0.5153,24003262,27287608705.0
2018-12-24,'000016,上证50,2309.2327,2311.7347,2286.9894,2293.7481,2306.1451,3.0876,0.1339,18318296,21344497127.0
2018-12-21,'000016,上证50,2306.1451,2327.4365,2288.4047,2325.9784,2334.9217,-28.7766,-1.2324,24752807,31278956943.0
2018-12-20,'000016,上证50,2334.9217,2372.3737,2319.0959,2363.0038,2369.5483,-34.6266,-1.4613,26893461,32198354747.0
2018-12-19,'000016,上证50,2369.5483,2403.895,2366.4002,2401.9082,2397.8676,-28.3193,-1.181,18664633,25313964258.0
2018-12-18,'000016,上证50,2397.8676,2427.6848,2388.9827,2409.5758,2425.9446,-28.077,-1.1574,20681269,25490008672.0
2018-12-17,'000016,上证50,2425.9446,2430.8886,2409.0091,2420.5763,2423.3814,2.5632,0.1058,21170997,27336830902.0
2018-12-14,'000016,上证50,2423.3814,2448.7983,2423.0881,2446.8102,2457.9046,-34.5232,-1.4046,25855357,30934773981.0
2018-12-13,'000016,上证50,2457.9046,2469.6995,2423.5699,2429.3884,2423.3178,34.5868,1.4272,28085510,36815471968.0
2018-12-12,'000016,上证50,2423.3178,2437.6058,2414.3308,2437.6058,2415.5777,7.7401,0.3204,14230846,18683315585.0
2018-12-11,'000016,上证50,2415.5777,2420.5205,2405.8651,2408.9163,2408.6063,6.9714,0.2894,12885505,17056710344.0
2018-12-10,'000016,上证50,2408.6063,2425.7352,2399.3225,2410.1674,2430.7223,-22.116,-0.9099,17586515,23162583367.0
2018-12-07,'000016,上证50,2430.7223,2444.9849,2427.8872,2441.375,2434.4908,-3.7685,-0.1548,14534653,20820781624.0
2018-12-06,'000016,上证50,2434.4908,2460.2306,2431.8647,2453.5629,2481.7917,-47.3009,-1.9059,21671205,29561052080.0
2018-12-05,'000016,上证50,2481.7917,2492.3155,2465.2516,2467.5552,2496.1425,-14.3508,-0.5749,20483609,27883112760.0
2018-12-04,'000016,上证50,2496.1425,2496.8141,2476.9076,2488.5753,2488.0567,8.0858,0.325,23849605,30722358309.0
2018-12-03,'000016,上证50,2488.0567,2500.5679,2467.9351,2492.4334,2428.0445,60.0122,2.4716,35369612,48628578697.0
2018-11-30,'000016,上证50,2428.0445,2430.6502,2402.544,2403.2314,2401.8524,26.1921,1.0905,19322534,23150338247.0
2018-11-29,'000016,上证50,2401.8524,2441.4157,2401.8524,2437.9202,2421.1336,-19.2812,-0.7964,19845353,25290387059.0
2018-11-28,'000016,上证50,2421.1336,2426.6596,2394.2508,2396.295,2394.2943,26.8393,1.121,17059686,21351171716.0
2018-11-27,'000016,上证50,2394.2943,2416.4379,2387.9268,2407.2269,2401.8978,-7.6035,-0.3166,14968936,17940814844.0
2018-11-26,'000016,上证50,2401.8978,2423.4624,2393.9788,2409.4683,2399.2026,2.6952,0.1123,16215339,18832300553.0
2018-11-23,'000016,上证50,2399.2026,2441.3181,2398.7265,2433.5345,2437.6387,-38.4361,-1.5768,21219889,24231459148.0
2018-11-22,'000016,上证50,2437.6387,2456.9128,2426.123,2455.7711,2451.2723,-13.6336,-0.5562,16424828,21069166872.0
2018-11-21,'000016,上证50,2451.2723,2454.4595,2425.2317,2425.7163,2446.7911,4.4812,0.1831,21904534,26826856469.0
2018-11-20,'000016,上证50,2446.7911,2484.0128,2441.849,2475.2281,2492.0842,-45.2931,-1.8175,26945322,32913380850.0
2018-11-19,'000016,上证50,2492.0842,2492.0842,2461.7951,2466.4298,2461.4445,30.6397,1.2448,29720153,38040917146.0
2018-11-16,'000016,上证50,2461.4445,2482.4414,2443.1173,2458.4768,2459.1411,2.3034,0.0937,31500583,39145116369.0
2018-11-15,'000016,上证50,2459.1411,2459.4347,2427.0666,2430.1865,2429.9857,29.1554,1.1998,24745017,30254544229.0
2018-11-14,'000016,上证50,2429.9857,2462.1775,2425.9666,2462.1775,2462.9726,-32.9869,-1.3393,27016565,31710018989.0
2018-11-13,'000016,上证50,2462.9726,2474.8233,2413.7763,2415.2991,2444.9673,18.0053,0.7364,27681898,34914183934.0
2018-11-12,'000016,上证50,2444.9673,2447.4621,2419.9674,2426.8266,2434.212,10.7553,0.4418,22907299,29682528968.0
2018-11-09,'000016,上证50,2434.212,2469.89,2434.0811,2469.89,2485.9978,-51.7858,-2.0831,28036742,30360304998.0
2018-11-08,'000016,上证50,2485.9978,2511.0045,2480.3278,2507.5932,2482.3343,3.6635,0.1476,20311246,26155585331.0
2018-11-07,'000016,上证50,2482.3343,2521.1509,2479.2489,2503.6814,2499.6793,-17.345,-0.6939,26158564,30891232864.0
2018-11-06,'000016,上证50,2499.6793,2509.6404,2478.3756,2507.3589,2511.5897,-11.9104,-0.4742,22102400,27830069266.0
2018-11-05,'000016,上证50,2511.5897,2524.6516,2489.593,2520.8774,2542.768,-31.1783,-1.2262,28262359,37305733730.0
2018-11-02,'000016,上证50,2542.768,2544.1873,2489.0674,2522.39,2460.1619,82.6061,3.3578,47328804,62090716320.0
2018-11-01,'000016,上证50,2460.1619,2500.1246,2455.7319,2474.2673,2451.1207,9.0412,0.3689,37694390,50794892605.0
2018-10-31,'000016,上证50,2451.1207,2460.8368,2413.3366,2424.1609,2415.6485,35.4722,1.4684,34500763,44512207236.0
2018-10-30,'000016,上证50,2415.6485,2449.2854,2378.818,2380.4668,2389.5766,26.0719,1.0911,32464786,52081900276.0
2018-10-29,'000016,上证50,2389.5766,2465.3693,2377.9853,2461.9241,2468.9096,-79.333,-3.2133,28728277,40215886720.0
2018-10-26,'000016,上证50,2468.9096,2499.7579,2445.829,2486.9974,2485.0987,-16.1891,-0.6514,28793335,37746236211.0
2018-10-25,'000016,上证50,2485.0987,2486.7575,2415.4865,2419.1129,2477.4883,7.6104,0.3072,31130039,43012012710.0
2018-10-24,'000016,上证50,2477.4883,2530.7742,2459.2123,2459.3203,2464.8117,12.6766,0.5143,37027581,48850258934.0
2018-10-23,'000016,上证50,2464.8117,2544.2958,2451.6704,2539.6511,2540.1521,-75.3404,-2.966,35418623,55621787795.0
2018-10-22,'000016,上证50,2540.1521,2566.627,2463.4925,2463.4925,2446.3196,93.8325,3.8357,46328068,64393838244.0
2018-10-19,'000016,上证50,2446.3196,2451.7576,2344.9814,2353.8361,2369.0679,77.2517,3.2608,31382548,42185839557.0
2018-10-18,'000016,上证50,2369.0679,2416.3723,2367.7141,2416.3723,2429.2145,-60.1466,-2.476,22765046,29580379005.0
2018-10-17,'000016,上证50,2429.2145,2451.1869,2384.1416,2446.478,2415.492,13.7225,0.5681,24854130,31533042167.0
2018-10-16,'000016,上证50,2415.492,2459.8784,2407.0034,2414.317,2412.4791,3.0129,0.1249,19832199,26111832842.0
2018-10-15,'000016,上证50,2412.4791,2448.257,2407.5483,2443.7309,2444.1305,-31.6514,-1.295,20543216,26673331724.0
2018-10-12,'000016,上证50,2444.1305,2452.6865,2390.994,2398.1799,2390.5025,53.628,2.2434,29000533,37470242153.0
2018-10-11,'000016,上证50,2390.5025,2446.3735,2369.0253,2412.2212,2494.0558,-103.5533,-4.152,36931486,47144413739.0
2018-10-10,'000016,上证50,2494.0558,2518.607,2472.1897,2495.8598,2491.6628,2.393,0.096,20421095,29055984671.0
2018-10-09,'000016,上证50,2491.6628,2506.2665,2476.3458,2481.5885,2486.8222,4.8406,0.1947,21668620,27821740445.0
2018-10-08,'000016,上证50,2486.8222,2548.8941,2481.1833,2544.4908,2606.6676,-119.8454,-4.5976,33707752,45896477010.0
2018-09-28,'000016,上证50,2606.6676,2618.8254,2577.9827,2580.6563,2575.4485,31.2191,1.2122,28780345,37086066741.0
2018-09-27,'000016,上证50,2575.4485,2584.0671,2561.576,2582.1155,2582.7666,-7.3181,-0.2833,22953309,29831869532.0
2018-09-26,'000016,上证50,2582.7666,2610.5899,2553.1663,2555.9205,2547.7911,34.9755,1.3728,33704338,45864299944.0
2018-09-25,'000016,上证50,2547.7911,2560.7169,2536.4278,2545.2136,2573.6031,-25.812,-1.003,24321290,29275324016.0
2018-09-21,'000016,上证50,2573.6031,2573.6031,2485.4117,2495.7377,2487.4223,86.1808,3.4647,41753278,46760013495.0
2018-09-20,'000016,上证50,2487.4223,2503.0998,2480.5359,2492.3952,2487.0771,0.3452,0.0139,22948441,27327581707.0
2018-09-19,'000016,上证50,2487.0771,2505.0027,2452.5801,2455.4421,2458.7677,28.3094,1.1514,28973848,38581196693.0
2018-09-18,'000016,上证50,2458.7677,2459.7704,2391.7279,2391.9463,2399.8807,58.887,2.4537,22891942,29860440834.0
2018-09-17,'000016,上证50,2399.8807,2418.1387,2397.9374,2411.3765,2425.4208,-25.5401,-1.053,13684293,18413972405.0
2018-09-14,'000016,上证50,2425.4208,2434.6738,2410.6633,2421.6597,2415.3115,10.1093,0.4186,16391883,22697487912.0
2018-09-13,'000016,上证50,2415.3115,2419.9987,2381.0254,2413.4104,2381.3883,33.9232,1.4245,21471991,28306392807.0
2018-09-12,'000016,上证50,2381.3883,2398.7281,2373.0362,2389.2845,2398.7678,-17.3795,-0.7245,16845245,22303172718.0
2018-09-11,'000016,上证50,2398.7678,2422.9416,2387.6431,2412.1806,2413.4258,-14.658,-0.6074,18111101,23434140834.0
2018-09-10,'000016,上证50,2413.4258,2440.107,2410.7861,2431.1783,2437.677,-24.2512,-0.9948,18041257,22252755105.0
2018-09-07,'000016,上证50,2437.677,2458.2582,2416.1616,2424.417,2416.0328,21.6442,0.8959,18360830,24990642531.0
2018-09-06,'000016,上证50,2416.0328,2449.8324,2408.934,2432.3952,2441.2299,-25.1971,-1.0321,20873911,26783391769.0
2018-09-05,'000016,上证50,2441.2299,2493.473,2441.2299,2488.9038,2500.4376,-59.2077,-2.3679,21316444,25994314951.0
2018-09-04,'000016,上证50,2500.4376,2507.0367,2451.7197,2467.2526,2465.8797,34.5579,1.4014,20593805,26778972753.0
2018-09-03,'000016,上证50,2465.8797,2470.5142,2445.8731,2461.86,2474.4765,-8.5968,-0.3474,18306655,23175179024.0
2018-08-31,'000016,上证50,2474.4765,2490.4603,2455.9854,2462.7956,2479.2095,-4.733,-0.1909,26221781,34676329320.0
2018-08-30,'000016,上证50,2479.2095,2519.401,2479.2095,2506.5297,2503.4801,-24.2706,-0.9695,18233552,24060028051.0
2018-08-29,'000016,上证50,2503.4801,2515.0018,2497.8187,2506.1492,2511.1452,-7.6651,-0.3052,18183977,22304401348.0
2018-08-28,'000016,上证50,2511.1452,2530.4967,2503.8061,2524.9224,2522.3395,-11.1943,-0.4438,21401627,27357476589.0
2018-08-27,'000016,上证50,2522.3395,2522.3395,2482.5165,2484.4092,2471.9989,50.3406,2.0364,28385082,36374960729.0
2018-08-24,'000016,上证50,2471.9989,2496.3853,2438.7209,2449.3718,2461.0673,10.9316,0.4442,20760608,25033439733.0
2018-08-23,'000016,上证50,2461.0673,2474.6885,2435.1603,2453.6554,2450.1537,10.9136,0.4454,18856430,26228812908.0
2018-08-22,'000016,上证50,2450.1537,2461.4007,2438.9424,2461.4007,2452.3833,-2.2296,-0.0909,16052916,23341039576.0
2018-08-21,'000016,上证50,2452.3833,2461.1357,2410.8882,2411.9829,2409.1289,43.2544,1.7954,24358955,32859740792.0
2018-08-20,'000016,上证50,2409.1289,2409.1289,2370.8243,2386.143,2374.1729,34.956,1.4723,23001283,29137721787.0
2018-08-17,'000016,上证50,2374.1729,2429.6778,2370.0406,2427.4705,2405.1638,-30.9909,-1.2885,20629848,27133585817.0
2018-08-16,'000016,上证50,2405.1638,2430.9171,2367.0476,2381.0087,2408.7219,-3.5581,-0.1477,25498718,29471698509.0
2018-08-15,'000016,上证50,2408.7219,2467.4461,2405.6043,2467.2474,2469.2002,-60.4783,-2.4493,19756173,25686441970.0
2018-08-14,'000016,上证50,2469.2002,2482.7051,2454.9847,2475.4668,2478.5086,-9.3084,-0.3756,17071931,20045977121.0
2018-08-13,'000016,上证50,2478.5086,2485.2335,2442.2277,2480.1013,2503.2058,-24.6972,-0.9866,22941849,26665351434.0
2018-08-10,'000016,上证50,2503.2058,2518.1091,2485.9756,2505.3103,2504.6172,-1.4114,-0.0564,19421209,24186557133.0
2018-08-09,'000016,上证50,2504.6172,2510.3592,2435.7942,2437.4492,2446.9978,57.6194,2.3547,26576959,34656639611.0
2018-08-08,'000016,上证50,2446.9978,2481.8426,2443.0683,2476.401,2479.7796,-32.7818,-1.322,23590929,29660523517.0
2018-08-07,'000016,上证50,2479.7796,2480.0957,2407.6426,2416.0124,2406.5365,73.2431,3.0435,29752110,36302268723.0
2018-08-06,'000016,上证50,2406.5365,2448.9765,2393.6822,2417.3015,2413.5032,-6.9667,-0.2887,25723041,32153359031.0
2018-08-03,'000016,上证50,2413.5032,2452.0665,2413.2507,2438.8435,2440.3127,-26.8095,-1.0986,21546213,27748476376.0
2018-08-02,'000016,上证50,2440.3127,2485.4082,2412.9611,2483.757,2490.2454,-49.9327,-2.0051,29601109,38564615487.0
2018-08-01,'000016,上证50,2490.2454,2570.3119,2489.1249,2557.605,2545.1243,-54.8789,-2.1562,27372269,34530061577.0
2018-07-31,'000016,上证50,2545.1243,2553.8068,2521.8197,2537.0289,2541.3081,3.8162,0.1502,20241929,24039711426.0
2018-07-30,'000016,上证50,2541.3081,2562.7609,2515.5526,2525.3808,2525.0915,16.2166,0.6422,24506255,31092980164.0
2018-07-27,'000016,上证50,2525.0915,2541.2253,2515.8892,2529.6595,2530.9913,-5.8998,-0.2331,18966728,24518467496.0
2018-07-26,'000016,上证50,2530.9913,2578.7151,2525.6665,2570.4844,2563.6871,-32.6958,-1.2753,25328431,31611476175.0
2018-07-25,'000016,上证50,2563.6871,2573.9594,2550.966,2573.9288,2563.5835,0.1036,0.004,26507281,32665789732.0
2018-07-24,'000016,上证50,2563.5835,2579.5931,2534.0715,2534.0715,2526.8127,36.7708,1.4552,48833416,59894611877.0
2018-07-23,'000016,上证50,2526.8127,2533.7736,2478.1883,2482.0482,2493.765,33.0477,1.3252,39625663,48771098188.0
2018-07-20,'000016,上证50,2493.765,2506.9362,2409.0533,2426.0974,2426.1628,67.6022,2.7864,34453471,43533098708.0
2018-07-19,'000016,上证50,2426.1628,2452.4453,2418.66,2432.8921,2420.7591,5.4037,0.2232,20446054,27782080917.0
2018-07-18,'000016,上证50,2420.7591,2458.4802,2419.3161,2437.3761,2430.4445,-9.6854,-0.3985,17807465,25693424280.0
2018-07-17,'000016,上证50,2430.4445,2446.0981,2414.3524,2443.5479,2448.765,-18.3205,-0.7482,16666433,23394743345.0
2018-07-16,'000016,上证50,2448.765,2484.1708,2438.8598,2471.1523,2476.8642,-28.0992,-1.1345,19872462,26038758256.0
2018-07-13,'000016,上证50,2476.8642,2481.5568,2464.9487,2480.8213,2474.6247,2.2395,0.0905,19832100,27255893768.0
2018-07-12,'000016,上证50,2474.6247,2490.4438,2425.6658,2425.6658,2432.2785,42.3462,1.741,27324093,35199534603.0
2018-07-11,'000016,上证50,2432.2785,2443.3456,2409.3108,2420.1787,2471.2299,-38.9514,-1.5762,20851901,25413234429.0
2018-07-10,'000016,上证50,2471.2299,2477.8448,2448.8609,2475.9776,2471.2851,-0.0552,-0.0022,21373460,27528532984.0
2018-07-09,'000016,上证50,2471.2851,2471.7978,2410.5172,2410.5172,2402.617,68.6681,2.8581,24333366,32262518042.0
2018-07-06,'000016,上证50,2402.617,2422.4035,2349.4759,2378.8689,2374.3553,28.2617,1.1903,24922030,34949296696.0
2018-07-05,'000016,上证50,2374.3553,2398.5647,2352.9749,2370.8634,2368.4251,5.9302,0.2504,25268639,31987649266.0
2018-07-04,'000016,上证50,2368.4251,2403.5109,2365.8939,2381.2531,2388.9763,-20.5512,-0.8603,19664477,25915678562.0
2018-07-03,'000016,上证50,2388.9763,2395.0801,2331.8404,2389.3604,2386.3765,2.5998,0.1089,29074680,41734889556.0
2018-07-02,'000016,上证50,2386.3765,2473.7343,2370.3999,2473.3116,2479.9115,-93.535,-3.7717,26108151,34815664914.0
2018-06-29,'000016,上证50,2479.9115,2481.3228,2429.5937,2431.8087,2425.1758,54.7357,2.257,20762653,28882933472.0
2018-06-28,'000016,上证50,2425.1758,2461.1738,2418.295,2431.8604,2452.6386,-27.4628,-1.1197,22856049,33377733487.0
2018-06-27,'000016,上证50,2452.6386,2512.5855,2438.0431,2500.0663,2506.7166,-54.078,-2.1573,27426919,38191024071.0
2018-06-26,'000016,上证50,2506.7166,2519.1612,2470.1462,2516.0829,2536.4599,-29.7433,-1.1726,26450100,36753950477.0
2018-06-25,'000016,上证50,2536.4599,2595.9885,2535.1222,2593.6247,2583.708,-47.2481,-1.8287,23443084,34770055543.0
2018-06-22,'000016,上证50,2583.708,2586.3338,2553.2993,2564.8679,2579.0517,4.6563,0.1805,19658834,27587280770.0
2018-06-21,'000016,上证50,2579.0517,2628.0383,2575.1735,2597.3032,2598.328,-19.2763,-0.7419,24632386,37656267118.0
2018-06-20,'000016,上证50,2598.328,2607.4674,2567.4983,2588.1187,2599.7801,-1.4521,-0.0559,23830855,37407473004.0
2018-06-19,'000016,上证50,2599.7801,2646.6398,2571.6922,2638.3951,2667.9751,-68.195,-2.5561,57574355,78041470955.0
2018-06-15,'000016,上证50,2667.9751,2677.3105,2657.506,2657.5896,2671.2975,-3.3224,-0.1244,25618389,36641713691.0
2018-06-14,'000016,上证50,2671.2975,2691.0449,2659.5741,2662.2343,2671.6265,-0.329,-0.0123,21356957,36200038471.0
2018-06-13,'000016,上证50,2671.6265,2686.0677,2662.7477,2681.3132,2687.7018,-16.0753,-0.5981,19387165,31276410277.0
2018-06-12,'000016,上证50,2687.7018,2691.9664,2650.9744,2662.3871,2660.4084,27.2934,1.0259,19643008,37585972996.0
2018-06-11,'000016,上证50,2660.4084,2665.9317,2633.082,2644.4271,2652.0823,8.3261,0.3139,19775018,34247914460.0
2018-06-08,'000016,上证50,2652.0823,2686.1535,2637.3625,2686.0929,2695.2374,-43.1551,-1.6012,26031212,34396136010.0
2018-06-07,'000016,上证50,2695.2374,2717.0637,2693.1048,2697.5121,2692.1807,3.0567,0.1135,23511030,37061172274.0
2018-06-06,'000016,上证50,2692.1807,2703.4144,2688.3289,2702.7119,2707.0168,-14.8361,-0.5481,20523118,32474828529.0
2018-06-05,'000016,上证50,2707.0168,2712.1161,2680.2417,2697.6934,2694.577,12.4398,0.4617,22214405,39274706066.0
2018-06-04,'000016,上证50,2694.577,2697.7518,2658.5681,2664.845,2647.1867,47.3903,1.7902,22546288,34965207424.0
2018-06-01,'000016,上证50,2647.1867,2664.3107,2637.3739,2652.2511,2658.2917,-11.105,-0.4177,20387624,27262324847.0
2018-05-31,'000016,上证50,2658.2917,2661.6567,2624.6717,2626.9376,2605.9005,52.3912,2.0105,26506810,40160427279.0
2018-05-30,'000016,上证50,2605.9005,2637.1916,2604.9059,2632.7129,2663.4034,-57.5029,-2.159,24208986,31639051769.0
2018-05-29,'000016,上证50,2663.4034,2676.6828,2642.8669,2666.8301,2673.1985,-9.7951,-0.3664,26895624,34869490393.0
2018-05-28,'000016,上证50,2673.1985,2682.7805,2650.398,2661.2082,2661.2911,11.9074,0.4474,18533039,25502551443.0
2018-05-25,'000016,上证50,2661.2911,2679.8487,2650.3387,2663.3212,2665.6758,-4.3847,-0.1645,19942205,22816577239.0
2018-05-24,'000016,上证50,2665.6758,2691.0337,2664.1226,2684.1321,2683.6934,-18.0176,-0.6714,19732689,23694518902.0
2018-05-23,'000016,上证50,2683.6934,2721.0206,2683.5856,2721.0206,2728.0004,-44.307,-1.6242,25426594,31024068020.0
2018-05-22,'000016,上证50,2728.0004,2744.3238,2711.0597,2744.3238,2745.8041,-17.8037,-0.6484,23340295,27343649959.0
2018-05-21,'000016,上证50,2745.8041,2761.7225,2739.6817,2753.8794,2740.5347,5.2694,0.1923,27766582,34138508286.0
2018-05-18,'000016,上证50,2740.5347,2741.014,2690.9915,2697.7172,2700.8768,39.6579,1.4683,22927267,28871526639.0
2018-05-17,'000016,上证50,2700.8768,2724.39,2698.1711,2720.7715,2716.7818,-15.905,-0.5854,16746907,22819122418.0
2018-05-16,'000016,上证50,2716.7818,2744.6179,2714.2644,2739.8948,2750.8309,-34.0491,-1.2378,21808679,29565944252.0
2018-05-15,'000016,上证50,2750.8309,2760.5682,2731.5668,2760.1979,2753.5353,-2.7044,-0.0982,22526422,29285882544.0
2018-05-14,'000016,上证50,2753.5353,2761.4948,2736.0351,2736.9752,2724.7162,28.8191,1.0577,27061501,36510022488.0
2018-05-11,'000016,上证50,2724.7162,2738.6456,2720.5471,2737.2278,2729.4001,-4.6839,-0.1716,23488885,28916753234.0
2018-05-10,'000016,上证50,2729.4001,2738.6293,2712.4744,2727.5158,2717.2393,12.1608,0.4475,19609175,26915822603.0
2018-05-09,'000016,上证50,2717.2393,2725.1955,2706.4814,2723.0859,2722.88,-5.6407,-0.2072,20264916,26836482892.0
2018-05-08,'000016,上证50,2722.88,2736.7572,2682.7941,2683.841,2683.8487,39.0313,1.4543,31644364,45366811968.0
2018-05-07,'000016,上证50,2683.8487,2686.221,2638.1682,2649.0997,2646.3548,37.4939,1.4168,26608010,39387560480.0
2018-05-04,'000016,上证50,2646.3548,2669.6982,2643.2567,2659.2724,2663.9752,-17.6204,-0.6614,20761663,27084460654.0
2018-05-03,'000016,上证50,2663.9752,2671.2449,2626.5404,2643.9661,2652.7311,11.2441,0.4239,26222350,34759395616.0
2018-05-02,'000016,上证50,2652.7311,2667.9624,2637.0612,2662.0787,2653.5436,-0.8125,-0.0306,26659402,36833147151.0
2018-04-27,'000016,上证50,2653.5436,2675.0958,2613.5267,2672.6362,2666.0239,-12.4803,-0.4681,28375248,50547114328.0
2018-04-26,'000016,上证50,2666.0239,2717.5693,2652.4225,2712.517,2702.9802,-36.9563,-1.3672,23533135,30650849167.0
2018-04-25,'000016,上证50,2702.9802,2717.3144,2696.2223,2707.7101,2722.8474,-19.8672,-0.7296,23501293,27772719983.0
2018-04-24,'000016,上证50,2722.8474,2737.2062,2669.6103,2669.6103,2664.9175,57.9299,2.1738,39445289,47857182807.0
2018-04-23,'000016,上证50,2664.9175,2671.0096,2636.6773,2637.071,2647.3763,17.5412,0.6626,25321251,29520126739.0
2018-04-20,'000016,上证50,2647.3763,2677.9209,2632.7466,2672.3583,2682.5518,-35.1755,-1.3113,28139647,34288995784.0
2018-04-19,'000016,上证50,2682.5518,2693.1359,2656.1487,2661.3006,2653.7691,28.7827,1.0846,26025677,34609094804.0
2018-04-18,'000016,上证50,2653.7691,2668.7892,2623.9744,2666.6167,2635.7032,18.0659,0.6854,31549903,40117474816.0
2018-04-17,'000016,上证50,2635.7032,2683.4957,2633.5923,2669.2648,2664.7045,-29.0013,-1.0883,27139751,34686808558.0
2018-04-16,'000016,上证50,2664.7045,2723.5796,2656.52,2716.5786,2726.3956,-61.6911,-2.2627,36748757,42548544190.0
2018-04-13,'000016,上证50,2726.3956,2771.0319,2724.1662,2765.6697,2749.6986,-23.303,-0.8475,21750014,26441150858.0
2018-04-12,'000016,上证50,2749.6986,2785.3072,2747.772,2785.1209,2785.3386,-35.64,-1.2796,26112148,32674719394.0
2018-04-11,'000016,上证50,2785.3386,2803.8806,2767.3767,2782.6714,2780.8036,4.535,0.1631,38988811,45163364683.0
2018-04-10,'000016,上证50,2780.8036,2781.2685,2710.8682,2719.517,2715.7318,65.0718,2.3961,38082535,46905059931.0
2018-04-09,'000016,上证50,2715.7318,2721.5909,2688.8314,2706.3294,2702.3692,13.3626,0.4945,26293549,35014124147.0
2018-04-04,'000016,上证50,2702.3692,2730.2484,2698.8863,2706.4205,2697.272,5.0972,0.189,26732258,37548671722.0
2018-04-03,'000016,上证50,2697.272,2709.9075,2683.048,2690.6325,2711.3735,-14.1015,-0.5201,28628162,36026223651.0
2018-04-02,'000016,上证50,2711.3735,2754.6509,2707.6327,2717.1183,2722.153,-10.7795,-0.396,34698719,43302463214.0
2018-03-30,'000016,上证50,2722.153,2740.8194,2714.7667,2735.6242,2738.7906,-16.6376,-0.6075,31681918,39358358981.0
2018-03-29,'000016,上证50,2738.7906,2757.7792,2657.492,2699.1359,2694.8259,43.9647,1.6314,42353919,57630689830.0
2018-03-28,'000016,上证50,2694.8259,2746.8803,2687.9567,2714.8736,2747.5872,-52.7613,-1.9203,34583486,50997098740.0
2018-03-27,'000016,上证50,2747.5872,2780.8388,2726.3603,2775.6346,2738.868,8.7192,0.3184,39211664,49589358458.0
2018-03-26,'000016,上证50,2738.868,2773.5378,2709.568,2767.3635,2791.4674,-52.5994,-1.8843,42742210,56021077844.0
2018-03-23,'000016,上证50,2791.4674,2800.2467,2754.6598,2786.531,2866.6702,-75.2028,-2.6234,62623251,74872353298.0
2018-03-22,'000016,上证50,2866.6702,2902.7671,2851.294,2894.1292,2894.1835,-27.5133,-0.9506,30505808,42875777208.0
2018-03-21,'000016,上证50,2894.1835,2932.2176,2879.5251,2928.9996,2904.3972,-10.2137,-0.3517,33388762,47299461831.0
2018-03-20,'000016,上证50,2904.3972,2907.5229,2877.0999,2878.9533,2897.2558,7.1414,0.2465,27129403,33929944349.0
2018-03-19,'000016,上证50,2897.2558,2898.2345,2856.171,2870.3649,2870.7318,26.524,0.9239,26042930,37418712946.0
2018-03-16,'000016,上证50,2870.7318,2911.1939,2869.9671,2895.5064,2894.9828,-24.251,-0.8377,27192101,36436840718.0
2018-03-15,'000016,上证50,2894.9828,2895.6118,2860.4136,2860.4136,2871.334,23.6488,0.8236,26260075,35212947634.0
2018-03-14,'000016,上证50,2871.334,2879.5374,2860.9695,2871.7227,2883.3771,-12.0431,-0.4177,30886301,36928754270.0
2018-03-13,'000016,上证50,2883.3771,2921.3074,2878.2003,2909.2478,2909.5793,-26.2022,-0.9005,40607603,44383331438.0
2018-03-12,'000016,上证50,2909.5793,2927.5081,2897.2355,2922.6177,2908.1974,1.3819,0.0475,44985076,54236062326.0
2018-03-09,'000016,上证50,2908.1974,2916.5531,2891.8682,2907.0416,2898.2542,9.9432,0.3431,31504490,39303801991.0
2018-03-08,'000016,上证50,2898.2542,2903.0532,2865.5516,2878.8198,2878.1506,20.1036,0.6985,28963037,37537677980.0
2018-03-07,'000016,上证50,2878.1506,2921.4421,2868.0359,2892.442,2892.4752,-14.3246,-0.4952,37917658,45394077229.0
2018-03-06,'000016,上证50,2892.4752,2893.462,2838.6092,2878.9177,2863.9909,28.4843,0.9946,47593576,53720112308.0
2018-03-05,'000016,上证50,2863.9909,2889.7377,2846.9319,2865.2016,2864.1834,-0.1925,-0.0067,29967149,36066405586.0
2018-03-02,'000016,上证50,2864.1834,2887.893,2852.0115,2864.1751,2891.2982,-27.1148,-0.9378,29864517,36583775828.0
2018-03-01,'000016,上证50,2891.2982,2907.2684,2852.4923,2859.09,2878.6666,12.6316,0.4388,32284888,40076068744.0
2018-02-28,'000016,上证50,2878.6666,2905.5729,2866.4622,2899.0023,2927.0968,-48.4302,-1.6545,38758134,47725005592.0
2018-02-27,'000016,上证50,2927.0968,2979.768,2918.007,2979.768,2973.7855,-46.6887,-1.57,46201435,54502425839.0
2018-02-26,'000016,上证50,2973.7855,2986.813,2933.5161,2973.8138,2957.171,16.6145,0.5618,50214027,58593508704.0
2018-02-23,'000016,上证50,2957.171,2966.7522,2926.3629,2941.4214,2931.8815,25.2895,0.8626,38207489,45850903406.0
2018-02-22,'000016,上证50,2931.8815,2936.8458,2900.8733,2915.9685,2871.7873,60.0942,2.0926,39297753,49214807418.0
2018-02-14,'000016,上证50,2871.7873,2877.0369,2841.2391,2859.8663,2852.7169,19.0704,0.6685,25349814,31690057642.0
2018-02-13,'000016,上证50,2852.7169,2887.893,2834.3901,2834.3901,2805.211,47.5059,1.6935,46622211,56890392995.0
2018-02-12,'000016,上证50,2805.211,2823.8067,2776.9576,2803.8592,2810.0273,-4.8163,-0.1714,46290004,56121422794.0
2018-02-09,'000016,上证50,2810.0273,2871.5441,2724.5915,2857.4334,2945.8438,-135.8165,-4.6104,91925899,1.1122259735e+11
2018-02-08,'000016,上证50,2945.8438,3019.2746,2911.403,2998.603,3029.6011,-83.7573,-2.7646,73117846,89454605332.0
2018-02-07,'000016,上证50,3029.6011,3166.6982,3020.3926,3147.323,3117.4905,-87.8894,-2.8192,94700492,1.19171431798e+11
2018-02-06,'000016,上证50,3117.4905,3140.0317,3094.4926,3114.3466,3181.3393,-63.8488,-2.007,98646622,1.27406400502e+11
2018-02-05,'000016,上证50,3181.3393,3181.5942,3095.9874,3098.6722,3149.6414,31.6979,1.0064,71607348,91528595257.0
2018-02-02,'000016,上证50,3149.6414,3150.697,3082.9941,3113.2991,3141.23,8.4114,0.2678,52901436,72098054089.0
2018-02-01,'000016,上证50,3141.23,3141.7685,3101.3386,3120.1331,3116.8331,24.3969,0.7827,72193287,92604918753.0
2018-01-31,'000016,上证50,3116.8331,3118.7622,3062.5284,3063.2335,3079.1178,37.7153,1.2249,55607397,72990261128.0
2018-01-30,'000016,上证50,3079.1178,3127.7506,3077.314,3109.1853,3120.6951,-41.5773,-1.3323,54275944,69473844578.0
2018-01-29,'000016,上证50,3120.6951,3197.8398,3107.9564,3184.298,3172.7776,-52.0825,-1.6415,72920214,96641913863.0
2018-01-26,'000016,上证50,3172.7776,3195.072,3147.4779,3147.4779,3157.4592,15.3184,0.4851,82164637,94465283690.0
2018-01-25,'000016,上证50,3157.4592,3177.4071,3124.4555,3171.3495,3180.3318,-22.8726,-0.7192,77363976,97574390990.0
2018-01-24,'000016,上证50,3180.3318,3202.4699,3150.5532,3189.7683,3176.5042,3.8276,0.1205,99130667,1.25182317027e+11
2018-01-23,'000016,上证50,3176.5042,3177.7627,3144.2813,3145.1079,3130.3299,46.1743,1.4751,101691899,1.20507375577e+11
2018-01-22,'000016,上证50,3130.3299,3144.8513,3104.4049,3104.9585,3117.8212,12.5087,0.4012,77465852,96853995904.0
2018-01-19,'000016,上证50,3117.8212,3145.9935,3100.4066,3122.672,3106.5516,11.2696,0.3628,94955302,1.17995222318e+11
2018-01-18,'000016,上证50,3106.5516,3125.8631,3084.2792,3096.2011,3076.1819,30.3697,0.9873,87706926,1.11974246516e+11
2018-01-17,'000016,上证50,3076.1819,3132.9929,3060.2185,3071.499,3063.8609,12.321,0.4021,91066330,1.19155711644e+11
2018-01-16,'000016,上证50,3063.8609,3065.1869,3035.7676,3041.3642,3048.8075,15.0534,0.4937,64262468,87195144294.0
2018-01-15,'000016,上证50,3048.8075,3070.9386,3022.4724,3027.2028,3018.5957,30.2118,1.0009,64988821,89764581677.0
2018-01-12,'000016,上证50,3018.5957,3019.702,2993.5648,2997.9008,2997.0448,21.5509,0.7191,38168296,55328487662.0
2018-01-11,'000016,上证50,2997.0448,3009.992,2981.3345,2986.7923,2995.5641,1.4807,0.0494,42351821,56280148974.0
2018-01-10,'000016,上证50,2995.5641,2999.7483,2966.1807,2968.3436,2969.3175,26.2466,0.8839,57763850,72207517696.0
2018-01-09,'000016,上证50,2969.3175,2972.4254,2947.1159,2947.5496,2947.7613,21.5562,0.7313,40589034,60495808429.0
2018-01-08,'000016,上证50,2947.7613,2952.344,2926.8709,2933.8245,2932.3558,15.4055,0.5254,58052793,82070565457.0
2018-01-05,'000016,上证50,2932.3558,2940.1799,2920.0843,2926.7782,2919.4787,12.8771,0.4411,49943348,62492266389.0
2018-01-04,'000016,上证50,2919.4787,2934.1518,2910.6624,2918.2559,2913.2596,6.2191,0.2135,43520711,59071711306.0
2018-01-03,'000016,上证50,2913.2596,2947.6307,2906.5984,2914.2787,2908.7318,4.5278,0.1557,48206865,69339662348.0
2018-01-02,'000016,上证50,2908.7318,2912.2694,2867.5282,2867.5282,2860.4363,48.2955,1.6884,54008668,63411514961.0
2017-12-29,'000016,上证50,2860.4363,2876.1918,2849.6787,2861.919,2859.0537,1.3826,0.0484,28631400,40451478933.0
2017-12-28,'000016,上证50,2859.0537,2870.8941,2829.542,2842.7313,2839.6346,19.4191,0.6839,34351482,51738560594.0
2017-12-27,'000016,上证50,2839.6346,2889.3088,2832.0229,2886.7003,2894.3358,-54.7012,-1.8899,32138676,45980785891.0
2017-12-26,'000016,上证50,2894.3358,2897.6178,2868.6044,2878.7538,2880.0968,14.239,0.4944,27001023,37479220536.0
2017-12-25,'000016,上证50,2880.0968,2915.6089,2868.8613,2882.2781,2880.7725,-0.6757,-0.0235,26314099,39860539032.0
2017-12-22,'000016,上证50,2880.7725,2897.0338,2876.0165,2891.7213,2895.3659,-14.5934,-0.504,18956880,27835325512.0
2017-12-21,'000016,上证50,2895.3659,2906.8072,2862.2294,2871.6834,2879.6434,15.7225,0.546,25781561,38962108359.0
2017-12-20,'000016,上证50,2879.6434,2887.2322,2861.5375,2874.0545,2873.0302,6.6132,0.2302,28458123,41956966180.0
2017-12-19,'000016,上证50,2873.0302,2873.6011,2827.4384,2829.549,2829.0585,43.9717,1.5543,23789168,38584552516.0
2017-12-18,'000016,上证50,2829.0585,2842.8138,2815.8199,2821.4191,2820.1666,8.8919,0.3153,20702573,29731950926.0
2017-12-15,'000016,上证50,2820.1666,2846.5165,2817.3175,2844.1017,2850.0458,-29.8792,-1.0484,26667418,35570708838.0
2017-12-14,'000016,上证50,2850.0458,2878.3211,2841.9207,2874.9463,2872.94,-22.8942,-0.7969,22766719,32316889274.0
2017-12-13,'000016,上证50,2872.94,2879.4054,2834.9278,2850.4681,2850.1969,22.7431,0.7979,22381649,33848005178.0
2017-12-12,'000016,上证50,2850.1969,2900.2742,2849.3918,2897.6645,2899.1036,-48.9067,-1.687,26086531,36558523502.0
2017-12-11,'000016,上证50,2899.1036,2900.1668,2857.9828,2862.6063,2865.3407,33.7629,1.1783,28687751,44155352637.0
2017-12-08,'000016,上证50,2865.3407,2872.8208,2832.7981,2843.2021,2848.888,16.4527,0.5775,25364927,37958647348.0
2017-12-07,'000016,上证50,2848.888,2875.7407,2828.2335,2868.2037,2875.7315,-26.8435,-0.9334,27940527,39788412878.0
2017-12-06,'000016,上证50,2875.7315,2897.2254,2845.1345,2897.2254,2910.4755,-34.744,-1.1938,31693883,46136992608.0
2017-12-05,'000016,上证50,2910.4755,2922.3279,2851.3166,2852.8197,2861.3609,49.1146,1.7165,59599972,78760354316.0
2017-12-04,'000016,上证50,2861.3609,2868.2937,2823.9355,2829.8111,2842.1841,19.1768,0.6747,26911901,42169177864.0
2017-12-01,'000016,上证50,2842.1841,2867.1148,2834.262,2861.8966,2863.4469,-21.2628,-0.7426,30789844,45681945059.0
2017-11-30,'000016,上证50,2863.4469,2895.5282,2850.3123,2878.5252,2893.2825,-29.8356,-1.0312,35802178,51612041701.0
2017-11-29,'000016,上证50,2893.2825,2914.0667,2855.8527,2905.3313,2897.107,-3.8245,-0.132,36005237,50246701565.0
2017-11-28,'000016,上证50,2897.107,2908.3648,2872.534,2900.0777,2917.306,-20.199,-0.6924,30693710,42668016391.0
2017-11-27,'000016,上证50,2917.306,2928.8632,2885.6037,2928.3575,2936.8339,-19.5279,-0.6649,50187197,67344522314.0
2017-11-24,'000016,上证50,2936.8339,2949.7937,2907.1,2934.4465,2940.7256,-3.8917,-0.1323,45426296,65421397402.0
2017-11-23,'000016,上证50,2940.7256,3018.2596,2919.6522,3003.7768,3012.3552,-71.6296,-2.3779,66990986,89773742201.0
2017-11-22,'000016,上证50,3012.3552,3038.2756,2989.8171,3001.9506,2987.1731,25.1821,0.843,74555729,99081500982.0
2017-11-21,'000016,上证50,2987.1731,3012.8935,2927.61,2928.9235,2941.1532,46.0199,1.5647,63648682,91543185659.0
2017-11-20,'000016,上证50,2941.1532,2942.1402,2897.2049,2916.7381,2938.7983,2.3549,0.0801,43840765,63399459397.0
2017-11-17,'000016,上证50,2938.7983,2940.7738,2867.5864,2868.5192,2879.3977,59.4006,2.063,68472023,94406687960.0
2017-11-16,'000016,上证50,2879.3977,2880.9834,2840.3621,2840.3621,2850.0504,29.3473,1.0297,32051824,49388290032.0
2017-11-15,'000016,上证50,2850.0504,2864.3659,2839.461,2848.7673,2861.4234,-11.373,-0.3975,32974209,46704463812.0
2017-11-14,'000016,上证50,2861.4234,2882.7922,2853.7768,2876.748,2873.5145,-12.0911,-0.4208,36037160,50380322667.0
2017-11-13,'000016,上证50,2873.5145,2885.7022,2865.721,2865.7827,2862.3432,11.1713,0.3903,48459049,57913427076.0
2017-11-10,'000016,上证50,2862.3432,2867.0623,2827.7397,2828.1222,2832.9612,29.382,1.0371,44198338,61842416412.0
2017-11-09,'000016,上证50,2832.9612,2834.5103,2809.9574,2814.5684,2819.9571,13.0041,0.4611,32704232,41950628735.0
2017-11-08,'000016,上证50,2819.9571,2846.2997,2811.1058,2818.6698,2821.9558,-1.9987,-0.0708,44768530,58278446355.0
2017-11-07,'000016,上证50,2821.9558,2832.1382,2792.7012,2794.1929,2792.2237,29.7321,1.0648,49368280,62260600286.0
2017-11-06,'000016,上证50,2792.2237,2798.4715,2776.9492,2798.4715,2800.4688,-8.2451,-0.2944,33268910,43470106571.0
2017-11-03,'000016,上证50,2800.4688,2803.3141,2770.1248,2789.5399,2794.1017,6.3671,0.2279,38906160,46914635940.0
2017-11-02,'000016,上证50,2794.1017,2796.4305,2771.1529,2788.1144,2789.4022,4.6995,0.1685,37526868,45419208697.0
2017-11-01,'000016,上证50,2789.4022,2816.2952,2782.0608,2795.1916,2793.7119,-4.3097,-0.1543,46204132,57994095087.0
2017-10-31,'000016,上证50,2793.7119,2797.7884,2785.1578,2795.5379,2809.1069,-15.395,-0.548,32370371,40543780867.0
2017-10-30,'000016,上证50,2809.1069,2822.5891,2780.0454,2812.2381,2814.272,-5.1651,-0.1835,48004879,62621423012.0
2017-10-27,'000016,上证50,2814.272,2815.419,2769.4266,2770.5287,2771.0435,43.2285,1.56,40301956,51199079647.0
2017-10-26,'000016,上证50,2771.0435,2788.6564,2753.7271,2760.0647,2752.1394,18.9041,0.6869,41473188,54784605665.0
2017-10-25,'000016,上证50,2752.1394,2756.7629,2746.2667,2753.9297,2753.6492,-1.5098,-0.0548,19646722,23785824324.0
2017-10-24,'000016,上证50,2753.6492,2762.594,2730.8414,2732.9435,2734.3683,19.2809,0.7051,24870827,33123069436.0
2017-10-23,'000016,上证50,2734.3683,2746.9989,2732.6321,2744.325,2737.6411,-3.2728,-0.1195,19546035,24707305078.0
2017-10-20,'000016,上证50,2737.6411,2746.2294,2733.7199,2744.4945,2756.0354,-18.3943,-0.6674,16098421,21717579711.0
2017-10-19,'000016,上证50,2756.0354,2756.0354,2743.1343,2750.6359,2753.0105,3.0249,0.1099,28617869,37232948624.0
2017-10-18,'000016,上证50,2753.0105,2753.9229,2723.7626,2725.6666,2723.5345,29.476,1.0823,28260821,35436442988.0
2017-10-17,'000016,上证50,2723.5345,2734.3072,2716.4042,2725.1997,2726.6423,-3.1078,-0.114,17979809,24598831240.0
2017-10-16,'000016,上证50,2726.6423,2741.0971,2715.0511,2719.3095,2713.3767,13.2656,0.4889,25575898,35091358627.0
2017-10-13,'000016,上证50,2713.3767,2722.2311,2711.9544,2716.0041,2718.3508,-4.9741,-0.183,19273409,26260593293.0
2017-10-12,'000016,上证50,2718.3508,2724.8346,2702.3134,2706.4203,2707.5221,10.8287,0.3999,23922877,31885586752.0
2017-10-11,'000016,上证50,2707.5221,2717.3281,2692.7692,2694.4982,2695.5374,11.9847,0.4446,24598483,33211929719.0
2017-10-10,'000016,上证50,2695.5374,2711.3065,2671.9426,2693.251,2692.0769,3.4605,0.1285,29974727,43282245847.0
2017-10-09,'000016,上证50,2692.0769,2743.3643,2688.5382,2736.8345,2672.3272,19.7497,0.739,41489292,48635654051.0
2017-09-29,'000016,上证50,2672.3272,2682.1695,2660.8582,2661.5229,2661.2832,11.044,0.415,20204668,27595164102.0
2017-09-28,'000016,上证50,2661.2832,2663.6951,2653.4645,2661.5413,2661.5532,-0.27,-0.0101,21661881,26189371648.0
2017-09-27,'000016,上证50,2661.5532,2677.7437,2659.5963,2674.4102,2678.9912,-17.438,-0.6509,20058637,25198603171.0
2017-09-26,'000016,上证50,2678.9912,2681.2329,2673.3966,2673.5445,2680.6516,-1.6604,-0.0619,19283177,24098925149.0
2017-09-25,'000016,上证50,2680.6516,2682.7495,2667.3055,2672.9453,2679.0529,1.5987,0.0597,31981420,39930427514.0
2017-09-22,'000016,上证50,2679.0529,2686.4094,2662.8382,2666.6655,2675.5508,3.5021,0.1309,26359750,33471981305.0
2017-09-21,'000016,上证50,2675.5508,2690.3598,2660.5309,2664.0525,2662.6266,12.9242,0.4854,31753452,39541814535.0
2017-09-20,'000016,上证50,2662.6266,2675.2112,2661.8681,2667.2401,2670.6914,-8.0648,-0.302,25367940,32883593692.0
2017-09-19,'000016,上证50,2670.6914,2687.1837,2661.6095,2680.7159,2674.1759,-3.4845,-0.1303,30087359,37488875261.0
2017-09-18,'000016,上证50,2674.1759,2694.0589,2670.1977,2670.1977,2668.3759,5.8,0.2174,33134639,44470273326.0
2017-09-15,'000016,上证50,2668.3759,2677.5329,2659.7328,2669.653,2672.8364,-4.4605,-0.1669,34648980,43243332307.0
2017-09-14,'000016,上证50,2672.8364,2694.775,2666.8169,2688.3998,2687.6707,-14.8343,-0.5519,28586737,36529833539.0
2017-09-13,'000016,上证50,2687.6707,2694.4138,2676.2487,2690.5596,2692.5401,-4.8694,-0.1808,21197720,28986307164.0
2017-09-12,'000016,上证50,2692.5401,2695.525,2672.285,2682.2494,2674.7502,17.7899,0.6651,30788323,44847896342.0
2017-09-11,'000016,上证50,2674.7502,2708.4223,2673.6232,2691.3364,2686.6899,-11.9397,-0.4444,29084101,40085267926.0
2017-09-08,'000016,上证50,2686.6899,2701.5697,2681.4428,2692.7975,2691.829,-5.1391,-0.1909,24471292,32599542138.0
2017-09-07,'000016,上证50,2691.829,2717.5555,2690.8771,2716.1251,2714.3309,-22.5019,-0.829,27636111,37181801275.0
2017-09-06,'000016,上证50,2714.3309,2725.2397,2703.6515,2721.9475,2729.8476,-15.5167,-0.5684,31137933,40907423467.0
2017-09-05,'000016,上证50,2729.8476,2738.594,2711.1738,2712.7609,2711.3475,18.5001,0.6823,30534788,39043619969.0
2017-09-04,'000016,上证50,2711.3475,2713.7289,2691.7754,2703.3303,2710.1186,1.2289,0.0453,33196289,43569185632.0
2017-09-01,'000016,上证50,2710.1186,2734.7684,2700.1618,2716.0543,2714.6313,-4.5127,-0.1662,43093296,52472882984.0
2017-08-31,'000016,上证50,2714.6313,2735.4262,2701.8849,2729.4694,2728.2308,-13.5995,-0.4985,40182234,46855537263.0
2017-08-30,'000016,上证50,2728.2308,2762.0668,2720.6558,2739.9951,2739.129,-10.8982,-0.3979,42052803,53736565089.0
2017-08-29,'000016,上证50,2739.129,2746.103,2726.218,2734.4459,2736.4617,2.6673,0.0975,35262284,46759798714.0
2017-08-28,'000016,上证50,2736.4617,2766.79,2715.4696,2715.4696,2706.2421,30.2196,1.1167,60501098,77248845265.0
2017-08-25,'000016,上证50,2706.2421,2706.7039,2645.4491,2645.4491,2646.4016,59.8405,2.2612,47493751,53051877580.0
2017-08-24,'000016,上证50,2646.4016,2675.1978,2641.8253,2659.6517,2659.7804,-13.3788,-0.503,29939211,33887056125.0
2017-08-23,'000016,上证50,2659.7804,2673.3854,2639.6618,2641.792,2643.5032,16.2772,0.6157,34691794,41179121745.0
2017-08-22,'000016,上证50,2643.5032,2644.1982,2620.1589,2624.4106,2616.8248,26.6784,1.0195,27118182,37445333103.0
2017-08-21,'000016,上证50,2616.8248,2628.8017,2610.257,2619.0381,2613.2647,3.5601,0.1362,19436872,27074874330.0
2017-08-18,'000016,上证50,2613.2647,2621.9693,2595.8647,2601.8845,2604.0837,9.181,0.3526,19897828,31122548701.0
2017-08-17,'000016,上证50,2604.0837,2606.6849,2591.542,2599.0419,2595.0017,9.082,0.35,20571105,27778492685.0
2017-08-16,'000016,上证50,2595.0017,2602.0988,2586.3352,2601.4708,2605.2415,-10.2398,-0.393,20351811,25167149993.0
2017-08-15,'000016,上证50,2605.2415,2623.0837,2592.9242,2593.0719,2591.4536,13.7879,0.5321,27900976,33091743587.0
2017-08-14,'000016,上证50,2591.4536,2598.3794,2567.6009,2572.3008,2570.2565,21.1971,0.8247,26118900,36279971337.0
2017-08-11,'000016,上证50,2570.2565,2599.7121,2566.5727,2592.038,2611.3412,-41.0847,-1.5733,35170960,44276237777.0
2017-08-10,'000016,上证50,2611.3412,2635.351,2590.8637,2617.9885,2620.3807,-9.0395,-0.345,28171479,39580893961.0
2017-08-09,'000016,上证50,2620.3807,2634.4349,2618.8132,2630.67,2635.1841,-14.8034,-0.5618,24707911,33204150496.0
2017-08-08,'000016,上证50,2635.1841,2639.2415,2622.2606,2632.0435,2634.1759,1.0082,0.0383,25782468,33964139987.0
2017-08-07,'000016,上证50,2634.1759,2641.3412,2613.8249,2621.546,2627.8026,6.3733,0.2425,26086109,34629740074.0
2017-08-04,'000016,上证50,2627.8026,2653.8128,2627.2482,2644.4459,2646.2164,-18.4138,-0.6959,27959952,38299815616.0
2017-08-03,'000016,上证50,2646.2164,2689.9388,2644.9871,2676.348,2680.6314,-34.415,-1.2838,31815168,40554215540.0
2017-08-02,'000016,上证50,2680.6314,2696.6417,2675.2015,2679.3364,2681.8054,-1.174,-0.0438,42222377,53708274668.0
2017-08-01,'000016,上证50,2681.8054,2681.9347,2638.0214,2640.8671,2638.1244,43.681,1.6558,33820507,47788869621.0
2017-07-31,'000016,上证50,2638.1244,2649.2942,2626.1827,2633.8821,2636.3937,1.7307,0.0656,28647763,37904968806.0
2017-07-28,'000016,上证50,2636.3937,2642.6914,2619.0355,2627.1593,2636.6262,-0.2325,-0.0088,21934465,28588923662.0
2017-07-27,'000016,上证50,2636.6262,2638.9404,2610.5758,2631.9978,2636.2005,0.4257,0.0161,30670126,38024537065.0
2017-07-26,'000016,上证50,2636.2005,2665.149,2617.546,2642.2587,2643.0733,-6.8728,-0.26,35447256,41955306629.0
2017-07-25,'000016,上证50,2643.0733,2667.7864,2639.6062,2656.4773,2654.3785,-11.3052,-0.4259,34185413,37771702666.0
2017-07-24,'000016,上证50,2654.3785,2666.6518,2632.7575,2636.5514,2639.2128,15.1657,0.5746,33056566,41940145552.0
2017-07-21,'000016,上证50,2639.2128,2661.4764,2634.9951,2655.2284,2665.4483,-26.2355,-0.9843,29715562,41342809548.0
2017-07-20,'000016,上证50,2665.4483,2666.0446,2643.6418,2653.3794,2657.8882,7.5601,0.2844,37580733,48880732330.0
2017-07-19,'000016,上证50,2657.8882,2661.6587,2618.3689,2621.112,2624.3081,33.5801,1.2796,48688897,60808696801.0
2017-07-18,'000016,上证50,2624.3081,2637.532,2596.1224,2619.2303,2631.4144,-7.1063,-0.2701,39435040,46730935042.0
2017-07-17,'000016,上证50,2631.4144,2663.2835,2594.4247,2627.3746,2622.9835,8.4309,0.3214,60865949,68239169350.0
2017-07-14,'000016,上证50,2622.9835,2623.3154,2593.4299,2600.7644,2600.9535,22.03,0.847,33653285,39772289956.0
2017-07-13,'000016,上证50,2600.9535,2601.467,2563.2209,2565.5942,2565.1428,35.8107,1.3961,42871574,50979652188.0
2017-07-12,'000016,上证50,2565.1428,2604.1973,2555.3837,2570.9128,2570.5919,-5.4491,-0.212,37070595,43416548177.0
2017-07-11,'000016,上证50,2570.5919,2592.0575,2543.0489,2543.72,2550.1147,20.4772,0.803,33968228,41538299333.0
2017-07-10,'000016,上证50,2550.1147,2557.4727,2530.9276,2538.1582,2543.6576,6.4571,0.2539,25305145,33457188875.0
2017-07-07,'000016,上证50,2543.6576,2546.7756,2527.548,2542.9093,2553.8793,-10.2217,-0.4002,22510062,29785522487.0
2017-07-06,'000016,上证50,2553.8793,2561.6364,2534.1207,2543.909,2548.0993,5.78,0.2268,22234624,33132156331.0
2017-07-05,'000016,上证50,2548.0993,2551.408,2507.9205,2508.8126,2511.1507,36.9486,1.4714,20607654,31435616251.0
2017-07-04,'000016,上证50,2511.1507,2531.6057,2506.6818,2531.5259,2534.3675,-23.2168,-0.9161,23547128,30659910520.0
2017-07-03,'000016,上证50,2534.3675,2550.4968,2522.7441,2550.4968,2549.9676,-15.6001,-0.6118,18304213,25254138996.0
2017-06-30,'000016,上证50,2549.9676,2552.9219,2533.8595,2543.7865,2552.9754,-3.0078,-0.1178,18677177,23781990192.0
2017-06-29,'000016,上证50,2552.9754,2554.7977,2532.462,2541.3483,2537.6363,15.3391,0.6045,19754376,26914436769.0
2017-06-28,'000016,上证50,2537.6363,2560.8558,2537.235,2548.1571,2554.6996,-17.0633,-0.6679,28194970,35655498939.0
2017-06-27,'000016,上证50,2554.6996,2558.0965,2529.2391,2541.6862,2543.3213,11.3783,0.4474,26984713,33511465515.0
2017-06-26,'000016,上证50,2543.3213,2560.1065,2531.2806,2531.2806,2529.0983,14.223,0.5624,39716748,49718219294.0
2017-06-23,'000016,上证50,2529.0983,2530.5595,2496.6608,2510.711,2516.6729,12.4254,0.4937,29403951,37695703375.0
2017-06-22,'000016,上证50,2516.6729,2544.6674,2491.9235,2491.9235,2497.2544,19.4185,0.7776,43743944,53825786308.0
2017-06-21,'000016,上证50,2497.2544,2498.1901,2468.5135,2487.8517,2474.4253,22.8291,0.9226,20354217,30603689504.0
2017-06-20,'000016,上证50,2474.4253,2492.2223,2467.7656,2489.1996,2484.1159,-9.6906,-0.3901,17771153,24584405328.0
2017-06-19,'000016,上证50,2484.1159,2486.3139,2453.3495,2455.0312,2452.7899,31.326,1.2772,20594004,26899358952.0
2017-06-16,'000016,上证50,2452.7899,2466.6922,2448.3106,2454.8405,2461.974,-9.1841,-0.373,16518044,23251565457.0
2017-06-15,'000016,上证50,2461.974,2481.7995,2453.1344,2474.2624,2477.3173,-15.3433,-0.6194,20702545,28607609121.0
2017-06-14,'000016,上证50,2477.3173,2505.2011,2471.6184,2505.0635,2515.1427,-37.8254,-1.5039,21841108,29833245385.0
2017-06-13,'000016,上证50,2515.1427,2519.1482,2499.7299,2517.3334,2521.1681,-6.0254,-0.239,17487921,24470316904.0
2017-06-12,'000016,上证50,2521.1681,2545.0373,2512.143,2515.5759,2519.2731,1.895,0.0752,25720869,33894565405.0
2017-06-09,'000016,上证50,2519.2731,2536.9931,2504.9001,2506.758,2507.0335,12.2396,0.4882,33773309,39637188806.0
2017-06-08,'000016,上证50,2507.0335,2508.9349,2475.7447,2481.1646,2484.0334,23.0001,0.9259,22070860,29227278562.0
2017-06-07,'000016,上证50,2484.0334,2492.9847,2464.1886,2468.5513,2466.0064,18.027,0.731,27138408,34088120474.0
2017-06-06,'000016,上证50,2466.0064,2466.3129,2444.1931,2447.0401,2450.3457,15.6607,0.6391,17467322,22598702078.0
2017-06-05,'000016,上证50,2450.3457,2473.3565,2442.2693,2468.9369,2475.4636,-25.1179,-1.0147,28735857,29094732475.0
2017-06-02,'000016,上证50,2475.4636,2499.7051,2472.6496,2494.3694,2496.4482,-20.9846,-0.8406,23664148,28341836180.0
2017-06-01,'000016,上证50,2496.4482,2497.6867,2465.4762,2476.2051,2479.078,17.3702,0.7007,30766330,37798053562.0
2017-05-31,'000016,上证50,2479.078,2502.8461,2462.258,2470.9351,2471.2141,7.8639,0.3182,29878344,37045182127.0
2017-05-26,'000016,上证50,2471.2141,2483.7474,2462.2339,2467.9024,2473.4953,-2.2812,-0.0922,30989733,36527500459.0
2017-05-25,'000016,上证50,2473.4953,2476.9092,2399.2744,2399.3599,2407.5706,65.9247,2.7382,50363335,53142705847.0
2017-05-24,'000016,上证50,2407.5706,2413.4211,2382.1873,2402.5176,2411.7999,-4.2293,-0.1754,22774332,28642322409.0
2017-05-23,'000016,上证50,2411.7999,2412.0257,2376.6431,2378.7444,2381.5525,30.2474,1.2701,34620556,41243924524.0
2017-05-22,'000016,上证50,2381.5525,2384.157,2358.7809,2359.9686,2361.6616,19.8909,0.8422,22780231,28751136186.0
2017-05-19,'000016,上证50,2361.6616,2363.3566,2351.5202,2351.5202,2354.753,6.9086,0.2934,14304568,18966709971.0
2017-05-18,'000016,上证50,2354.753,2361.0157,2347.377,2348.872,2363.5591,-8.8061,-0.3726,17121231,21258547530.0
2017-05-17,'000016,上证50,2363.5591,2378.987,2361.6292,2377.1211,2381.317,-17.7579,-0.7457,20858225,24900860658.0
2017-05-16,'000016,上证50,2381.317,2381.732,2362.1128,2376.9048,2381.7516,-0.4346,-0.0182,23892047,27292942013.0
2017-05-15,'000016,上证50,2381.7516,2394.5172,2378.9741,2380.2743,2375.4495,6.3021,0.2653,23412410,28055294184.0
2017-05-12,'000016,上证50,2375.4495,2375.6392,2335.3745,2336.6071,2339.2903,36.1592,1.5457,28906784,32145338936.0
2017-05-11,'000016,上证50,2339.2903,2342.1845,2313.8327,2318.0494,2324.9219,14.3684,0.618,28395441,31483872623.0
2017-05-10,'000016,上证50,2324.9219,2337.0466,2315.561,2315.561,2316.2944,8.6275,0.3725,22318926,29082185108.0
2017-05-09,'000016,上证50,2316.2944,2320.2946,2307.8681,2312.8502,2326.0968,-9.8024,-0.4214,16157315,20310246269.0
2017-05-08,'000016,上证50,2326.0968,2326.0968,2298.318,2309.2437,2320.602,5.4948,0.2368,34650123,38506527297.0
2017-05-05,'000016,上证50,2320.602,2320.602,2297.4492,2318.9217,2325.4332,-4.8312,-0.2078,30951074,33979252417.0
2017-05-04,'000016,上证50,2325.4332,2332.0897,2317.1372,2325.0077,2329.7661,-4.3329,-0.186,20767410,23662230428.0
2017-05-03,'000016,上证50,2329.7661,2342.143,2324.1919,2335.8206,2336.7917,-7.0256,-0.3007,18747685,21306113201.0
2017-05-02,'000016,上证50,2336.7917,2350.5147,2334.8824,2341.7482,2347.0391,-10.2474,-0.4366,16218321,19299425102.0
2017-04-28,'000016,上证50,2347.0391,2348.2876,2331.824,2348.2876,2351.6403,-4.6012,-0.1957,20733683,25027445315.0
2017-04-27,'000016,上证50,2351.6403,2352.6806,2327.4745,2337.4558,2344.5049,7.1354,0.3043,29834076,32332181912.0
2017-04-26,'000016,上证50,2344.5049,2360.2819,2338.8564,2345.6275,2344.741,-0.2361,-0.0101,26470622,32375909169.0
2017-04-25,'000016,上证50,2344.741,2348.6026,2334.0037,2337.5206,2341.9296,2.8114,0.12,19382943,24053129870.0
2017-04-24,'000016,上证50,2341.9296,2344.1921,2323.6676,2344.1921,2347.6745,-5.7449,-0.2447,31093007,34439046268.0
2017-04-21,'000016,上证50,2347.6745,2350.87,2333.2339,2336.4448,2335.6472,12.0273,0.5149,27073712,29654139738.0
2017-04-20,'000016,上证50,2335.6472,2336.5435,2320.9971,2324.3661,2325.0424,10.6048,0.4561,26576725,32243770984.0
2017-04-19,'000016,上证50,2325.0424,2335.9901,2311.659,2331.6599,2337.3507,-12.3083,-0.5266,27919435,30382089519.0
2017-04-18,'000016,上证50,2337.3507,2352.791,2336.7707,2352.5128,2357.5233,-20.1726,-0.8557,23753656,28470231118.0
2017-04-17,'000016,上证50,2357.5233,2359.1835,2334.8933,2348.7513,2355.5204,2.0029,0.085,26376250,27908077358.0
2017-04-14,'000016,上证50,2355.5204,2368.8018,2344.6093,2367.7843,2368.1061,-12.5857,-0.5315,24318969,26912930286.0
2017-04-13,'000016,上证50,2368.1061,2373.3697,2364.4418,2369.6067,2378.8628,-10.7567,-0.4522,22793060,26083925849.0
2017-04-12,'000016,上证50,2378.8628,2385.6134,2362.4312,2378.9284,2382.1093,-3.2465,-0.1363,33640316,38322592045.0
2017-04-11,'000016,上证50,2382.1093,2385.0534,2354.0188,2374.9225,2379.1574,2.9519,0.1241,39200826,44230592996.0
2017-04-10,'000016,上证50,2379.1574,2391.9479,2377.4323,2388.5631,2388.2714,-9.114,-0.3816,31258026,34790978044.0
2017-04-07,'000016,上证50,2388.2714,2394.0522,2379.3331,2390.9144,2390.3893,-2.1179,-0.0886,36248630,38151219431.0
2017-04-06,'000016,上证50,2390.3893,2395.121,2376.1462,2384.4322,2384.2636,6.1257,0.2569,39325003,42616523084.0
2017-04-05,'000016,上证50,2384.2636,2384.6804,2365.3402,2369.4888,2359.752,24.5116,1.0387,40075442,43436345805.0
2017-03-31,'000016,上证50,2359.752,2361.3161,2340.7722,2344.9599,2346.6672,13.0848,0.5576,29505146,28551404423.0
2017-03-30,'000016,上证50,2346.6672,2356.437,2335.2305,2350.9195,2352.6937,-6.0265,-0.2562,31113066,31991546578.0
2017-03-29,'000016,上证50,2352.6937,2363.7697,2349.1249,2357.9977,2356.3135,-3.6198,-0.1536,29018549,31210660598.0
2017-03-28,'000016,上证50,2356.3135,2368.379,2353.0761,2368.1547,2364.4277,-8.1142,-0.3432,24813635,28082153971.0
2017-03-27,'000016,上证50,2364.4277,2381.7653,2360.6737,2364.745,2365.6043,-1.1766,-0.0497,35491156,40382705997.0
2017-03-24,'000016,上证50,2365.6043,2373.5785,2341.6197,2350.6917,2347.4342,18.1701,0.774,40120772,45396321523.0
2017-03-23,'000016,上证50,2347.4342,2356.2714,2334.1196,2340.0614,2338.5468,8.8874,0.38,26712552,33283040509.0
2017-03-22,'000016,上证50,2338.5468,2352.7639,2330.1158,2347.8575,2357.1359,-18.5891,-0.7886,32891982,37345963467.0
2017-03-21,'000016,上证50,2357.1359,2358.5471,2348.8689,2352.2124,2350.0671,7.0688,0.3008,28887921,36125342400.0
2017-03-20,'000016,上证50,2350.0671,2355.5347,2337.5269,2352.1149,2346.9602,3.1069,0.1324,27149291,28589609884.0
2017-03-17,'000016,上证50,2346.9602,2373.5439,2342.0186,2371.6054,2369.194,-22.2338,-0.9385,30767623,33130740534.0
2017-03-16,'000016,上证50,2369.194,2376.5131,2362.3583,2362.3583,2357.3071,11.8869,0.5043,30278210,32128349577.0
2017-03-15,'000016,上证50,2357.3071,2357.8454,2345.4435,2352.3852,2354.8998,2.4073,0.1022,21062595,21925253372.0
2017-03-14,'000016,上证50,2354.8998,2359.3138,2349.2801,2353.719,2354.8904,0.0094,0.0004,19017006,19760470618.0
2017-03-13,'000016,上证50,2354.8904,2355.2169,2328.6186,2337.3552,2339.2339,15.6565,0.6693,24624011,26164051605.0
2017-03-10,'000016,上证50,2339.2339,2347.4582,2336.3193,2343.3076,2346.5527,-7.3188,-0.3119,17988811,18979436067.0
2017-03-09,'000016,上证50,2346.5527,2353.5377,2334.3363,2352.7491,2358.074,-11.5213,-0.4886,26630667,26051706735.0
2017-03-08,'000016,上证50,2358.074,2362.9632,2351.6963,2353.6169,2356.2933,1.7807,0.0756,24369833,23456269478.0
2017-03-07,'000016,上证50,2356.2933,2356.9591,2347.167,2349.6213,2349.8889,6.4044,0.2725,20251348,21625724682.0
2017-03-06,'000016,上证50,2349.8889,2355.0915,2342.5176,2346.0369,2347.1456,2.7433,0.1169,21112399,20808519433.0
2017-03-03,'000016,上证50,2347.1456,2350.6712,2338.8455,2347.9063,2354.9134,-7.7678,-0.3299,20483107,21533669478.0
2017-03-02,'000016,上证50,2354.9134,2380.2389,2354.1431,2376.9712,2371.9252,-17.0118,-0.7172,23062731,26057596581.0
2017-03-01,'000016,上证50,2371.9252,2383.513,2368.6219,2371.6526,2370.707,1.2182,0.0514,27863124,27623876667.0
2017-02-28,'000016,上证50,2370.707,2379.4279,2366.2364,2369.4712,2370.5594,0.1476,0.0062,16793558,18323796827.0
2017-02-27,'000016,上证50,2370.5594,2387.8177,2365.4666,2384.9181,2389.8774,-19.318,-0.8083,23827555,25954639587.0
2017-02-24,'000016,上证50,2389.8774,2390.3892,2377.099,2385.0511,2387.4172,2.4602,0.103,25680121,25353533822.0
2017-02-23,'000016,上证50,2387.4172,2402.5669,2379.5593,2397.5593,2398.1922,-10.775,-0.4493,23458671,25602450087.0
2017-02-22,'000016,上证50,2398.1922,2399.3978,2389.0552,2397.487,2396.8843,1.3079,0.0546,24513009,27231838137.0
2017-02-21,'000016,上证50,2396.8843,2410.3454,2393.3702,2396.2244,2394.1201,2.7642,0.1155,32569800,34544041111.0
2017-02-20,'000016,上证50,2394.1201,2395.5341,2361.5061,2361.7607,2362.7086,31.4115,1.3295,44690411,43486701590.0
2017-02-17,'000016,上证50,2362.7086,2389.3244,2360.9953,2378.657,2376.7626,-14.054,-0.5913,31090474,34309239068.0
2017-02-16,'000016,上证50,2376.7626,2378.4506,2366.1598,2373.3133,2372.192,4.5706,0.1927,29629497,29617805580.0
2017-02-15,'000016,上证50,2372.192,2385.1178,2369.4303,2375.6241,2373.5138,-1.3218,-0.0557,38949257,37792892133.0
2017-02-14,'000016,上证50,2373.5138,2381.6336,2367.0458,2381.1007,2379.3057,-5.7919,-0.2434,24227167,27371194760.0
2017-02-13,'000016,上证50,2379.3057,2382.9209,2369.4869,2369.6975,2368.1834,11.1223,0.4697,34603826,38907287848.0
2017-02-10,'000016,上证50,2368.1834,2374.4846,2357.2065,2357.5885,2354.9009,13.2825,0.564,39306360,40549347807.0
2017-02-09,'000016,上证50,2354.9009,2364.1442,2343.7281,2345.8405,2346.4263,8.4746,0.3612,31381646,32399332339.0
2017-02-08,'000016,上证50,2346.4263,2347.0961,2323.9054,2334.6822,2337.5346,8.8917,0.3804,24237691,24896256753.0
2017-02-07,'000016,上证50,2337.5346,2347.357,2331.7758,2343.6583,2343.9673,-6.4327,-0.2744,16972740,18894961191.0
2017-02-06,'000016,上证50,2343.9673,2351.5572,2336.8989,2346.4438,2339.9894,3.9779,0.17,19895715,21725103384.0
2017-02-03,'000016,上证50,2339.9894,2368.9093,2338.198,2367.5296,2364.0244,-24.035,-1.0167,14515951,16092735126.0
2017-01-26,'000016,上证50,2364.0244,2371.9263,2359.428,2359.428,2358.6974,5.327,0.2258,18629831,19294724868.0
2017-01-25,'000016,上证50,2358.6974,2358.9482,2345.699,2349.5184,2352.4242,6.2732,0.2667,17800221,18384465912.0
2017-01-24,'000016,上证50,2352.4242,2357.169,2343.4627,2347.5024,2347.1047,5.3195,0.2266,20110777,19232210881.0
2017-01-23,'000016,上证50,2347.1047,2358.4726,2340.5341,2350.5468,2347.1829,-0.0782,-0.0033,19311321,20759190263.0
2017-01-20,'000016,上证50,2347.1829,2350.2614,2333.4654,2334.4871,2334.9572,12.2257,0.5236,17511288,18489265518.0
2017-01-19,'000016,上证50,2334.9572,2349.6445,2330.3364,2335.6565,2342.7751,-7.8179,-0.3337,21090735,19780250558.0
2017-01-18,'000016,上证50,2342.7751,2349.3934,2327.9266,2330.1424,2329.595,13.1801,0.5658,20298891,21780720212.0
2017-01-17,'000016,上证50,2329.595,2332.8355,2320.0333,2326.0089,2337.3944,-7.7994,-0.3337,19170449,20007429486.0
2017-01-16,'000016,上证50,2337.3944,2343.2727,2282.2431,2303.3177,2308.0552,29.3392,1.2712,59294735,57422130271.0
2017-01-13,'000016,上证50,2308.0552,2315.2116,2291.0624,2293.4653,2295.4033,12.6519,0.5512,27540467,26932674953.0
2017-01-12,'000016,上证50,2295.4033,2310.7752,2294.3243,2299.4896,2300.4749,-5.0716,-0.2205,22139174,21207409536.0
2017-01-11,'000016,上证50,2300.4749,2317.6623,2299.313,2311.9197,2312.5985,-12.1236,-0.5242,26928346,25072639380.0
2017-01-10,'000016,上证50,2312.5985,2320.9954,2309.9369,2316.1574,2318.3365,-5.738,-0.2475,24055981,23234949978.0
2017-01-09,'000016,上证50,2318.3365,2321.692,2307.1634,2308.4423,2308.9363,9.4002,0.4071,26523074,25903507210.0
2017-01-06,'000016,上证50,2308.9363,2326.4342,2308.3694,2323.0064,2322.6843,-13.748,-0.5919,26445124,27286688190.0
2017-01-05,'000016,上证50,2322.6843,2326.1847,2317.8853,2322.4239,2322.2059,0.4784,0.0206,26528712,26566424137.0
2017-01-04,'000016,上证50,2322.2059,2324.5577,2304.1733,2305.9117,2307.8917,14.3142,0.6202,26104403,27183258500.0
2017-01-03,'000016,上证50,2307.8917,2311.2926,2285.2729,2285.2729,2286.8984,20.9933,0.918,25908920,25440737012.0
2016-12-30,'000016,上证50,2286.8984,2286.9917,2272.4997,2276.8102,2275.1064,11.792,0.5183,25480755,25510014465.0
2016-12-29,'000016,上证50,2275.1064,2282.1935,2265.8937,2273.2206,2277.1759,-2.0695,-0.0909,23997471,23962418064.0
2016-12-28,'000016,上证50,2277.1759,2289.8074,2269.1647,2286.4067,2286.9617,-9.7858,-0.4279,23304574,22778607123.0
2016-12-27,'000016,上证50,2286.9617,2300.1599,2286.4342,2291.2318,2294.7094,-7.7477,-0.3376,24597656,24199961477.0
2016-12-26,'000016,上证50,2294.7094,2295.6936,2251.713,2266.3837,2278.4779,16.2315,0.7124,29923521,29506329303.0
2016-12-23,'000016,上证50,2278.4779,2291.723,2271.1285,2290.2506,2292.0412,-13.5633,-0.5918,33060817,32451253211.0
2016-12-22,'000016,上证50,2292.0412,2298.1885,2280.7874,2293.3477,2297.3706,-5.3294,-0.232,29222980,27254973860.0
2016-12-21,'000016,上证50,2297.3706,2304.6006,2281.9966,2282.1242,2279.6828,17.6878,0.7759,40184256,37262711092.0
2016-12-20,'000016,上证50,2279.6828,2295.1135,2262.8781,2293.3996,2291.3842,-11.7014,-0.5107,30105533,29079311142.0
2016-12-19,'000016,上证50,2291.3842,2303.6854,2288.3022,2299.7136,2302.3152,-10.931,-0.4748,24162297,23999280183.0
2016-12-16,'000016,上证50,2302.3152,2315.5373,2298.4339,2302.8738,2309.8159,-7.5007,-0.3247,30579551,29864306385.0
2016-12-15,'000016,上证50,2309.8159,2354.3523,2302.4343,2346.7652,2360.3788,-50.5629,-2.1422,42583252,43441485557.0
2016-12-14,'000016,上证50,2360.3788,2384.5618,2359.7223,2369.4963,2372.9307,-12.5519,-0.529,46800326,45575405193.0
2016-12-13,'000016,上证50,2372.9307,2382.4434,2357.4597,2373.7919,2387.1588,-14.2281,-0.596,41202486,38968411908.0
2016-12-12,'000016,上证50,2387.1588,2423.3928,2362.1425,2408.0861,2411.3144,-24.1556,-1.0018,70574194,71536049675.0
2016-12-09,'000016,上证50,2411.3144,2422.7765,2372.459,2374.2955,2379.0013,32.3131,1.3583,67860127,61692701664.0
2016-12-08,'000016,上证50,2379.0013,2387.173,2374.4669,2380.6577,2376.9191,2.0822,0.0876,39651556,37465801967.0
2016-12-07,'000016,上证50,2376.9191,2377.3041,2358.8712,2367.4214,2368.6823,8.2368,0.3477,36313646,34446112888.0
2016-12-06,'000016,上证50,2368.6823,2382.1961,2366.9999,2371.1117,2375.2578,-6.5755,-0.2768,42595955,40651332827.0
2016-12-05,'000016,上证50,2375.2578,2386.4343,2363.1299,2378.2099,2416.5077,-41.2499,-1.707,72428357,70278620313.0
2016-12-02,'000016,上证50,2416.5077,2430.8331,2401.0614,2427.1666,2431.3063,-14.7986,-0.6087,77625017,74393615073.0
2016-12-01,'000016,上证50,2431.3063,2448.6667,2417.9622,2421.928,2419.4136,11.8927,0.4916,73606674,73842854162.0
2016-11-30,'000016,上证50,2419.4136,2444.9543,2411.5628,2435.8052,2441.5786,-22.165,-0.9078,68971980,73266475227.0
2016-11-29,'000016,上证50,2441.5786,2455.4294,2395.8125,2398.6683,2403.1352,38.4434,1.5997,93038586,99547618915.0
2016-11-28,'000016,上证50,2403.1352,2427.5931,2398.4139,2406.7025,2393.9464,9.1888,0.3838,77554504,77969829054.0
2016-11-25,'000016,上证50,2393.9464,2394.7076,2358.2567,2371.6989,2368.7336,25.2128,1.0644,44327975,42204998422.0
2016-11-24,'000016,上证50,2368.7336,2382.9524,2355.8012,2356.8473,2360.3355,8.3981,0.3558,37158089,40256755229.0
2016-11-23,'000016,上证50,2360.3355,2375.8115,2352.3964,2355.3161,2353.0023,7.3332,0.3117,54062331,48700350062.0
2016-11-22,'000016,上证50,2353.0023,2357.5738,2334.6848,2334.6848,2334.6776,18.3247,0.7849,65983177,60419169256.0
2016-11-21,'000016,上证50,2334.6776,2350.755,2304.7681,2304.7681,2307.2741,27.4035,1.1877,57519637,53971971300.0
2016-11-18,'000016,上证50,2307.2741,2323.7228,2304.5508,2318.8955,2316.7211,-9.447,-0.4078,34475285,32316982716.0
2016-11-17,'000016,上证50,2316.7211,2317.537,2297.7364,2306.4093,2309.9426,6.7785,0.2934,35450763,31212488103.0
2016-11-16,'000016,上证50,2309.9426,2314.8461,2302.1426,2312.4976,2310.901,-0.9584,-0.0415,32596386,28705100721.0
2016-11-15,'000016,上证50,2310.901,2319.0679,2306.2299,2315.7982,2317.7726,-6.8716,-0.2965,34486140,34355883810.0
2016-11-14,'000016,上证50,2317.7726,2338.5803,2303.9664,2304.607,2308.4288,9.3438,0.4048,61684865,62927633302.0
2016-11-11,'000016,上证50,2308.4288,2315.9608,2284.2877,2285.6102,2289.4491,18.9797,0.829,56948601,56536701351.0
2016-11-10,'000016,上证50,2289.4491,2297.9704,2279.9426,2279.9426,2263.9243,25.5248,1.1275,34565998,34617495386.0
2016-11-09,'000016,上证50,2263.9243,2281.5947,2244.4325,2281.1242,2282.4184,-18.4941,-0.8103,37352431,36936621257.0
2016-11-08,'000016,上证50,2282.4184,2294.6246,2276.7377,2284.0079,2276.9543,5.4641,0.24,32595874,30889499347.0
2016-11-07,'000016,上证50,2276.9543,2279.5525,2265.3606,2271.9644,2271.9263,5.028,0.2213,25966704,24429764611.0
2016-11-04,'000016,上证50,2271.9263,2284.9537,2266.9174,2271.8454,2273.6329,-1.7066,-0.0751,36192091,34041513297.0
2016-11-03,'000016,上证50,2273.6329,2283.249,2239.8675,2241.4374,2244.7436,28.8893,1.287,40913027,41436992720.0
2016-11-02,'000016,上证50,2244.7436,2259.1863,2242.7688,2256.1179,2263.4785,-18.7349,-0.8277,22260825,21833996516.0
2016-11-01,'000016,上证50,2263.4785,2263.6239,2246.9485,2250.4946,2250.4693,13.0092,0.5781,22015306,21614635678.0
2016-10-31,'000016,上证50,2250.4693,2253.8033,2236.2027,2247.9901,2253.8017,-3.3324,-0.1479,19814955,20503305961.0
2016-10-28,'000016,上证50,2253.8017,2271.9059,2249.4854,2252.3836,2250.2589,3.5428,0.1574,28233461,29162089699.0
2016-10-27,'000016,上证50,2250.2589,2256.2063,2243.6342,2254.3219,2257.1164,-6.8575,-0.3038,23438309,21935646235.0
2016-10-26,'000016,上证50,2257.1164,2266.8789,2254.6297,2263.6921,2266.1718,-9.0554,-0.3996,27146057,26576638603.0
2016-10-25,'000016,上证50,2266.1718,2274.3835,2258.9193,2270.0167,2270.9504,-4.7786,-0.2104,32423788,29902474056.0
2016-10-24,'000016,上证50,2270.9504,2285.0836,2243.8107,2245.4581,2240.7496,30.2008,1.3478,49603451,46511890096.0
2016-10-21,'000016,上证50,2240.7496,2246.5789,2221.0355,2221.3831,2223.4242,17.3254,0.7792,35668577,31144595460.0
2016-10-20,'000016,上证50,2223.4242,2228.9359,2218.9689,2222.6307,2221.5341,1.8901,0.0851,19772924,16643743596.0
2016-10-19,'000016,上证50,2221.5341,2230.8279,2217.6269,2222.7808,2222.7832,-1.2491,-0.0562,29432809,24775791183.0
2016-10-18,'000016,上证50,2222.7832,2224.3372,2189.932,2189.932,2192.8845,29.8987,1.3634,31777117,28619884362.0
2016-10-17,'000016,上证50,2192.8845,2209.1407,2189.2717,2207.3532,2209.8145,-16.93,-0.7661,23161867,20075033194.0
2016-10-14,'000016,上证50,2209.8145,2211.0919,2196.2605,2199.5558,2202.1167,7.6978,0.3496,23950510,19450261272.0
2016-10-13,'000016,上证50,2202.1167,2204.8884,2194.5954,2201.3398,2200.9969,1.1198,0.0509,18308790,16208937516.0
2016-10-12,'000016,上证50,2200.9969,2205.444,2196.8521,2205.444,2209.2276,-8.2307,-0.3726,15478837,13632018247.0
2016-10-11,'000016,上证50,2209.2276,2212.429,2202.1237,2205.3535,2202.8725,6.3551,0.2885,21169384,19324765204.0
2016-10-10,'000016,上证50,2202.8725,2204.3272,2185.4675,2187.6518,2177.3524,25.5201,1.1721,19300202,17570859968.0
2016-09-30,'000016,上证50,2177.3524,2182.6073,2171.492,2171.9392,2175.3696,1.9828,0.0911,9219305,9655516164.0
2016-09-29,'000016,上证50,2175.3696,2183.1708,2170.8428,2170.9872,2166.7226,8.647,0.3991,11879464,11524241341.0
2016-09-28,'000016,上证50,2166.7226,2177.4147,2165.3322,2177.4147,2176.4476,-9.725,-0.4468,9288432,9340080201.0
2016-09-27,'000016,上证50,2176.4476,2176.7666,2162.4355,2163.3779,2167.264,9.1836,0.4237,12592539,12286665277.0
2016-09-26,'000016,上证50,2167.264,2190.3899,2166.8248,2190.3899,2196.2903,-29.0263,-1.3216,16948209,16306550462.0
2016-09-23,'000016,上证50,2196.2903,2203.6628,2195.0766,2202.6976,2200.6981,-4.4078,-0.2003,11727636,11066821847.0
2016-09-22,'000016,上证50,2200.6981,2210.7925,2192.4912,2195.2461,2187.1542,13.5439,0.6192,15398043,15995169274.0
2016-09-21,'000016,上证50,2187.1542,2191.813,2180.5012,2184.4235,2184.2066,2.9476,0.135,12446509,12499273318.0
2016-09-20,'000016,上证50,2184.2066,2190.7166,2181.0162,2190.0973,2189.4611,-5.2545,-0.24,11022894,10917289013.0
2016-09-19,'000016,上证50,2189.4611,2191.2152,2178.7597,2178.7597,2176.523,12.9381,0.5944,14135665,12964096987.0
2016-09-14,'000016,上证50,2176.523,2187.9544,2172.3966,2184.1113,2193.1932,-16.6702,-0.7601,18169657,16682778415.0
2016-09-13,'000016,上证50,2193.1932,2199.2404,2185.8221,2197.3785,2199.9764,-6.7832,-0.3083,14968924,14480419194.0
2016-09-12,'000016,上证50,2199.9764,2202.9049,2175.333,2201.6758,2229.3097,-29.3333,-1.3158,34546891,34431278167.0
2016-09-09,'000016,上证50,2229.3097,2241.6101,2228.6613,2236.3902,2236.6259,-7.3162,-0.3271,17411513,18263953236.0
2016-09-08,'000016,上证50,2236.6259,2239.1679,2230.8166,2234.9461,2236.5455,0.0804,0.0036,14171157,14213130964.0
2016-09-07,'000016,上证50,2236.5455,2246.3722,2230.5783,2233.0343,2232.4508,4.0947,0.1834,22097671,22932080128.0
2016-09-06,'000016,上证50,2232.4508,2241.5245,2217.477,2227.4392,2228.7184,3.7324,0.1675,21254771,20977302258.0
2016-09-05,'000016,上证50,2228.7184,2240.4943,2224.9325,2230.4116,2229.893,-1.1746,-0.0527,17813452,17615394655.0
2016-09-02,'000016,上证50,2229.893,2231.4553,2215.6443,2216.288,2220.4031,9.4899,0.4274,20406023,20785028615.0
2016-09-01,'000016,上证50,2220.4031,2235.6488,2219.2542,2230.3628,2232.7117,-12.3086,-0.5513,19028224,19569003737.0
2016-08-31,'000016,上证50,2232.7117,2237.6591,2218.6523,2222.0197,2224.0621,8.6496,0.3889,16955552,19008422813.0
2016-08-30,'000016,上证50,2224.0621,2229.8335,2215.6856,2215.8404,2214.2593,9.8028,0.4427,19846692,20353643460.0
2016-08-29,'000016,上证50,2214.2593,2220.1267,2205.1217,2219.0199,2219.3076,-5.0483,-0.2275,19852012,20336544676.0
2016-08-26,'000016,上证50,2219.3076,2232.2944,2215.6249,2223.3073,2222.1523,-2.8447,-0.128,16430965,16358841293.0
2016-08-25,'000016,上证50,2222.1523,2225.9992,2205.0109,2224.5128,2232.2134,-10.0611,-0.4507,21819104,21100844007.0
2016-08-24,'000016,上证50,2232.2134,2244.8791,2227.5559,2242.9091,2241.9516,-9.7382,-0.4344,18121787,18160277348.0
2016-08-23,'000016,上证50,2241.9516,2256.328,2232.444,2235.3906,2237.1276,4.824,0.2156,23023903,21968325777.0
2016-08-22,'000016,上证50,2237.1276,2253.5947,2235.0116,2249.0797,2249.3415,-12.2139,-0.543,26193060,24905153870.0
2016-08-19,'000016,上证50,2249.3415,2254.49,2230.3299,2241.6725,2244.7198,4.6217,0.2059,28900693,28754463573.0
2016-08-18,'000016,上证50,2244.7198,2274.4547,2235.0464,2253.1171,2253.7364,-9.0166,-0.4001,33880448,37432377000.0
2016-08-17,'000016,上证50,2253.7364,2270.3706,2241.9429,2260.9256,2257.6988,-3.9624,-0.1755,30848866,32673544825.0
2016-08-16,'000016,上证50,2257.6988,2302.3314,2253.4146,2293.811,2287.6559,-29.9571,-1.3095,61249434,60087460440.0
2016-08-15,'000016,上证50,2287.6559,2310.2774,2225.6223,2227.0785,2222.4884,65.1675,2.9322,63745308,70155321042.0
2016-08-12,'000016,上证50,2222.4884,2222.6902,2175.8543,2177.8017,2177.0644,45.424,2.0865,34430012,33399543956.0
2016-08-11,'000016,上证50,2177.0644,2205.8757,2168.1332,2168.1332,2170.1028,6.9616,0.3208,26585166,27452383033.0
2016-08-10,'000016,上证50,2170.1028,2179.6115,2169.1298,2175.1336,2175.345,-5.2422,-0.241,17391019,16953324939.0
2016-08-09,'000016,上证50,2175.345,2176.6962,2157.7635,2159.31,2159.6726,15.6724,0.7257,22824745,21066193477.0
2016-08-08,'000016,上证50,2159.6726,2159.9522,2137.5171,2147.6963,2148.6819,10.9907,0.5115,16775740,16057771490.0
2016-08-05,'000016,上证50,2148.6819,2159.1375,2137.3123,2142.335,2143.8436,4.8383,0.2257,16164434,15610788994.0
2016-08-04,'000016,上证50,2143.8436,2146.5977,2130.1747,2145.658,2145.7877,-1.9441,-0.0906,14955663,13767786598.0
2016-08-03,'000016,上证50,2145.7877,2149.8949,2136.6048,2140.1526,2148.4547,-2.667,-0.1241,15306893,14032573233.0
2016-08-02,'000016,上证50,2148.4547,2151.2922,2138.1895,2145.8207,2147.5582,0.8965,0.0417,12592111,12398906882.0
2016-08-01,'000016,上证50,2147.5582,2155.7899,2136.1129,2151.5424,2155.2387,-7.6805,-0.3564,20155396,18590040058.0
2016-07-29,'000016,上证50,2155.2387,2166.8486,2151.9265,2163.6408,2163.8087,-8.57,-0.3961,18714730,17188355255.0
2016-07-28,'000016,上证50,2163.8087,2173.0819,2153.8911,2160.1626,2173.9725,-10.1638,-0.4675,25875423,24628707632.0
2016-07-27,'000016,上证50,2173.9725,2186.0832,2125.2663,2182.7202,2182.505,-8.5325,-0.3909,37934806,37415328428.0
2016-07-26,'000016,上证50,2182.505,2183.0599,2156.7738,2156.8129,2159.5537,22.9513,1.0628,18406051,19332969332.0
2016-07-25,'000016,上证50,2159.5537,2167.5094,2152.0893,2155.3239,2157.2315,2.3222,0.1076,14528144,13822559724.0
2016-07-22,'000016,上证50,2157.2315,2177.4355,2154.3574,2175.975,2177.7781,-20.5466,-0.9435,18389190,17796929596.0
2016-07-21,'000016,上证50,2177.7781,2185.6157,2168.4763,2168.4763,2167.1205,10.6576,0.4918,18046754,18997293061.0
2016-07-20,'000016,上证50,2167.1205,2177.9953,2163.109,2173.546,2175.3972,-8.2767,-0.3805,14561926,14688862222.0
2016-07-19,'000016,上证50,2175.3972,2193.5722,2163.3148,2188.8003,2187.9829,-12.5857,-0.5752,21809135,21347839678.0
2016-07-18,'000016,上证50,2187.9829,2205.7954,2184.0526,2190.469,2192.3939,-4.411,-0.2012,29527180,28441558700.0
2016-07-15,'000016,上证50,2192.3939,2200.8763,2186.3647,2196.9541,2195.2265,-2.8326,-0.129,21585227,21378466138.0
2016-07-14,'000016,上证50,2195.2265,2199.8402,2184.4945,2195.338,2197.7879,-2.5614,-0.1165,24152543,23660169197.0
2016-07-13,'000016,上证50,2197.7879,2222.2524,2191.5863,2195.9812,2200.3482,-2.5603,-0.1164,43279797,41817569988.0
2016-07-12,'000016,上证50,2200.3482,2201.6291,2156.5924,2156.6305,2155.716,44.6322,2.0704,40253733,40015835041.0
2016-07-11,'000016,上证50,2155.716,2175.244,2150.3695,2152.7392,2148.7606,6.9554,0.3237,28609245,29698288646.0
2016-07-08,'000016,上证50,2148.7606,2158.7709,2147.14,2156.3847,2166.8843,-18.1237,-0.8364,19358789,20096990447.0
2016-07-07,'000016,上证50,2166.8843,2173.7046,2153.7731,2161.3586,2167.101,-0.2167,-0.01,26977710,26449562840.0
2016-07-06,'000016,上证50,2167.101,2169.4639,2149.0363,2161.5774,2168.8551,-1.7541,-0.0809,24538449,23724878345.0
2016-07-05,'000016,上证50,2168.8551,2174.424,2159.8998,2162.0938,2163.2922,5.5629,0.2571,32307728,29936900221.0
2016-07-04,'000016,上证50,2163.2922,2169.6199,2120.4933,2121.8969,2127.0939,36.1983,1.7018,30862031,31651790050.0
2016-07-01,'000016,上证50,2127.0939,2133.3504,2122.865,2124.3995,2122.633,4.4609,0.2102,16132804,16184477911.0
2016-06-30,'000016,上证50,2122.633,2130.9776,2120.4075,2123.8665,2122.9696,-0.3366,-0.0159,20354517,20359578280.0
2016-06-29,'000016,上证50,2122.9696,2124.2929,2104.2336,2105.7631,2102.0531,20.9165,0.9951,29455726,27166106363.0
2016-06-28,'000016,上证50,2102.0531,2104.4793,2084.1811,2089.3482,2095.893,6.1601,0.2939,17588206,18316272765.0
2016-06-27,'000016,上证50,2095.893,2096.1991,2070.8239,2070.9409,2076.2999,19.5931,0.9437,16488467,17695450852.0
2016-06-24,'000016,上证50,2076.2999,2112.6087,2052.9842,2099.9981,2105.5324,-29.2325,-1.3884,22607830,21619299199.0
2016-06-23,'000016,上证50,2105.5324,2114.7744,2098.3578,2114.7744,2115.7685,-10.2361,-0.4838,15282345,14035828419.0
2016-06-22,'000016,上证50,2115.7685,2116.2969,2098.6316,2101.0542,2104.5582,11.2103,0.5327,13548733,12787840724.0
2016-06-21,'000016,上证50,2104.5582,2130.8995,2100.0614,2108.8656,2104.2202,0.338,0.0161,17699905,18104606857.0
2016-06-20,'000016,上证50,2104.2202,2110.8862,2092.8287,2109.5667,2102.2006,2.0196,0.0961,12091160,11798703465.0
2016-06-17,'000016,上证50,2102.2006,2115.4165,2093.6916,2093.6916,2094.8146,7.386,0.3526,17846082,16777643124.0
2016-06-16,'000016,上证50,2094.8146,2105.2531,2091.4898,2095.3615,2106.6312,-11.8166,-0.5609,17968861,17158684585.0
2016-06-15,'000016,上证50,2106.6312,2115.3762,2073.0979,2073.4685,2095.0228,11.6084,0.5541,19549925,19789057323.0
2016-06-14,'000016,上证50,2095.0228,2098.064,2079.3951,2080.9029,2084.3001,10.7227,0.5145,15354924,15175834009.0
2016-06-13,'000016,上证50,2084.3001,2122.46,2083.2878,2113.912,2132.963,-48.6629,-2.2815,21028771,21548598394.0
2016-06-08,'000016,上证50,2132.963,2138.8466,2124.8355,2137.1805,2139.069,-6.106,-0.2855,16405791,16913874903.0
2016-06-07,'000016,上证50,2139.069,2145.7143,2134.6061,2141.6519,2136.3228,2.7462,0.1285,14068491,14201054269.0
2016-06-06,'000016,上证50,2136.3228,2151.0586,2131.9182,2148.9633,2152.6368,-16.314,-0.7579,13658837,14937594456.0
2016-06-03,'000016,上证50,2152.6368,2157.0678,2135.5328,2146.557,2137.6519,14.9849,0.701,20526152,22672475334.0
2016-06-02,'000016,上证50,2137.6519,2144.3191,2129.9414,2138.2076,2138.9632,-1.3113,-0.0613,16356666,16575050956.0
2016-06-01,'000016,上证50,2138.9632,2158.7152,2138.5571,2155.5038,2155.6557,-16.6925,-0.7744,25473324,25762502262.0
2016-05-31,'000016,上证50,2155.6557,2158.1222,2092.2161,2092.2161,2092.1606,63.4951,3.0349,40651742,40508298055.0
2016-05-30,'000016,上证50,2092.1606,2093.774,2065.6354,2076.9328,2074.9195,17.2411,0.8309,17714385,15915924901.0
2016-05-27,'000016,上证50,2074.9195,2080.4894,2069.5175,2075.2068,2076.1366,-1.2171,-0.0586,10577492,9750472554.0
2016-05-26,'000016,上证50,2076.1366,2083.0565,2062.1696,2070.2373,2071.9071,4.2295,0.2041,13126512,12358055446.0
2016-05-25,'000016,上证50,2071.9071,2084.1339,2068.6809,2079.4816,2066.6428,5.2643,0.2547,11284997,11048976063.0
2016-05-24,'000016,上证50,2066.6428,2080.0691,2062.4983,2080.0141,2082.4118,-15.769,-0.7572,13104443,12004955715.0
2016-05-23,'000016,上证50,2082.4118,2095.1694,2077.9369,2082.972,2083.1174,-0.7056,-0.0339,14479211,14371087061.0
2016-05-20,'000016,上证50,2083.1174,2083.5117,2064.4422,2067.4642,2073.8041,9.3133,0.4491,13890172,13661635807.0
2016-05-19,'000016,上证50,2073.8041,2083.1321,2069.9025,2072.3674,2078.7593,-4.9552,-0.2384,14050006,13350530959.0
2016-05-18,'000016,上证50,2078.7593,2081.8512,2053.7159,2067.7161,2075.4651,3.2942,0.1587,23037112,22436930937.0
2016-05-17,'000016,上证50,2075.4651,2083.8526,2069.273,2081.5694,2082.6159,-7.1508,-0.3434,14850963,13798390899.0
2016-05-16,'000016,上证50,2082.6159,2082.8647,2064.6788,2068.9238,2076.1879,6.428,0.3096,13579244,13252817364.0
2016-05-13,'000016,上证50,2076.1879,2089.8352,2072.2595,2079.6446,2084.8384,-8.6505,-0.4149,15287869,15135709690.0
2016-05-12,'000016,上证50,2084.8384,2089.6491,2055.511,2067.7474,2078.4126,6.4258,0.3092,17927530,17443294933.0
2016-05-11,'000016,上证50,2078.4126,2089.1174,2068.6501,2078.2867,2072.3818,6.0308,0.291,18058633,18032556407.0
2016-05-10,'000016,上证50,2072.3818,2084.6965,2061.9885,2061.9885,2072.467,-0.0852,-0.0041,17165746,17240679323.0
2016-05-09,'000016,上证50,2072.467,2100.6427,2064.6856,2100.6427,2107.0089,-34.5419,-1.6394,24022253,22941013847.0
2016-05-06,'000016,上证50,2107.0089,2153.8726,2106.4437,2152.5018,2152.8822,-45.8733,-2.1308,24642275,25367200229.0
2016-05-05,'000016,上证50,2152.8822,2155.4714,2145.1073,2149.4663,2152.9337,-0.0515,-0.0024,14777452,14787713103.0
2016-05-04,'000016,上证50,2152.9337,2159.6469,2147.7595,2152.4343,2158.2717,-5.338,-0.2473,17426893,18144468011.0
2016-05-03,'000016,上证50,2158.2717,2167.7261,2131.3826,2136.1977,2135.5087,22.763,1.0659,25815215,27269576824.0
2016-04-29,'000016,上证50,2135.5087,2146.3244,2134.1895,2136.8443,2142.0569,-6.5482,-0.3057,15948538,17090293150.0
2016-04-28,'000016,上证50,2142.0569,2155.5694,2131.8598,2149.0651,2145.3804,-3.3235,-0.1549,17358106,17850408074.0
2016-04-27,'000016,上证50,2145.3804,2159.125,2143.8984,2157.859,2155.7914,-10.411,-0.4829,14520801,15736109020.0
2016-04-26,'000016,上证50,2155.7914,2163.2401,2140.5745,2146.4125,2148.2801,7.5113,0.3496,15444290,16801367976.0
2016-04-25,'000016,上证50,2148.2801,2156.5303,2130.3027,2149.2499,2157.7235,-9.4434,-0.4377,17156071,19007263456.0
2016-04-22,'000016,上证50,2157.7235,2161.7978,2133.8099,2135.9186,2147.7184,10.0051,0.4658,20198569,21289913315.0
2016-04-21,'000016,上证50,2147.7184,2171.451,2129.9123,2138.2874,2154.8859,-7.1675,-0.3326,30628951,32429379679.0
2016-04-20,'000016,上证50,2154.8859,2169.65,2093.8183,2166.284,2163.607,-8.7211,-0.4031,47565258,48235896436.0
2016-04-19,'000016,上证50,2163.607,2173.0863,2156.1832,2169.8942,2158.2302,5.3768,0.2491,18390650,19323711874.0
2016-04-18,'000016,上证50,2158.2302,2168.8968,2154.3812,2166.0031,2182.0667,-23.8365,-1.0924,24410918,25800374598.0
2016-04-15,'000016,上证50,2182.0667,2190.7302,2172.9695,2182.1142,2178.8677,3.199,0.1468,23818860,25223150971.0
2016-04-14,'000016,上证50,2178.8677,2190.871,2166.6339,2183.1207,2171.315,7.5527,0.3478,24878856,25373585783.0
2016-04-13,'000016,上证50,2171.315,2197.7434,2157.2118,2157.2118,2143.8961,27.4189,1.2789,51114468,51256822265.0
2016-04-12,'000016,上证50,2143.8961,2150.5709,2135.2886,2147.8112,2148.4394,-4.5433,-0.2115,19392198,19123928979.0
2016-04-11,'000016,上证50,2148.4394,2167.6472,2140.5643,2140.5643,2123.8041,24.6353,1.16,30212504,33903808618.0
2016-04-08,'000016,上证50,2123.8041,2132.7281,2114.2648,2125.4491,2139.4042,-15.6001,-0.7292,22822747,23132415424.0
2016-04-07,'000016,上证50,2139.4042,2177.1223,2138.3283,2174.8833,2168.0372,-28.633,-1.3207,25833044,25519469340.0
2016-04-06,'000016,上证50,2168.0372,2176.9006,2156.5153,2167.4489,2180.2624,-12.2252,-0.5607,28349678,27380831339.0
2016-04-05,'000016,上证50,2180.2624,2186.917,2147.0884,2151.3691,2167.7824,12.48,0.5757,38874521,37084444528.0
2016-04-01,'000016,上证50,2167.7824,2168.3329,2124.1259,2156.7757,2156.541,11.2414,0.5213,34903898,32422111093.0
2016-03-31,'000016,上证50,2156.541,2171.7926,2149.2439,2166.4213,2157.5295,-0.9885,-0.0458,32281837,32777718725.0
2016-03-30,'000016,上证50,2157.5295,2160.4969,2124.089,2124.5313,2106.8616,50.6679,2.4049,35633829,34688338303.0
2016-03-29,'000016,上证50,2106.8616,2133.8094,2100.9189,2127.8042,2123.0349,-16.1733,-0.7618,25654604,26393057901.0
2016-03-28,'000016,上证50,2123.0349,2166.9221,2116.9804,2152.8074,2149.2039,-26.169,-1.2176,25905906,27760610490.0
2016-03-25,'000016,上证50,2149.2039,2156.804,2135.5281,2137.154,2137.59,11.6139,0.5433,22781049,25542245456.0
2016-03-24,'000016,上证50,2137.59,2161.1707,2137.1895,2161.1707,2175.2834,-37.6934,-1.7328,33879927,36127200242.0
2016-03-23,'000016,上证50,2175.2834,2186.0204,2159.456,2170.1633,2173.256,2.0274,0.0933,35247664,38676054516.0
2016-03-22,'000016,上证50,2173.256,2196.3678,2167.4297,2181.9848,2193.3853,-20.1293,-0.9177,50531245,54395174817.0
2016-03-21,'000016,上证50,2193.3853,2214.6429,2154.4859,2156.9507,2141.1774,52.2079,2.4383,78264665,85196919043.0
2016-03-18,'000016,上证50,2141.1774,2165.1474,2131.3827,2140.2671,2131.4813,9.6961,0.4549,62257624,60631656538.0
2016-03-17,'000016,上证50,2131.4813,2156.8913,2113.4357,2135.0585,2136.1277,-4.6464,-0.2175,38077902,38825808171.0
2016-03-16,'000016,上证50,2136.1277,2142.1597,2084.7668,2087.2793,2101.1167,35.011,1.6663,60381577,57696394759.0
2016-03-15,'000016,上证50,2101.1167,2105.0383,2055.3234,2077.5077,2078.4096,22.7071,1.0925,34647131,32999424626.0
2016-03-14,'000016,上证50,2078.4096,2117.8307,2071.1223,2079.9065,2070.7239,7.6857,0.3712,35114617,35565111220.0
2016-03-11,'000016,上证50,2070.7239,2071.0905,2039.5853,2043.2499,2061.451,9.2729,0.4498,24443461,23904780794.0
2016-03-10,'000016,上证50,2061.451,2102.9862,2060.0643,2089.8613,2111.9188,-50.4678,-2.3897,20872981,19900998976.0
2016-03-09,'000016,上证50,2111.9188,2112.8587,2053.8366,2073.2719,2115.158,-3.2392,-0.1531,38083290,34644426381.0
2016-03-08,'000016,上证50,2115.158,2118.0424,2037.2938,2102.2483,2107.6731,7.4849,0.3551,39003355,35705183469.0
2016-03-07,'000016,上证50,2107.6731,2133.5566,2097.777,2122.5519,2122.2692,-14.5961,-0.6878,40058732,38149431790.0
2016-03-04,'000016,上证50,2122.2692,2128.5689,2040.0828,2045.1154,2053.2726,68.9966,3.3603,85953126,78672195590.0
2016-03-03,'000016,上证50,2053.2726,2057.1633,2031.5361,2043.3737,2043.4067,9.8659,0.4828,45476671,43399574179.0
2016-03-02,'000016,上证50,2043.4067,2045.8249,1979.174,1980.4615,1973.1936,70.2131,3.5583,50978802,46820915805.0
2016-03-01,'000016,上证50,1973.1936,1988.5669,1931.9801,1944.5622,1944.6111,28.5825,1.4698,29595859,27992084136.0
2016-02-29,'000016,上证50,1944.6111,1953.3175,1891.0975,1951.6759,1955.3953,-10.7842,-0.5515,39161583,33168529394.0
2016-02-26,'000016,上证50,1955.3953,1965.9147,1929.9987,1946.961,1932.6015,22.7938,1.1794,26306764,22745281242.0
2016-02-25,'000016,上证50,1932.6015,2038.1805,1925.1951,2038.1604,2041.3881,-108.7866,-5.3291,42459563,36399666665.0
2016-02-24,'000016,上证50,2041.3881,2041.8831,2009.3485,2020.5916,2029.5223,11.8658,0.5847,26228917,24061303022.0
2016-02-23,'000016,上证50,2029.5223,2051.5671,2013.9809,2051.5671,2053.8631,-24.3408,-1.1851,26876191,25027930000.0
2016-02-22,'000016,上证50,2053.8631,2064.6095,2016.364,2025.18,2004.1065,49.7566,2.4827,39059284,36475281132.0
2016-02-19,'000016,上证50,2004.1065,2013.7813,1993.0455,2005.4131,2009.2727,-5.1662,-0.2571,21639290,19326968856.0
2016-02-18,'000016,上证50,2009.2727,2034.161,2007.2157,2022.5495,2014.4428,-5.1701,-0.2567,30938607,28583893670.0
2016-02-17,'000016,上证50,2014.4428,2020.0843,1993.8945,1997.6793,2000.9027,13.5401,0.6767,34373548,30392064240.0
2016-02-16,'000016,上证50,2000.9027,2005.4156,1957.5363,1957.9147,1948.2752,52.6275,2.7012,30607291,26813072574.0
2016-02-15,'000016,上证50,1948.2752,1958.2198,1914.4938,1916.4236,1967.2595,-18.9843,-0.965,18893231,17604887221.0
2016-02-05,'000016,上证50,1967.2595,1979.3913,1962.233,1970.6883,1974.2364,-6.9769,-0.3534,20455795,20020499330.0
2016-02-04,'000016,上证50,1974.2364,1983.252,1960.1297,1962.8658,1952.3665,21.8699,1.1202,25020305,22994238074.0
2016-02-03,'000016,上证50,1952.3665,1955.0889,1929.8145,1947.8333,1969.6161,-17.2496,-0.8758,21970080,19391561403.0
2016-02-02,'000016,上证50,1969.6161,1978.2855,1934.907,1935.2156,1937.0729,32.5432,1.68,26156540,23459043407.0
2016-02-01,'000016,上证50,1937.0729,1973.0998,1917.2396,1970.2135,1973.0052,-35.9323,-1.8212,27335160,23805513257.0
2016-01-29,'000016,上证50,1973.0052,1986.7205,1914.3957,1915.1266,1912.7205,60.2847,3.1518,38242877,33961257172.0
2016-01-28,'000016,上证50,1912.7205,1960.9462,1900.3515,1943.8257,1953.4647,-40.7442,-2.0857,29716553,26312112328.0
2016-01-27,'000016,上证50,1953.4647,1972.1635,1908.0377,1961.3986,1951.6136,1.8511,0.0948,39302664,34956352584.0
2016-01-26,'000016,上证50,1951.6136,2050.4457,1944.9061,2046.0403,2065.4437,-113.8301,-5.5112,37751437,34523878745.0
2016-01-25,'000016,上证50,2065.4437,2074.8954,2049.2538,2067.5631,2061.9621,3.4816,0.1688,21741074,19964754994.0
2016-01-22,'000016,上证50,2061.9621,2074.1656,2026.2701,2062.6257,2040.9775,20.9846,1.0282,27065196,25575155487.0
2016-01-21,'000016,上证50,2040.9775,2112.7342,2040.5269,2069.3857,2088.7229,-47.7454,-2.2859,34354515,32473758418.0
2016-01-20,'000016,上证50,2088.7229,2124.1513,2076.1648,2115.126,2128.5743,-39.8514,-1.8722,39221145,39259455272.0
2016-01-19,'000016,上证50,2128.5743,2135.3621,2060.2812,2075.1864,2069.2746,59.2997,2.8657,37222168,37594149943.0
2016-01-18,'000016,上证50,2069.2746,2092.4024,2039.0509,2040.4064,2070.928,-1.6534,-0.0798,26806095,25299829922.0
2016-01-15,'000016,上证50,2070.928,2128.948,2058.697,2119.562,2132.076,-61.148,-2.868,34641623,33603671196.0
2016-01-14,'000016,上证50,2132.076,2136.063,2052.296,2056.408,2105.507,26.569,1.2619,36630965,35415650797.0
2016-01-13,'000016,上证50,2105.507,2157.508,2104.931,2152.717,2131.368,-25.861,-1.2134,32024944,32986276068.0
2016-01-12,'000016,上证50,2131.368,2151.399,2115.365,2135.939,2120.234,11.134,0.5251,35144374,36195368774.0
2016-01-11,'000016,上证50,2120.234,2202.323,2119.702,2182.846,2219.612,-99.378,-4.4773,48483505,48888155750.0
2016-01-08,'000016,上证50,2219.612,2257.41,2154.582,2225.475,2180.589,39.023,1.7896,51525931,53797581980.0
2016-01-07,'000016,上证50,2180.589,2281.934,2171.315,2281.881,2317.647,-137.058,-5.9137,11081575,11474807593.0
2016-01-06,'000016,上证50,2317.647,2321.169,2274.468,2284.923,2288.113,29.534,1.2908,38088820,39894992590.0
2016-01-05,'000016,上证50,2288.113,2309.594,2223.052,2230.08,2270.461,17.652,0.7775,48075962,51045135704.0
2016-01-04,'000016,上证50,2270.461,2417.025,2269.967,2417.025,2420.801,-150.34,-6.2103,34620851,37753719870.0
2015-12-31,'000016,上证50,2420.801,2437.716,2409.757,2426.811,2432.773,-11.972,-0.4921,29972722,34587023313.0
2015-12-30,'000016,上证50,2432.773,2434.521,2399.92,2432.183,2432.88,-0.107,-0.0044,28420662,34438639925.0
2015-12-29,'000016,上证50,2432.88,2435.621,2405.17,2408.925,2411.408,21.472,0.8904,27597306,32289796966.0
2015-12-28,'000016,上证50,2411.408,2502.333,2411.209,2498.781,2492.336,-80.928,-3.2471,48200591,56480251513.0
2015-12-25,'000016,上证50,2492.336,2496.838,2474.327,2483.657,2481.754,10.582,0.4264,29623024,37440811179.0
2015-12-24,'000016,上证50,2481.754,2505.703,2451.45,2498.768,2503.059,-21.305,-0.8512,48303842,61250645782.0
2015-12-23,'000016,上证50,2503.059,2550.899,2492.425,2497.366,2496.054,7.005,0.2806,68188855,90512021082.0
2015-12-22,'000016,上证50,2496.054,2506.87,2477.667,2499.658,2500.064,-4.01,-0.1604,51248803,64840180729.0
2015-12-21,'000016,上证50,2500.064,2513.486,2414.838,2415.63,2422.835,77.229,3.1875,73671087,85785187704.0
2015-12-18,'000016,上证50,2422.835,2466.346,2404.152,2405.857,2408.321,14.514,0.6027,53967334,61122604304.0
2015-12-17,'000016,上证50,2408.321,2424.904,2386.088,2391.402,2376.535,31.786,1.3375,44035118,52238794696.0
2015-12-16,'000016,上证50,2376.535,2394.171,2371.428,2389.252,2383.832,-7.297,-0.3061,28490923,33463611754.0
2015-12-15,'000016,上证50,2383.832,2410.086,2377.066,2408.153,2414.917,-31.085,-1.2872,34608353,44351837528.0
2015-12-14,'000016,上证50,2414.917,2418.564,2316.902,2319.198,2342.453,72.464,3.0935,47486653,59498180606.0
2015-12-11,'000016,上证50,2342.453,2357.08,2324.625,2346.863,2357.209,-14.756,-0.626,31590449,36142268902.0
2015-12-10,'000016,上证50,2357.209,2402.688,2353.217,2369.588,2369.738,-12.529,-0.5287,31997618,36125750537.0
2015-12-09,'000016,上证50,2369.738,2386.281,2356.939,2357.876,2364.344,5.394,0.2281,28420592,32031217406.0
2015-12-08,'000016,上证50,2364.344,2386.277,2356.93,2381.675,2395.584,-31.24,-1.3041,33813694,37192972423.0
2015-12-07,'000016,上证50,2395.584,2404.912,2379.546,2398.088,2397.562,-1.978,-0.0825,29174395,31915980561.0
2015-12-04,'000016,上证50,2397.562,2442.248,2392.884,2438.386,2461.449,-63.887,-2.5955,47838541,47769842562.0
2015-12-03,'000016,上证50,2461.449,2481.537,2422.559,2441.906,2458.411,3.038,0.1236,81744001,76165001848.0
2015-12-02,'000016,上证50,2458.411,2463.905,2337.027,2341.425,2344.833,113.578,4.8438,81676934,86349470754.0
2015-12-01,'000016,上证50,2344.833,2365.149,2314.793,2334.143,2336.29,8.543,0.3657,41934911,43612910949.0
2015-11-30,'000016,上证50,2336.29,2347.844,2280.683,2325.071,2334.44,1.85,0.0792,52561629,55296921063.0
2015-11-27,'000016,上证50,2334.44,2439.699,2320.066,2438.179,2450.962,-116.522,-4.7541,55953595,65740271512.0
2015-11-26,'000016,上证50,2450.962,2481.39,2450.095,2468.519,2459.563,-8.601,-0.3497,44936629,56095623490.0
2015-11-25,'000016,上证50,2459.563,2460.184,2430.35,2441.728,2447.904,11.659,0.4763,42602899,51769943222.0
2015-11-24,'000016,上证50,2447.904,2452.352,2421.392,2449.973,2456.84,-8.936,-0.3637,40952414,47603582746.0
2015-11-23,'000016,上证50,2456.84,2485.415,2451.548,2465.811,2466.757,-9.917,-0.402,44090329,54186057033.0
2015-11-20,'000016,上证50,2466.757,2483.891,2458.779,2469.699,2468.488,-1.731,-0.0701,48099426,56175625801.0
2015-11-19,'000016,上证50,2468.488,2469.007,2436.899,2444.878,2439.447,29.041,1.1905,41949234,48802526883.0
2015-11-18,'000016,上证50,2439.447,2473.447,2433.456,2455.576,2453.257,-13.81,-0.5629,59872626,72688331602.0
2015-11-17,'000016,上证50,2453.257,2514.463,2449.741,2462.217,2447.293,5.964,0.2437,68244705,89093561458.0
2015-11-16,'000016,上证50,2447.293,2447.5,2407.943,2410.039,2447.773,-0.48,-0.0196,42344114,52138986497.0
2015-11-13,'000016,上证50,2447.773,2481.175,2444.203,2454.178,2476.429,-28.656,-1.1572,55930737,72056902058.0
2015-11-12,'000016,上证50,2476.429,2513.701,2466.291,2513.107,2505.83,-29.401,-1.1733,58391260,73592455953.0
2015-11-11,'000016,上证50,2505.83,2517.506,2474.043,2516.346,2522.683,-16.853,-0.6681,66089396,81052526285.0
2015-11-10,'000016,上证50,2522.683,2559.828,2498.457,2504.253,2534.084,-11.401,-0.4499,90872224,1.11933015715e+11
2015-11-09,'000016,上证50,2534.084,2592.194,2501.725,2501.725,2493.484,40.6,1.6282,133190838,1.57351840674e+11
2015-11-06,'000016,上证50,2493.484,2501.403,2427.284,2430.65,2440.651,52.833,2.1647,102199298,1.2782438246e+11
2015-11-05,'000016,上证50,2440.651,2503.65,2365.854,2368.608,2370.503,70.148,2.9592,148745222,1.82382020823e+11
2015-11-04,'000016,上证50,2370.503,2374.019,2277.2,2277.2,2271.653,98.85,4.3515,62000309,72905591637.0
2015-11-03,'000016,上证50,2271.653,2294.415,2265.673,2283.802,2280.092,-8.439,-0.3701,27317118,29524653506.0
2015-11-02,'000016,上证50,2280.092,2310.828,2279.469,2291.252,2312.974,-32.882,-1.4216,33098994,36611438729.0
2015-10-30,'000016,上证50,2312.974,2336.039,2298.974,2307.759,2307.345,5.629,0.244,37173556,44039500406.0
2015-10-29,'000016,上证50,2307.345,2323.451,2301.367,2317.48,2310.703,-3.358,-0.1453,29257579,33423652238.0
2015-10-28,'000016,上证50,2310.703,2342.453,2308.545,2338.386,2349.904,-39.201,-1.6682,40939162,46039202860.0
2015-10-27,'000016,上证50,2349.904,2353.648,2302.093,2343.872,2350.02,-0.116,-0.0049,46643220,55912464520.0
2015-10-26,'000016,上证50,2350.02,2381.713,2340.496,2366.838,2343.965,6.055,0.2583,52798208,65318857607.0
2015-10-23,'000016,上证50,2343.965,2350.119,2319.775,2334.542,2331.791,12.174,0.5221,48854813,55499002573.0
2015-10-22,'000016,上证50,2331.791,2337.401,2297.05,2306.067,2340.36,-8.569,-0.3661,54651781,58117036163.0
2015-10-21,'000016,上证50,2340.36,2369.371,2268.823,2338.714,2337.08,3.28,0.1403,97671718,1.01098777998e+11
2015-10-20,'000016,上证50,2337.08,2337.798,2297.755,2312.531,2318.472,18.608,0.8026,46698905,53385978561.0
2015-10-19,'000016,上证50,2318.472,2346.346,2303.165,2329.396,2323.775,-5.303,-0.2282,53225380,62261180575.0
2015-10-16,'000016,上证50,2323.775,2328.304,2301.487,2310.354,2297.901,25.874,1.126,60168475,68286761136.0
2015-10-15,'000016,上证50,2297.901,2297.956,2252.33,2254.403,2253.908,43.993,1.9519,46942189,51270530646.0
2015-10-14,'000016,上证50,2253.908,2284.62,2252.381,2263.592,2270.948,-17.04,-0.7503,41961463,43702043288.0
2015-10-13,'000016,上证50,2270.948,2282.041,2259.267,2268.759,2283.429,-12.481,-0.5466,36904537,39806826617.0
2015-10-12,'000016,上证50,2283.429,2308.189,2220.632,2223.325,2219.294,64.135,2.8899,62354545,67779920778.0
2015-10-09,'000016,上证50,2219.294,2226.423,2195.158,2202.134,2191.343,27.951,1.2755,33135222,34896509932.0
2015-10-08,'000016,上证50,2191.343,2231.242,2189.988,2231.025,2146.118,45.225,2.1073,39255630,45316636052.0
2015-09-30,'000016,上证50,2146.118,2161.712,2133.879,2138.148,2127.203,18.915,0.8892,25026925,27561758091.0
2015-09-29,'000016,上证50,2127.203,2145.987,2114.301,2139.797,2169.941,-42.738,-1.9695,25482560,25518108293.0
2015-09-28,'000016,上证50,2169.941,2175.97,2145.75,2169.152,2183.404,-13.463,-0.6166,20268618,20171336385.0
2015-09-25,'000016,上证50,2183.404,2191.36,2150.018,2180.287,2188.088,-4.684,-0.2141,35992010,36738193810.0
2015-09-24,'000016,上证50,2188.088,2198.492,2170.678,2190.31,2178.546,9.542,0.438,25074852,28435039550.0
2015-09-23,'000016,上证50,2178.546,2219.241,2174.92,2208.252,2237.314,-58.768,-2.6267,34234548,37515856179.0
2015-09-22,'000016,上证50,2237.314,2259.071,2210.494,2217.779,2214.448,22.866,1.0326,42563767,48474974276.0
2015-09-21,'000016,上证50,2214.448,2220.024,2176.658,2185.077,2198.99,15.458,0.703,36901513,40143067789.0
2015-09-18,'000016,上证50,2198.99,2226.751,2192.266,2204.578,2194.823,4.167,0.1899,36074301,37835417744.0
2015-09-17,'000016,上证50,2194.823,2260.85,2194.028,2223.403,2241.949,-47.126,-2.102,55842887,60336914992.0
2015-09-16,'000016,上证50,2241.949,2277.583,2142.2,2161.01,2175.173,66.776,3.0699,56026548,57555613858.0
2015-09-15,'000016,上证50,2175.173,2188.357,2142.02,2179.239,2228.154,-52.981,-2.3778,55484328,54339604366.0
2015-09-14,'000016,上证50,2228.154,2228.957,2126.288,2205.705,2195.391,32.763,1.4924,84785358,92470907259.0
2015-09-11,'000016,上证50,2195.391,2218.822,2180.235,2199.585,2208.481,-13.09,-0.5927,36221969,39906031523.0
2015-09-10,'000016,上证50,2208.481,2218.137,2175.366,2183.606,2211.2,-2.719,-0.123,53035319,57056319016.0
2015-09-09,'000016,上证50,2211.2,2225.269,2175.77,2186.371,2180.131,31.069,1.4251,76962973,81846248864.0
2015-09-08,'000016,上证50,2180.131,2185.404,2084.03,2115.896,2133.978,46.153,2.1628,61980414,61093083225.0
2015-09-07,'000016,上证50,2133.978,2247.441,2127.479,2215.176,2243.631,-109.653,-4.8873,85672057,82337818717.0
2015-09-02,'000016,上证50,2243.631,2248.766,2137.193,2143.244,2230.321,13.31,0.5968,166061448,1.48869501978e+11
2015-09-01,'000016,上证50,2230.321,2239.458,2103.479,2155.956,2210.447,19.874,0.8991,158310344,1.47365363758e+11
2015-08-31,'000016,上证50,2210.447,2214.105,2071.406,2135.603,2159.958,50.489,2.3375,117193052,1.22180277777e+11
2015-08-28,'000016,上证50,2159.958,2167.898,2097.776,2120.358,2094.722,65.236,3.1143,115299860,1.1709507661e+11
2015-08-27,'000016,上证50,2094.722,2095.456,1957.736,1989.586,1942.45,152.272,7.8392,116585470,1.12381615036e+11
2015-08-26,'000016,上证50,1942.45,2028.402,1874.216,1930.201,1914.052,28.398,1.4837,124111796,1.13224245167e+11
2015-08-25,'000016,上证50,1914.052,2044.559,1890.379,1947.145,2058.252,-144.2,-7.0059,118569577,1.09950391154e+11
2015-08-24,'000016,上证50,2058.252,2203.634,2046.845,2195.457,2271.359,-213.107,-9.3824,115420383,1.11341099688e+11
2015-08-21,'000016,上证50,2271.359,2362.844,2261.307,2336.45,2356.917,-85.558,-3.6301,78467553,85908968966.0
2015-08-20,'000016,上证50,2356.917,2421.026,2356.334,2406.57,2430.281,-73.364,-3.0187,68346853,74859841916.0
2015-08-19,'000016,上证50,2430.281,2431.611,2326.236,2379.209,2407.967,22.314,0.9267,90485319,1.00388484977e+11
2015-08-18,'000016,上证50,2407.967,2572.213,2405.828,2554.076,2550.467,-142.5,-5.5872,101248713,1.25516447456e+11
2015-08-17,'000016,上证50,2550.467,2561.963,2524.128,2560.371,2577.038,-26.571,-1.0311,71133819,91571513211.0
2015-08-14,'000016,上证50,2577.038,2592.17,2565.592,2588.432,2580.778,-3.74,-0.1449,72941572,98274809964.0
2015-08-13,'000016,上证50,2580.778,2585.923,2522.352,2562.874,2561.127,19.651,0.7673,70080742,92171458702.0
2015-08-12,'000016,上证50,2561.127,2598.508,2557.26,2562.681,2590.71,-29.583,-1.1419,75352530,1.03960468235e+11
2015-08-11,'000016,上证50,2590.71,2623.837,2578.649,2612.948,2617.659,-26.949,-1.0295,99584256,1.26415895643e+11
2015-08-10,'000016,上证50,2617.659,2626.358,2517.947,2527.616,2503.796,113.863,4.5476,109626613,1.35665863619e+11
2015-08-07,'000016,上证50,2503.796,2520.038,2479.246,2489.805,2467.525,36.271,1.4699,57563239,73033096593.0
2015-08-06,'000016,上证50,2467.525,2505.534,2446.959,2452.528,2487.062,-19.537,-0.7855,47800047,60255514873.0
2015-08-05,'000016,上证50,2487.062,2537.354,2485.598,2529.133,2534.711,-47.649,-1.8799,62889670,79648361307.0
2015-08-04,'000016,上证50,2534.711,2535.28,2462.73,2476.158,2479.724,54.987,2.2175,66032317,79544151971.0
2015-08-03,'000016,上证50,2479.724,2479.951,2419.85,2433.242,2461.24,18.484,0.751,88073410,96775631031.0
2015-07-31,'000016,上证50,2461.24,2490.659,2432.494,2452.047,2467.367,-6.127,-0.2483,74725374,88953040848.0
2015-07-30,'000016,上证50,2467.367,2548.27,2459.924,2525.084,2531.445,-64.078,-2.5313,86949827,1.08522361462e+11
2015-07-29,'000016,上证50,2531.445,2535.602,2459.082,2496.895,2485.674,45.771,1.8414,93078154,1.12668842451e+11
2015-07-28,'000016,上证50,2485.674,2531.231,2400.866,2427.028,2493.29,-7.616,-0.3055,140338855,1.64763023008e+11
2015-07-27,'000016,上证50,2493.29,2715.359,2491.119,2698.798,2741.044,-247.754,-9.0387,136645104,1.58951323879e+11
2015-07-24,'000016,上证50,2741.044,2807.62,2735.299,2794.054,2790.764,-49.72,-1.7816,123928908,1.63019756747e+11
2015-07-23,'000016,上证50,2790.764,2796.368,2736.375,2741.424,2739.786,50.978,1.8607,113582039,1.51861837466e+11
2015-07-22,'000016,上证50,2739.786,2770.996,2721.354,2757.284,2772.774,-32.988,-1.1897,106654530,1.40089841552e+11
2015-07-21,'000016,上证50,2772.774,2799.815,2743.155,2757.66,2783.761,-10.987,-0.3947,115826578,1.52027265918e+11
2015-07-20,'000016,上证50,2783.761,2815.701,2766.943,2798.56,2807.065,-23.304,-0.8302,130862495,1.6666002749e+11
2015-07-17,'000016,上证50,2807.065,2834.179,2723.739,2756.866,2742.847,64.218,2.3413,130241112,1.60825185875e+11
2015-07-16,'000016,上证50,2742.847,2779.997,2708.715,2754.829,2757.951,-15.104,-0.5477,135246163,1.5140156437e+11
2015-07-15,'000016,上证50,2757.951,2779.948,2665.95,2725.924,2763.073,-5.122,-0.1854,185948028,2.11874749742e+11
2015-07-14,'000016,上证50,2763.073,2843.248,2717.031,2821.971,2869.051,-105.978,-3.6938,194368424,2.34177778237e+11
2015-07-13,'000016,上证50,2869.051,2949.197,2805.913,2855.7,2898.41,-29.359,-1.0129,233341055,2.89573739645e+11
2015-07-10,'000016,上证50,2898.41,2997.597,2717.712,2749.12,2781.077,117.333,4.219,296251842,3.61175452326e+11
2015-07-09,'000016,上证50,2781.077,2828.752,2493.644,2575.343,2608.977,172.1,6.5965,271176770,3.04601932721e+11
2015-07-08,'000016,上证50,2608.977,2760.522,2546.462,2596.712,2812.446,-203.469,-7.2346,377459400,4.0719923407e+11
2015-07-07,'000016,上证50,2812.446,2825.486,2612.115,2682.501,2749.998,62.448,2.2708,350314798,4.28297507083e+11
2015-07-06,'000016,上证50,2749.998,2807.754,2649.558,2807.754,2582.266,167.732,6.4955,344834279,3.8391733613e+11
2015-07-03,'000016,上证50,2582.266,2738.658,2511.165,2674.557,2714.247,-131.981,-4.8625,184361918,2.12838565194e+11
2015-07-02,'000016,上证50,2714.247,2805.667,2611.863,2767.986,2736.847,-22.6,-0.8258,209045754,2.4527579047e+11
2015-07-01,'000016,上证50,2736.847,2872.907,2721.476,2823.944,2870.025,-133.178,-4.6403,169957702,2.18026247303e+11
2015-06-30,'000016,上证50,2870.025,2872.508,2628.004,2678.634,2678.368,191.657,7.1557,219592298,2.75002230874e+11
2015-06-29,'000016,上证50,2678.368,2822.113,2530.83,2802.772,2736.695,-58.327,-2.1313,212018714,2.68112919192e+11
2015-06-26,'000016,上证50,2736.695,2953.959,2678.769,2875.122,2943.99,-207.295,-7.0413,183355804,2.39246445397e+11
2015-06-25,'000016,上证50,2943.99,3082.558,2929.107,3069.4,3045.244,-101.254,-3.325,160158307,2.20485922433e+11
2015-06-24,'000016,上证50,3045.244,3052.113,2962.647,3009.769,3003.163,42.081,1.4012,141585882,1.92146957777e+11
2015-06-23,'000016,上证50,3003.163,3007.626,2822.471,2907.075,2903.057,100.106,3.4483,135617644,1.81578408064e+11
2015-06-19,'000016,上证50,2903.057,3067.817,2900.791,3030.224,3068.488,-165.431,-5.3913,131783924,1.75635864935e+11
2015-06-18,'000016,上证50,3068.488,3183.229,3067.485,3183.229,3211.707,-143.219,-4.4593,137345042,1.82753386134e+11
2015-06-17,'000016,上证50,3211.707,3222.438,3144.488,3198.143,3179.652,32.055,1.0081,159571563,2.07598398446e+11
2015-06-16,'000016,上证50,3179.652,3275.474,3149.083,3233.147,3262.479,-82.827,-2.5388,155969898,2.15445605742e+11
2015-06-15,'000016,上证50,3262.479,3366.839,3254.619,3359.707,3350.248,-87.769,-2.6198,167322559,2.49139893089e+11
2015-06-12,'000016,上证50,3350.248,3374.815,3319.2,3364.443,3347.116,3.132,0.0936,145262255,2.25464244301e+11
2015-06-11,'000016,上证50,3347.116,3383.488,3313.59,3368.999,3370.383,-23.267,-0.6903,138073848,2.26193699248e+11
2015-06-10,'000016,上证50,3370.383,3415.276,3338.684,3362.807,3413.996,-43.613,-1.2775,155294691,2.466770806e+11
2015-06-09,'000016,上证50,3413.9955,3494.8225,3376.0245,3494.8225,3458.707,-44.7115,-1.2927,220448561,3.40397076165e+11
2015-06-08,'000016,上证50,3458.707,3469.216,3308.296,3333.833,3303.988,154.719,4.6828,248254042,3.50471169879e+11
2015-06-05,'000016,上证50,3303.988,3365.59,3234.246,3349.573,3299.03,4.958,0.1503,188145648,2.7074007978e+11
2015-06-04,'000016,上证50,3299.03,3316.501,3113.222,3244.459,3238.428,60.602,1.8713,184567939,2.54373140235e+11
2015-06-03,'000016,上证50,3238.428,3259.706,3193.544,3251.909,3258.31,-19.882,-0.6102,128306977,1.9039560879e+11
2015-06-02,'000016,上证50,3258.31,3269.216,3201.224,3240.796,3244.319,13.991,0.4312,134800533,1.92594405217e+11
2015-06-01,'000016,上证50,3244.319,3250.605,3082.163,3114.793,3111.334,132.985,4.2742,141023373,2.08883534412e+11
2015-05-29,'000016,上证50,3111.334,3161.58,3036.957,3127.636,3124.621,-13.287,-0.4252,133784404,1.98756332721e+11
2015-05-28,'000016,上证50,3124.621,3350.218,3120.973,3336.7,3344.738,-220.117,-6.581,178255206,2.6977419461e+11
2015-05-27,'000016,上证50,3344.738,3404.756,3327.241,3390.981,3386.593,-41.855,-1.2359,147470539,2.43480842689e+11
2015-05-26,'000016,上证50,3386.593,3390.287,3320.154,3382.76,3349.945,36.648,1.094,147894684,2.46793747401e+11
2015-05-25,'000016,上证50,3349.945,3350.518,3263.96,3263.96,3248.855,101.09,3.1116,158585710,2.52774281092e+11
2015-05-22,'000016,上证50,3248.855,3249.516,3170.453,3180.39,3150.901,97.954,3.1088,150021104,2.3155287429e+11
2015-05-21,'000016,上证50,3150.901,3156.488,3110.999,3132.335,3122.85,28.051,0.8982,94755784,1.47586632328e+11
2015-05-20,'000016,上证50,3122.85,3181.54,3105.626,3127.566,3116.086,6.764,0.2171,124557332,1.93487499948e+11
2015-05-19,'000016,上证50,3116.086,3127.001,2996.716,2996.841,2998.389,117.697,3.9253,111206627,1.77662170878e+11
2015-05-18,'000016,上证50,2998.389,3045.586,2997.129,3032.708,3060.411,-62.022,-2.0266,87041724,1.3009542419e+11
2015-05-15,'000016,上证50,3060.411,3124.605,3044.854,3122.894,3128.572,-68.161,-2.1787,109993195,1.61060871991e+11
2015-05-14,'000016,上证50,3128.572,3153.748,3107.681,3136.128,3141.296,-12.724,-0.4051,105338706,1.53091926598e+11
2015-05-13,'000016,上证50,3141.296,3188.961,3122.337,3188.061,3188.313,-47.017,-1.4747,117305504,1.74969590097e+11
2015-05-12,'000016,上证50,3188.313,3200.184,3136.458,3162.671,3169.134,19.179,0.6052,130813054,1.99503827349e+11
2015-05-11,'000016,上证50,3169.134,3169.867,3075.201,3112.241,3110.455,58.679,1.8865,133766659,1.94746886189e+11
2015-05-08,'000016,上证50,3110.455,3138.661,3045.01,3126.002,3094.883,15.572,0.5032,103278165,1.52427977927e+11
2015-05-07,'000016,上证50,3094.883,3142.137,3093.732,3116.788,3139.02,-44.137,-1.4061,109440929,1.63519858395e+11
2015-05-06,'000016,上证50,3139.02,3244.596,3110.111,3175.886,3148.813,-9.793,-0.311,147991138,2.55658443829e+11
2015-05-05,'000016,上证50,3148.813,3270.962,3132.936,3266.809,3272.005,-123.192,-3.765,170607781,2.60105798246e+11
2015-05-04,'000016,上证50,3272.005,3273.149,3204.306,3250.125,3250.49,21.515,0.6619,133270953,2.07062514415e+11
2015-04-30,'000016,上证50,3250.49,3309.419,3249.246,3290.581,3283.282,-32.792,-0.9988,146288279,2.30961426171e+11
2015-04-29,'000016,上证50,3283.282,3304.707,3243.539,3268.518,3282.33,0.952,0.029,146666285,2.2882961684e+11
2015-04-28,'000016,上证50,3282.33,3370.025,3255.769,3309.529,3308.454,-26.124,-0.7896,266042859,3.73574203804e+11
2015-04-27,'000016,上证50,3308.454,3313.251,3257.97,3257.97,3223.958,84.496,2.6209,200266975,3.0826269391e+11
2015-04-24,'000016,上证50,3223.958,3250.23,3161.972,3226.384,3273.398,-49.44,-1.5104,185135936,2.9758275867e+11
2015-04-23,'000016,上证50,3273.398,3313.81,3245.762,3311.071,3299.221,-25.823,-0.7827,177137931,2.93820855339e+11
2015-04-22,'000016,上证50,3299.221,3300.836,3204.437,3219.696,3214.364,84.857,2.6399,201738071,3.30229057388e+11
2015-04-21,'000016,上证50,3214.364,3214.893,3135.218,3163.288,3164.461,49.903,1.577,184427692,2.69227090538e+11
2015-04-20,'000016,上证50,3164.461,3296.18,3146.84,3267.851,3235.332,-70.871,-2.1905,265976127,3.96545655558e+11
2015-04-17,'000016,上证50,3235.332,3271.567,3216.206,3251.977,3183.302,52.03,1.6345,207659934,2.85355303934e+11
2015-04-16,'000016,上证50,3183.302,3183.583,3033.248,3045.851,3053.304,129.998,4.2576,171967554,2.371858205e+11
2015-04-15,'000016,上证50,3053.304,3119.484,3039.255,3054.017,3052.407,0.897,0.0294,179025929,2.29330047185e+11
2015-04-14,'000016,上证50,3052.407,3074.671,3013.312,3057.407,3041.125,11.282,0.371,162300362,2.32248755663e+11
2015-04-13,'000016,上证50,3041.125,3059.775,3016.965,3040.007,2986.605,54.52,1.8255,169339583,2.28801061501e+11
2015-04-10,'000016,上证50,2986.605,2992.408,2911.463,2925.926,2931.772,54.833,1.8703,141215958,2.11274923926e+11
2015-04-09,'000016,上证50,2931.772,3021.85,2914.695,2973.811,2952.079,-20.307,-0.6879,176764483,2.75401161544e+11
2015-04-08,'000016,上证50,2952.079,2960.653,2879.974,2907.584,2889.452,62.627,2.1674,179853837,2.59888801391e+11
2015-04-07,'000016,上证50,2889.452,2889.859,2838.885,2854.407,2817.181,72.271,2.5654,160139442,2.18683078629e+11
2015-04-03,'000016,上证50,2817.181,2817.624,2764.347,2771.03,2781.641,35.54,1.2777,112969251,1.64348829555e+11
2015-04-02,'000016,上证50,2781.641,2824.822,2746.302,2821.214,2799.451,-17.81,-0.6362,122184734,1.6911820558e+11
2015-04-01,'000016,上证50,2799.451,2810.649,2751.372,2758.962,2754.658,44.793,1.6261,125281322,1.73744777845e+11
2015-03-31,'000016,上证50,2754.658,2860.24,2744.927,2826.634,2784.456,-29.798,-1.0702,175833718,2.38894479256e+11
2015-03-30,'000016,上证50,2784.456,2793.414,2704.798,2716.431,2689.24,95.216,3.5406,181383659,2.23343798801e+11
2015-03-27,'000016,上证50,2689.24,2715.007,2664.864,2693.189,2687.762,1.478,0.055,119869374,1.50762821311e+11
2015-03-26,'000016,上证50,2687.762,2714.63,2621.451,2637.527,2649.161,38.601,1.4571,133442925,1.77662022521e+11
2015-03-25,'000016,上证50,2649.161,2691.238,2626.659,2674.352,2683.647,-34.486,-1.285,132270399,1.72197841805e+11
2015-03-24,'000016,上证50,2683.647,2720.03,2649.621,2719.506,2720.671,-37.024,-1.3608,153617579,1.9385572033e+11
2015-03-23,'000016,上证50,2720.671,2724.644,2690.48,2700.157,2680.679,39.992,1.4919,142091935,2.00735740327e+11
2015-03-20,'000016,上证50,2680.679,2710.128,2617.065,2642.798,2630.243,50.436,1.9175,153754994,2.26538770261e+11
2015-03-19,'000016,上证50,2630.243,2649.002,2613.765,2649.002,2649.642,-19.399,-0.7321,133595868,1.64505899286e+11
2015-03-18,'000016,上证50,2649.642,2649.816,2592.264,2595.739,2583.198,66.444,2.5722,147958821,1.8368919706e+11
2015-03-17,'000016,上证50,2583.198,2586.431,2556.469,2576.413,2550.861,32.337,1.2677,132092052,1.69433534025e+11
2015-03-16,'000016,上证50,2550.861,2551.445,2485.291,2512.353,2495.277,55.584,2.2276,104132082,1.38113102459e+11
2015-03-13,'000016,上证50,2495.277,2532.154,2477.396,2494.345,2485.114,10.163,0.409,104205941,1.26727328925e+11
2015-03-12,'000016,上证50,2485.114,2505.633,2423.431,2444.415,2408.503,76.611,3.1809,124778201,1.50805712128e+11
2015-03-11,'000016,上证50,2408.503,2444.655,2399.54,2401.261,2395.428,13.075,0.5458,70074190,89940153077.0
2015-03-10,'000016,上证50,2395.428,2424.151,2390.604,2413.837,2429.867,-34.439,-1.4173,78435586,95150780368.0
2015-03-09,'000016,上证50,2429.867,2443.204,2321.265,2352.223,2371.623,58.244,2.4559,106195716,1.23427883484e+11
2015-03-06,'000016,上证50,2371.623,2393.739,2366.019,2370.885,2366.899,4.724,0.1996,64804205,81818662085.0
2015-03-05,'000016,上证50,2366.899,2382.892,2344.947,2379.732,2397.993,-31.094,-1.2967,77773300,97140402436.0
2015-03-04,'000016,上证50,2397.993,2416.219,2378.927,2403.862,2396.805,1.188,0.0496,64295285,80953989953.0
2015-03-03,'000016,上证50,2396.805,2462.003,2395.83,2462.003,2479.237,-82.432,-3.3249,91274742,1.15862673458e+11
2015-03-02,'000016,上证50,2479.237,2498.716,2459.421,2495.571,2474.595,4.642,0.1876,88052518,1.17028814032e+11
2015-02-27,'000016,上证50,2474.595,2498.697,2466.827,2476.486,2478.061,-3.466,-0.1399,85651923,1.04744155673e+11
2015-02-26,'000016,上证50,2478.061,2482.443,2382.687,2401.138,2407.457,70.604,2.9327,94707062,1.18346203874e+11
2015-02-25,'000016,上证50,2407.457,2448.199,2395.527,2448.199,2445.26,-37.803,-1.546,63987384,78427138974.0
2015-02-17,'000016,上证50,2445.26,2464.524,2437.689,2437.689,2431.21,14.05,0.5779,60010573,76964794987.0
2015-02-16,'000016,上证50,2431.21,2437.843,2413.604,2427.168,2427.474,3.736,0.1539,62608116,79647192287.0
2015-02-13,'000016,上证50,2427.474,2464.076,2415.425,2426.953,2416.449,11.025,0.4562,83793479,1.01300051245e+11
2015-02-12,'000016,上证50,2416.449,2425.635,2384.493,2415.139,2415.128,1.321,0.0547,60662358,76858277114.0
2015-02-11,'000016,上证50,2415.128,2423.348,2395.195,2408.079,2403.548,11.58,0.4818,50538983,70324469186.0
2015-02-10,'000016,上证50,2403.548,2409.024,2355.136,2363.159,2366.766,36.782,1.5541,68862031,89318363752.0
2015-02-09,'000016,上证50,2366.766,2392.822,2311.799,2319.241,2325.241,41.525,1.7858,73903383,1.03914677476e+11
2015-02-06,'000016,上证50,2325.241,2366.331,2303.112,2335.362,2348.921,-23.68,-1.0081,76931113,93700542585.0
2015-02-05,'000016,上证50,2348.921,2456.569,2348.448,2456.384,2372.455,-23.534,-0.992,110713251,1.40544596949e+11
2015-02-04,'000016,上证50,2372.455,2439.605,2370.569,2412.754,2405.76,-33.305,-1.3844,77531358,1.05036320354e+11
2015-02-03,'000016,上证50,2405.76,2413.006,2335.107,2362.413,2332.533,73.227,3.1394,82274659,1.08792144435e+11
2015-02-02,'000016,上证50,2332.533,2376.426,2329.151,2337.196,2405.38,-72.847,-3.0285,84676893,99907073535.0
2015-01-30,'000016,上证50,2405.38,2471.228,2400.628,2456.054,2442.038,-36.658,-1.5011,76591150,97675217703.0
2015-01-29,'000016,上证50,2442.038,2465.312,2419.988,2444.395,2486.285,-44.247,-1.7796,81404965,1.03757275868e+11
2015-01-28,'000016,上证50,2486.285,2534.583,2476.277,2497.05,2522.103,-35.818,-1.4202,86356380,1.15311451576e+11
2015-01-27,'000016,上证50,2522.103,2574.331,2473.808,2570.432,2562.363,-40.26,-1.5712,116542876,1.49446785333e+11
2015-01-26,'000016,上证50,2562.363,2565.362,2528.076,2563.91,2564.514,-2.151,-0.0839,95979468,1.2441787939e+11
2015-01-23,'000016,上证50,2564.514,2612.931,2543.455,2556.915,2544.308,20.206,0.7942,124551349,1.69187278183e+11
2015-01-22,'000016,上证50,2544.308,2557.695,2504.066,2546.701,2542.318,1.99,0.0783,113708777,1.57023146156e+11
2015-01-21,'000016,上证50,2542.318,2553.696,2414.885,2425.261,2403.724,138.594,5.7658,148800477,2.06930196379e+11
2015-01-20,'000016,上证50,2403.724,2439.251,2355.258,2381.143,2410.201,-6.477,-0.2687,137476636,1.93319716267e+11
2015-01-19,'000016,上证50,2410.201,2512.58,2399.435,2448.927,2653.034,-242.833,-9.153,140163570,1.61509615711e+11
2015-01-16,'000016,上证50,2653.034,2685.306,2626.82,2642.744,2632.89,20.144,0.7651,134951180,1.82059514257e+11
2015-01-15,'000016,上证50,2632.89,2633.397,2516.612,2534.766,2534.23,98.66,3.8931,111923167,1.6124441277e+11
2015-01-14,'000016,上证50,2534.23,2569.451,2508.657,2539.249,2527.828,6.402,0.2533,84122310,1.14229283755e+11
2015-01-13,'000016,上证50,2527.828,2567.62,2512.861,2537.975,2543.852,-16.024,-0.6299,77079080,1.13495932976e+11
2015-01-12,'000016,上证50,2543.852,2596.268,2499.869,2565.737,2569.019,-25.167,-0.9796,119183586,1.67990429366e+11
2015-01-09,'000016,上证50,2569.019,2692.607,2540.342,2554.286,2558.107,10.912,0.4266,156209510,2.11005825866e+11
2015-01-08,'000016,上证50,2558.107,2656.752,2551.816,2647.817,2635.231,-77.124,-2.9267,118367915,1.57065780834e+11
2015-01-07,'000016,上证50,2635.231,2668.839,2598.89,2608.877,2629.402,5.829,0.2217,128317720,1.78386105612e+11
2015-01-06,'000016,上证50,2629.402,2691.489,2591.828,2616.291,2649.639,-20.237,-0.7638,173439993,2.20601814712e+11
2015-01-05,'000016,上证50,2649.639,2678.443,2583.554,2612.85,2581.567,68.072,2.6368,182425566,2.29763603407e+11
2014-12-31,'000016,上证50,2581.567,2590.091,2507.944,2529.575,2523.627,57.94,2.2959,154675810,1.93680173452e+11
2014-12-30,'000016,上证50,2523.627,2550.465,2464.429,2481.084,2481.663,41.964,1.691,149464002,1.9496490342e+11
2014-12-29,'000016,上证50,2481.663,2557.381,2437.754,2533.987,2464.819,16.844,0.6834,184581669,2.43610205961e+11
2014-12-26,'000016,上证50,2464.819,2471.045,2357.669,2365.032,2359.655,105.164,4.4568,152092874,1.98030705514e+11
2014-12-25,'000016,上证50,2359.655,2360.215,2263.424,2295.218,2270.883,88.772,3.9091,121259722,1.47772563793e+11
2014-12-24,'000016,上证50,2270.883,2388.412,2238.654,2381.409,2374.954,-104.071,-4.382,123596996,1.51833527269e+11
2014-12-23,'000016,上证50,2374.954,2462.072,2360.718,2392.614,2426.684,-51.73,-2.1317,135946500,1.60752694952e+11
2014-12-22,'000016,上证50,2426.684,2479.108,2375.907,2393.044,2390.28,36.404,1.523,218155712,2.29127629702e+11
2014-12-19,'000016,上证50,2390.28,2408.484,2304.611,2366.451,2364.041,26.239,1.1099,158438199,1.858897628e+11
2014-12-18,'000016,上证50,2364.041,2413.676,2343.739,2389.843,2383.948,-19.907,-0.835,158621508,2.00428247152e+11
2014-12-17,'000016,上证50,2383.948,2392.566,2307.184,2326.846,2299.278,84.67,3.6825,211362800,2.64170553834e+11
2014-12-16,'000016,上证50,2299.278,2299.383,2195.504,2205.882,2201.536,97.742,4.4397,148175897,1.95129838579e+11
2014-12-15,'000016,上证50,2201.536,2208.658,2139.469,2170.28,2193.287,8.249,0.3761,108687324,1.25771063161e+11
2014-12-12,'000016,上证50,2193.287,2250.566,2176.317,2186.738,2193.542,-0.255,-0.0116,111528818,1.41197805641e+11
2014-12-11,'000016,上证50,2193.542,2269.487,2190.249,2211.544,2254.823,-61.281,-2.7178,146047943,1.71891280922e+11
2014-12-10,'000016,上证50,2254.823,2263.992,2111.882,2198.843,2182.693,72.13,3.3046,190027974,2.27855751626e+11
2014-12-09,'000016,上证50,2182.693,2402.133,2149.596,2283.161,2298.849,-116.156,-5.0528,269266716,3.1768895772e+11
2014-12-08,'000016,上证50,2298.849,2317.555,2160.485,2187.504,2200.253,98.596,4.4811,199081908,2.22491360972e+11
2014-12-05,'000016,上证50,2200.253,2259.512,2115.42,2201.819,2160.66,39.593,1.8324,225317394,2.4233102332e+11
2014-12-04,'000016,上证50,2160.66,2161.388,2032.41,2043.466,2037.585,123.075,6.0402,172271082,1.75808683331e+11
2014-12-03,'000016,上证50,2037.585,2107.682,1999.73,2031.132,2021.54,16.045,0.7937,191690068,1.97794401094e+11
2014-12-02,'000016,上证50,2021.54,2040.469,1909.369,1910.374,1920.38,101.16,5.2677,153263421,1.52003785333e+11
2014-12-01,'000016,上证50,1920.38,1968.907,1916.626,1936.811,1914.44,5.94,0.3103,156151220,1.49741829936e+11
2014-11-28,'000016,上证50,1914.44,1915.808,1846.148,1853.548,1853.004,61.436,3.3155,162358429,1.38763220529e+11
2014-11-27,'000016,上证50,1853.004,1853.419,1825.345,1834.245,1820.489,32.515,1.7861,108472903,1.05235823991e+11
2014-11-26,'000016,上证50,1820.489,1821.1,1786.564,1786.933,1777.673,42.816,2.4085,93444130,91991947127.0
2014-11-25,'000016,上证50,1777.673,1780.56,1752.383,1757.676,1758.096,19.577,1.1135,73081581,66089112941.0
2014-11-24,'000016,上证50,1758.096,1772.891,1722.709,1729.27,1714.711,43.385,2.5302,104986365,99577521812.0
2014-11-21,'000016,上证50,1714.711,1717.305,1669.184,1676.395,1676.598,38.113,2.2732,53649569,51298051822.0
2014-11-20,'000016,上证50,1676.598,1683.607,1662.723,1667.138,1671.654,4.944,0.2958,37440839,33122944884.0
2014-11-19,'000016,上证50,1671.654,1681.974,1667.902,1675.843,1679.423,-7.769,-0.4626,40782354,33697458455.0
2014-11-18,'000016,上证50,1679.423,1709.278,1676.445,1709.136,1708.096,-28.673,-1.6787,55117407,46146850105.0
2014-11-17,'000016,上证50,1708.096,1758.991,1706.944,1758.991,1728.805,-20.709,-1.1979,58158950,54484930733.0
2014-11-14,'000016,上证50,1728.805,1729.718,1706.835,1719.583,1726.337,2.468,0.143,61248756,52718773263.0
2014-11-13,'000016,上证50,1726.337,1750.836,1720.73,1734.169,1731.021,-4.684,-0.2706,79968935,70957775066.0
2014-11-12,'000016,上证50,1731.021,1731.33,1693.383,1699.202,1710.882,20.139,1.1771,66017563,57117455072.0
2014-11-11,'000016,上证50,1710.882,1740.917,1693.245,1701.224,1689.024,21.858,1.2941,133757329,1.09118510799e+11
2014-11-10,'000016,上证50,1689.024,1689.054,1657.137,1671.225,1640.323,48.701,2.969,85562450,70480618857.0
2014-11-07,'000016,上证50,1640.323,1667.7,1633.028,1637.139,1635.964,4.359,0.2664,67293595,56121547529.0
2014-11-06,'000016,上证50,1635.964,1643.186,1625.986,1639.926,1637.625,-1.661,-0.1014,40193346,31307979027.0
2014-11-05,'000016,上证50,1637.625,1647.665,1632.716,1645.291,1645.624,-7.999,-0.4861,51813329,40481738381.0
2014-11-04,'000016,上证50,1645.624,1650.808,1639.678,1648.112,1651.052,-5.428,-0.3288,58389293,42172882090.0
2014-11-03,'000016,上证50,1651.052,1664.432,1646.434,1662.748,1657.286,-6.234,-0.3762,58947423,44596855193.0
2014-10-31,'000016,上证50,1657.286,1665.465,1623.322,1623.649,1619.096,38.19,2.3587,83294947,64192781693.0
2014-10-30,'000016,上证50,1619.096,1623.742,1602.553,1607.482,1608.402,10.694,0.6649,50078056,37291536513.0
2014-10-29,'000016,上证50,1608.402,1616.055,1586.168,1591.278,1585.744,22.658,1.4289,40004849,35115219294.0
2014-10-28,'000016,上证50,1585.744,1586.295,1562.748,1562.748,1559.906,25.838,1.6564,27577349,23944373706.0
2014-10-27,'000016,上证50,1559.906,1572.886,1556.545,1572.886,1583.419,-23.513,-1.485,24731600,20758504234.0
2014-10-24,'000016,上证50,1583.419,1592.32,1580.711,1587.907,1586.557,-3.138,-0.1978,26883452,21389606951.0
2014-10-23,'000016,上证50,1586.557,1604.497,1584.616,1595.819,1597.125,-10.568,-0.6617,33975769,27763340673.0
2014-10-22,'000016,上证50,1597.125,1612.749,1596.14,1602.451,1600.844,-3.719,-0.2323,29282308,24535085657.0
2014-10-21,'000016,上证50,1600.844,1615.288,1599.861,1612.095,1612.402,-11.558,-0.7168,30366662,24672948868.0
2014-10-20,'000016,上证50,1612.402,1615.394,1606.124,1613.801,1608.516,3.886,0.2416,28673982,23650042425.0
2014-10-17,'000016,上证50,1608.516,1616.374,1592.698,1608.983,1608.735,-0.219,-0.0136,43252613,32562329443.0
2014-10-16,'000016,上证50,1608.735,1629.092,1599.159,1602.383,1612.772,-4.037,-0.2503,49694488,38081585730.0
2014-10-15,'000016,上证50,1612.772,1615.31,1593.393,1599.895,1600.299,12.473,0.7794,34583317,28994513182.0
2014-10-14,'000016,上证50,1600.299,1614.978,1595.251,1603.347,1605.986,-5.687,-0.3541,33006893,26502017132.0
2014-10-13,'000016,上证50,1605.986,1614.197,1593.656,1614.197,1621.713,-15.727,-0.9698,33876189,29953866984.0
2014-10-10,'000016,上证50,1621.713,1630.368,1616.673,1626.578,1634.042,-12.329,-0.7545,36843147,29403106407.0
2014-10-09,'000016,上证50,1634.042,1639.167,1624.221,1633.541,1633.571,0.471,0.0288,40357232,31587788788.0
2014-10-08,'000016,上证50,1633.571,1633.618,1614.504,1625.258,1619.697,13.874,0.8566,38780252,31913907002.0
2014-09-30,'000016,上证50,1619.697,1625.009,1615.073,1623.041,1621.816,-2.119,-0.1307,33379744,27047088496.0
2014-09-29,'000016,上证50,1621.816,1627.186,1613.788,1621.088,1616.088,5.728,0.3544,39204922,31063743137.0
2014-09-26,'000016,上证50,1616.088,1618.322,1605.528,1613.912,1618.524,-2.436,-0.1505,26200041,21829404552.0
2014-09-25,'000016,上证50,1618.524,1636.22,1613.528,1633.445,1625.731,-7.207,-0.4433,37502535,31258606636.0
2014-09-24,'000016,上证50,1625.731,1628.507,1586.696,1589.345,1595.642,30.089,1.8857,45332703,37531696113.0
2014-09-23,'000016,上证50,1595.642,1598.649,1584.158,1584.289,1583.886,11.756,0.7422,24024639,20029029768.0
2014-09-22,'000016,上证50,1583.886,1613.814,1580.973,1613.814,1619.581,-35.695,-2.204,29978969,25176978416.0
2014-09-19,'000016,上证50,1619.581,1623.244,1604.709,1609.856,1609.869,9.712,0.6033,30389533,25046546901.0
2014-09-18,'000016,上证50,1609.869,1616.48,1596.715,1601.496,1604.916,4.953,0.3086,33474019,25958506238.0
2014-09-17,'000016,上证50,1604.916,1609.532,1596.536,1607.158,1600.916,4.0,0.2499,29895640,23326661108.0
2014-09-16,'000016,上证50,1600.916,1629.686,1598.86,1626.389,1624.068,-23.152,-1.4256,50454137,39294278141.0
2014-09-15,'000016,上证50,1624.068,1626.053,1614.228,1625.868,1630.204,-6.136,-0.3764,34391188,28756367689.0
2014-09-12,'000016,上证50,1630.204,1630.28,1614.535,1619.05,1622.815,7.389,0.4553,28468770,24364635381.0
2014-09-11,'000016,上证50,1622.815,1648.957,1619.482,1627.959,1629.985,-7.17,-0.4399,36456713,33609244718.0
2014-09-10,'000016,上证50,1629.985,1637.485,1626.107,1637.485,1645.112,-15.127,-0.9195,29300722,24683559805.0
2014-09-09,'000016,上证50,1645.112,1660.007,1642.44,1657.61,1656.237,-11.125,-0.6717,30664280,27041968994.0
2014-09-05,'000016,上证50,1656.237,1657.605,1641.107,1643.277,1637.287,18.95,1.1574,41870437,36013748618.0
2014-09-04,'000016,上证50,1637.287,1638.894,1621.241,1626.913,1624.032,13.255,0.8162,32700249,28545182856.0
2014-09-03,'000016,上证50,1624.032,1628.185,1608.95,1609.301,1607.499,16.533,1.0285,38409635,33103655840.0
2014-09-02,'000016,上证50,1607.499,1609.006,1581.135,1588.619,1586.022,21.477,1.3541,34680710,28808547356.0
2014-09-01,'000016,上证50,1586.022,1587.392,1576.219,1582.023,1581.284,4.738,0.2996,22132871,18124123745.0
2014-08-29,'000016,上证50,1581.284,1582.284,1565.522,1570.395,1563.889,17.395,1.1123,22012801,17462200997.0
2014-08-28,'000016,上证50,1563.889,1580.68,1563.402,1573.529,1572.791,-8.902,-0.566,20790154,16852585791.0
2014-08-27,'000016,上证50,1572.791,1578.689,1569.978,1573.523,1573.391,-0.6,-0.0381,16419321,13722562772.0
2014-08-26,'000016,上证50,1573.391,1584.146,1568.735,1575.779,1577.425,-4.034,-0.2557,23621600,19028582014.0
2014-08-25,'000016,上证50,1577.425,1595.44,1575.706,1594.706,1594.183,-16.758,-1.0512,26501265,21554357983.0
2014-08-22,'000016,上证50,1594.183,1596.285,1583.607,1585.11,1587.025,7.158,0.451,23953436,20986327928.0
2014-08-21,'000016,上证50,1587.025,1600.275,1576.318,1599.551,1600.338,-13.313,-0.8319,27277975,23060488406.0
2014-08-20,'000016,上证50,1600.338,1605.509,1596.96,1605.504,1609.093,-8.755,-0.5441,24108182,20507289576.0
2014-08-19,'000016,上证50,1609.093,1615.207,1598.064,1614.392,1613.127,-4.034,-0.2501,28400783,23477892376.0
2014-08-18,'000016,上证50,1613.127,1623.901,1607.435,1614.225,1612.004,1.123,0.0697,26290498,22159584313.0
2014-08-15,'000016,上证50,1612.004,1615.876,1593.222,1598.522,1596.839,15.165,0.9497,27406589,23080900249.0
2014-08-14,'000016,上证50,1596.839,1614.584,1595.17,1610.39,1610.139,-13.3,-0.826,27945673,24423352626.0
2014-08-13,'000016,上证50,1610.139,1619.185,1596.218,1609.456,1607.91,2.229,0.1386,30104195,26196689632.0
2014-08-12,'000016,上证50,1607.91,1615.137,1601.563,1615.137,1619.253,-11.343,-0.7005,24999882,20576192613.0
2014-08-11,'000016,上证50,1619.253,1621.713,1600.682,1601.305,1595.662,23.591,1.4784,27728836,23717733015.0
2014-08-08,'000016,上证50,1595.662,1600.798,1586.092,1595.191,1593.419,2.243,0.1408,28411625,22069255878.0
2014-08-07,'000016,上证50,1593.419,1623.004,1592.035,1619.201,1619.012,-25.593,-1.5808,35582567,28660173355.0
2014-08-06,'000016,上证50,1619.012,1626.917,1602.993,1624.028,1632.408,-13.396,-0.8206,32836371,27780976113.0
2014-08-05,'000016,上证50,1632.408,1646.317,1622.029,1644.234,1644.634,-12.226,-0.7434,33190832,29948610458.0
2014-08-04,'000016,上证50,1644.634,1644.958,1608.313,1614.901,1607.974,36.66,2.2799,44540974,36872030685.0
2014-08-01,'000016,上证50,1607.974,1639.319,1607.565,1616.794,1621.847,-13.873,-0.8554,44267504,35658695072.0
2014-07-31,'000016,上证50,1621.847,1622.646,1597.269,1602.67,1601.377,20.47,1.2783,34743916,28975720739.0
2014-07-30,'000016,上证50,1601.377,1619.18,1598.264,1606.717,1611.852,-10.475,-0.6499,44338155,35516314201.0
2014-07-29,'000016,上证50,1611.852,1621.064,1601.977,1610.913,1609.477,2.375,0.1476,46806231,36657613093.0
2014-07-28,'000016,上证50,1609.477,1617.476,1566.329,1566.329,1557.015,52.462,3.3694,66664105,54095577415.0
2014-07-25,'000016,上证50,1557.015,1557.578,1541.296,1546.521,1541.899,15.116,0.9803,31206105,26399690481.0
2014-07-24,'000016,上证50,1541.899,1546.188,1508.981,1508.981,1506.755,35.144,2.3324,44311527,36993260014.0
2014-07-23,'000016,上证50,1506.755,1512.367,1494.934,1495.247,1495.927,10.828,0.7238,28578207,23121665987.0
2014-07-22,'000016,上证50,1495.927,1500.499,1475.597,1476.225,1479.837,16.09,1.0873,24840828,20987975248.0
2014-07-21,'000016,上证50,1479.837,1483.619,1474.799,1478.725,1478.755,1.082,0.0732,16760296,13495893335.0
2014-07-18,'000016,上证50,1478.755,1486.271,1464.753,1466.577,1473.668,5.087,0.3452,20901979,16658051635.0
2014-07-17,'000016,上证50,1473.668,1479.286,1468.382,1479.121,1483.176,-9.508,-0.6411,16484741,12060796633.0
2014-07-16,'000016,上证50,1483.176,1490.191,1480.595,1482.327,1484.662,-1.486,-0.1001,24542177,16379261256.0
2014-07-15,'000016,上证50,1484.662,1487.2,1478.441,1481.109,1482.777,1.885,0.1271,21572336,17092242048.0
2014-07-14,'000016,上证50,1482.777,1482.995,1466.407,1468.692,1468.541,14.236,0.9694,19829693,16221218843.0
2014-07-11,'000016,上证50,1468.541,1474.074,1460.906,1462.349,1471.168,-2.627,-0.1786,18217829,13681861716.0
2014-07-10,'000016,上证50,1471.168,1478.71,1468.734,1475.177,1475.137,-3.969,-0.2691,16574428,14297127700.0
2014-07-09,'000016,上证50,1475.137,1491.968,1474.869,1490.945,1491.964,-16.827,-1.1278,18727134,15207187294.0
2014-07-08,'000016,上证50,1491.964,1493.835,1484.126,1491.721,1492.836,-0.872,-0.0584,13725069,11176911552.0
2014-07-07,'000016,上证50,1492.836,1497.718,1488.512,1493.068,1492.463,0.373,0.025,15969802,12747494315.0
2014-07-04,'000016,上证50,1492.463,1495.039,1489.465,1489.816,1489.545,2.918,0.1959,15844620,13140630531.0
2014-07-03,'000016,上证50,1489.545,1492.102,1479.056,1481.849,1484.841,4.704,0.3168,17188506,14181953482.0
2014-07-02,'000016,上证50,1484.841,1486.405,1476.581,1481.331,1481.663,3.178,0.2145,16722725,12763370430.0
2014-07-01,'000016,上证50,1481.663,1488.141,1476.392,1486.792,1482.405,-0.742,-0.0501,15197377,12092970123.0
2014-06-30,'000016,上证50,1482.405,1486.955,1475.719,1475.719,1473.756,8.649,0.5869,16568445,12463749146.0
2014-06-27,'000016,上证50,1473.756,1480.817,1468.21,1475.72,1478.006,-4.25,-0.2875,16320840,12539813435.0
2014-06-26,'000016,上证50,1478.006,1480.829,1471.607,1471.646,1469.954,8.052,0.5478,13039322,10482481174.0
2014-06-25,'000016,上证50,1469.954,1477.093,1466.396,1477.093,1480.128,-10.174,-0.6874,11714189,9708436064.0
2014-06-24,'000016,上证50,1480.128,1481.15,1470.589,1471.734,1475.76,4.368,0.296,12659980,11514294898.0
2014-06-23,'000016,上证50,1475.76,1489.313,1474.926,1483.656,1484.479,-8.719,-0.5873,13056322,10788395729.0
2014-06-20,'000016,上证50,1484.479,1485.165,1474.436,1475.937,1478.038,6.441,0.4358,13385161,10246268926.0
2014-06-19,'000016,上证50,1478.038,1500.993,1473.667,1496.659,1495.431,-17.393,-1.1631,16938157,12864043932.0
2014-06-18,'000016,上证50,1495.431,1504.496,1493.716,1501.194,1501.939,-6.508,-0.4333,15523856,11366952932.0
2014-06-17,'000016,上证50,1501.939,1512.461,1500.334,1512.461,1518.705,-16.766,-1.104,16461471,13288101287.0
2014-06-16,'000016,上证50,1518.705,1521.963,1501.335,1503.662,1502.961,15.744,1.0475,24038815,19506128871.0
2014-06-13,'000016,上证50,1502.961,1509.021,1483.444,1483.58,1483.861,19.1,1.2872,21900084,17815226864.0
2014-06-12,'000016,上证50,1483.861,1490.008,1481.832,1486.893,1488.764,-4.903,-0.3293,14076433,11571738497.0
2014-06-11,'000016,上证50,1488.764,1493.128,1483.507,1489.367,1493.533,-4.769,-0.3193,12992231,10846560468.0
2014-06-10,'000016,上证50,1493.533,1493.943,1474.196,1479.865,1475.347,18.186,1.2327,18966584,15413087136.0
2014-06-09,'000016,上证50,1475.347,1489.768,1466.149,1466.639,1472.268,3.079,0.2091,13456800,11368084670.0
2014-06-06,'000016,上证50,1472.268,1484.521,1464.529,1484.521,1484.241,-11.973,-0.8067,12020464,10443219168.0
2014-06-05,'000016,上证50,1484.241,1484.706,1463.038,1465.536,1466.387,17.854,1.2176,12765741,11182243210.0
2014-06-04,'000016,上证50,1466.387,1478.438,1459.528,1478.2,1477.522,-11.135,-0.7536,13653074,11224455277.0
2014-06-03,'000016,上证50,1477.522,1491.042,1476.741,1482.439,1482.096,-4.574,-0.3086,13040820,12319185628.0
2014-05-30,'000016,上证50,1482.096,1490.06,1478.002,1485.102,1484.307,-2.211,-0.149,13602374,11251417897.0
2014-05-29,'000016,上证50,1484.307,1497.678,1483.809,1492.659,1491.756,-7.449,-0.4993,14290967,11642161949.0
2014-05-28,'000016,上证50,1491.756,1493.152,1474.846,1479.495,1479.733,12.023,0.8125,15571024,13080297654.0
2014-05-27,'000016,上证50,1479.733,1488.667,1478.311,1484.818,1486.049,-6.316,-0.425,12501447,10228019222.0
2014-05-26,'000016,上证50,1486.049,1495.784,1480.69,1493.343,1484.375,1.674,0.1128,12091190,10089718649.0
2014-05-23,'000016,上证50,1484.375,1484.592,1471.23,1472.409,1471.552,12.823,0.8714,11885465,9189449003.0
2014-05-22,'000016,上证50,1471.552,1493.18,1469.417,1472.341,1474.139,-2.587,-0.1755,15512533,12292643134.0
2014-05-21,'000016,上证50,1474.139,1474.936,1447.936,1454.488,1460.82,13.319,0.9117,11916952,9741078221.0
2014-05-20,'000016,上证50,1460.82,1468.897,1456.438,1466.053,1459.212,1.608,0.1102,12435341,9705725140.0
2014-05-19,'000016,上证50,1459.212,1482.172,1454.409,1482.043,1487.735,-28.523,-1.9172,15755377,13840927103.0
2014-05-16,'000016,上证50,1487.735,1493.192,1480.833,1489.503,1488.771,-1.036,-0.0696,13466178,10809717570.0
2014-05-15,'000016,上证50,1488.771,1503.092,1487.097,1499.217,1500.825,-12.054,-0.8032,16133879,12377968729.0
2014-05-14,'000016,上证50,1500.825,1510.33,1498.605,1504.424,1503.517,-2.692,-0.179,15282141,12708516250.0
2014-05-13,'000016,上证50,1503.517,1510.892,1498.401,1507.004,1508.387,-4.87,-0.3229,20104583,15024360648.0
2014-05-12,'000016,上证50,1508.387,1513.124,1483.456,1492.628,1480.737,27.65,1.8673,28201708,23348128091.0
2014-05-09,'000016,上证50,1480.737,1486.889,1474.517,1482.323,1478.717,2.02,0.1366,15391907,11997925275.0
2014-05-08,'000016,上证50,1478.717,1499.736,1471.648,1474.726,1476.176,2.541,0.1721,17262686,13834791519.0
2014-05-07,'000016,上证50,1476.176,1485.488,1475.314,1481.944,1485.25,-9.074,-0.6109,15912907,12543492677.0
2014-05-06,'000016,上证50,1485.25,1497.71,1480.671,1484.007,1487.532,-2.282,-0.1534,17532245,13174292573.0
2014-05-05,'000016,上证50,1487.532,1493.846,1473.027,1490.102,1494.808,-7.276,-0.4868,19579225,15739614971.0
2014-04-30,'000016,上证50,1494.808,1500.349,1491.437,1499.12,1496.009,-1.201,-0.0803,18873917,15366188233.0
2014-04-29,'000016,上证50,1496.009,1497.669,1478.51,1484.005,1483.776,12.233,0.8245,18788963,15082849256.0
2014-04-28,'000016,上证50,1483.776,1505.111,1481.706,1499.685,1501.046,-17.27,-1.1505,19552668,15855693707.0
2014-04-25,'000016,上证50,1501.046,1522.244,1500.604,1516.685,1510.285,-9.239,-0.6117,24027518,21443577119.0
2014-04-24,'000016,上证50,1510.285,1523.25,1504.189,1506.593,1507.041,3.244,0.2153,15914943,13933208843.0
2014-04-23,'000016,上证50,1507.041,1514.733,1502.639,1504.536,1509.547,-2.506,-0.166,18647888,15525374826.0
2014-04-22,'000016,上证50,1509.547,1510.873,1487.774,1492.077,1493.756,15.791,1.0571,20505337,16807135842.0
2014-04-21,'000016,上证50,1493.756,1526.016,1493.25,1510.182,1521.278,-27.522,-1.8091,18973489,16325222729.0
2014-04-18,'000016,上证50,1521.278,1524.726,1503.636,1513.681,1520.562,0.716,0.0471,19374806,15925225369.0
2014-04-17,'000016,上证50,1520.562,1534.601,1517.047,1533.067,1527.054,-6.492,-0.4251,16258763,14751820115.0
2014-04-16,'000016,上证50,1527.054,1536.925,1518.428,1519.241,1523.22,3.834,0.2517,19120480,17020163967.0
2014-04-15,'000016,上证50,1523.22,1550.529,1520.996,1550.426,1557.7,-34.48,-2.2135,24074616,21540866952.0
2014-04-14,'000016,上证50,1557.7,1568.525,1547.861,1562.191,1565.308,-7.608,-0.486,21017960,20117747480.0
2014-04-11,'000016,上证50,1565.308,1576.94,1557.511,1568.242,1570.397,-5.089,-0.3241,37400535,37100316249.0
2014-04-10,'000016,上证50,1570.397,1587.622,1522.49,1532.222,1530.875,39.522,2.5817,48526797,46319213324.0
2014-04-09,'000016,上证50,1530.875,1539.738,1525.096,1535.214,1534.747,-3.872,-0.2523,24623137,20749593602.0
2014-04-08,'000016,上证50,1534.747,1543.411,1488.064,1488.647,1490.334,44.413,2.9801,43360180,37002100489.0
2014-04-04,'000016,上证50,1490.334,1491.049,1469.696,1471.487,1477.488,12.846,0.8694,15880614,13761937519.0
2014-04-03,'000016,上证50,1477.488,1504.539,1476.024,1498.111,1491.303,-13.815,-0.9264,25966371,20125065370.0
2014-04-02,'000016,上证50,1491.303,1492.752,1473.827,1475.938,1473.142,18.161,1.2328,23380826,19756264204.0
2014-04-01,'000016,上证50,1473.142,1481.006,1461.177,1463.707,1465.783,7.359,0.5021,16689133,14339245164.0
2014-03-31,'000016,上证50,1465.783,1477.883,1457.834,1473.151,1472.047,-6.264,-0.4255,19574163,15668132802.0
2014-03-28,'000016,上证50,1472.047,1483.586,1463.533,1465.031,1464.53,7.517,0.5133,26014582,21086720791.0
2014-03-27,'000016,上证50,1464.53,1486.373,1450.453,1464.172,1467.08,-2.55,-0.1738,25860585,20938775645.0
2014-03-26,'000016,上证50,1467.08,1480.14,1462.569,1476.248,1470.121,-3.041,-0.2069,19912065,16476751760.0
2014-03-25,'000016,上证50,1470.121,1483.323,1464.538,1473.182,1477.532,-7.411,-0.5016,25581277,19916358459.0
2014-03-24,'000016,上证50,1477.532,1486.85,1462.179,1468.81,1464.08,13.452,0.9188,41906670,31557460106.0
2014-03-21,'000016,上证50,1464.08,1468.935,1402.182,1402.813,1406.915,57.165,4.0631,43418380,32837581853.0
2014-03-20,'000016,上证50,1406.915,1432.511,1406.258,1415.669,1418.707,-11.792,-0.8312,20559043,16267191220.0
2014-03-19,'000016,上证50,1418.707,1422.342,1406.552,1422.342,1427.63,-8.923,-0.625,16022532,13196147471.0
2014-03-18,'000016,上证50,1427.63,1438.931,1425.739,1437.54,1434.157,-6.527,-0.4551,18024432,14749557800.0
2014-03-17,'000016,上证50,1434.157,1438.367,1421.416,1435.267,1426.395,7.762,0.5442,14989974,11873903784.0
2014-03-14,'000016,上证50,1426.395,1438.672,1416.675,1429.784,1437.392,-10.997,-0.7651,19666093,14894275543.0
2014-03-13,'000016,上证50,1437.392,1451.294,1421.686,1425.844,1418.698,18.694,1.3177,26479447,19466828317.0
2014-03-12,'000016,上证50,1418.698,1429.299,1403.279,1408.051,1412.733,5.965,0.4222,22718450,16999076652.0
2014-03-11,'000016,上证50,1412.733,1420.901,1403.31,1406.066,1408.873,3.86,0.274,18897920,14949200079.0
2014-03-10,'000016,上证50,1408.873,1442.989,1407.494,1442.976,1455.585,-46.712,-3.2092,25305103,20564351157.0
2014-03-07,'000016,上证50,1455.585,1472.075,1451.712,1456.086,1459.508,-3.923,-0.2688,23460842,19311779629.0
2014-03-06,'000016,上证50,1459.508,1466.033,1435.937,1446.569,1448.331,11.177,0.7717,25216212,19849497906.0
2014-03-05,'000016,上证50,1448.331,1466.958,1445.666,1466.011,1464.284,-15.953,-1.0895,20358460,16407800429.0
2014-03-04,'000016,上证50,1464.284,1468.46,1448.687,1458.675,1462.686,1.598,0.1093,26258047,20645991404.0
2014-03-03,'000016,上证50,1462.686,1467.708,1452.135,1459.857,1464.321,-1.635,-0.1117,29839841,22043608045.0
2014-02-28,'000016,上证50,1464.321,1467.1,1437.313,1447.772,1452.461,11.86,0.8165,25940215,21777495142.0
2014-02-27,'000016,上证50,1452.461,1462.125,1437.642,1449.141,1444.198,8.263,0.5722,32468581,25154586093.0
2014-02-26,'000016,上证50,1444.198,1447.168,1429.611,1434.861,1440.892,3.306,0.2294,23252527,19672046635.0
2014-02-25,'000016,上证50,1440.892,1475.97,1437.01,1469.257,1468.06,-27.168,-1.8506,26171360,22308815247.0
2014-02-24,'000016,上证50,1468.06,1492.285,1458.167,1492.285,1505.331,-37.271,-2.4759,28884800,22811562036.0
2014-02-21,'000016,上证50,1505.331,1521.767,1496.086,1517.916,1520.138,-14.807,-0.9741,24240112,20407166235.0
2014-02-20,'000016,上证50,1520.138,1556.424,1519.363,1537.938,1533.396,-13.258,-0.8646,36126352,27893892610.0
2014-02-19,'000016,上证50,1533.396,1541.45,1504.951,1507.494,1508.541,24.855,1.6476,31626301,24784682315.0
2014-02-18,'000016,上证50,1508.541,1535.887,1505.42,1535.887,1538.105,-29.564,-1.9221,25307624,22892298800.0
2014-02-17,'000016,上证50,1538.105,1549.905,1529.19,1545.182,1534.239,3.866,0.252,26930011,23867966916.0
2014-02-14,'000016,上证50,1534.239,1536.355,1525.151,1527.212,1528.015,6.224,0.4073,21235733,17939545958.0
2014-02-13,'000016,上证50,1528.015,1548.617,1519.382,1525.525,1527.001,1.014,0.0664,35240635,27105820893.0
2014-02-12,'000016,上证50,1527.001,1537.889,1521.268,1528.884,1528.322,-1.321,-0.0864,23813775,19870385793.0
2014-02-11,'000016,上证50,1528.322,1536.462,1500.845,1505.66,1505.834,22.488,1.4934,34209193,28992686324.0
2014-02-10,'000016,上证50,1505.834,1507.356,1480.525,1480.595,1475.343,30.491,2.0667,24276844,21744070225.0
2014-02-07,'000016,上证50,1475.343,1475.719,1458.492,1467.362,1477.345,-2.002,-0.1355,13826210,12733221853.0
2014-01-30,'000016,上证50,1477.345,1489.721,1475.773,1489.506,1494.49,-17.145,-1.1472,12769343,11516851895.0
2014-01-29,'000016,上证50,1494.49,1498.575,1488.696,1493.213,1487.803,6.687,0.4495,14787466,12478066961.0
2014-01-28,'000016,上证50,1487.803,1492.427,1477.25,1483.409,1478.865,8.938,0.6044,14945762,12902299761.0
2014-01-27,'000016,上证50,1478.865,1491.825,1475.5,1491.825,1502.065,-23.2,-1.5445,19023414,17812293881.0
2014-01-24,'000016,上证50,1502.065,1514.107,1491.015,1493.689,1499.031,3.034,0.2024,18976131,16293914640.0
2014-01-23,'000016,上证50,1499.031,1514.967,1496.662,1511.793,1514.121,-15.09,-0.9966,17430476,15874638085.0
2014-01-22,'000016,上证50,1514.121,1514.787,1478.079,1480.842,1478.884,35.237,2.3827,24158840,19995973064.0
2014-01-21,'000016,上证50,1478.884,1488.714,1467.15,1467.15,1464.842,14.042,0.9586,12677469,11044665011.0
2014-01-20,'000016,上证50,1464.842,1476.885,1459.446,1472.394,1475.671,-10.829,-0.7338,12775697,11204582527.0
2014-01-17,'000016,上证50,1475.671,1489.605,1470.865,1487.802,1493.094,-17.423,-1.1669,18005644,15240268687.0
2014-01-16,'000016,上证50,1493.094,1504.43,1482.758,1489.047,1488.509,4.585,0.308,17440886,15600683700.0
2014-01-15,'000016,上证50,1488.509,1498.898,1480.176,1496.828,1499.285,-10.776,-0.7187,14720357,12049612372.0
2014-01-14,'000016,上证50,1499.285,1505.457,1482.908,1493.889,1494.613,4.672,0.3126,17662764,14167767516.0
2014-01-13,'000016,上证50,1494.613,1510.316,1489.23,1500.858,1498.268,-3.655,-0.2439,17111060,14597809042.0
2014-01-10,'000016,上证50,1498.268,1506.781,1493.495,1500.005,1503.881,-5.613,-0.3732,16932726,14651313541.0
2014-01-09,'000016,上证50,1503.881,1525.725,1500.572,1511.976,1515.333,-11.452,-0.7557,16341305,15353178042.0
2014-01-08,'000016,上证50,1515.333,1527.887,1504.426,1512.09,1510.654,4.679,0.3097,17721886,15879117962.0
2014-01-07,'000016,上证50,1510.654,1515.639,1497.775,1500.978,1512.93,-2.276,-0.1504,15474083,13340968611.0
2014-01-06,'000016,上证50,1512.93,1534.496,1498.6,1534.496,1536.067,-23.137,-1.5062,24918198,21063015332.0
2014-01-03,'000016,上证50,1536.067,1554.516,1529.152,1553.446,1561.099,-25.032,-1.6035,21899228,18622649385.0
2014-01-02,'000016,上证50,1561.099,1570.049,1553.476,1570.049,1574.781,-13.682,-0.8688,15725481,14982557380.0
2013-12-31,'000016,上证50,1574.781,1578.245,1539.878,1541.582,1547.919,26.862,1.7354,23616290,22343459449.0
2013-12-30,'000016,上证50,1547.919,1560.111,1544.11,1557.509,1550.221,-2.302,-0.1485,17875980,15297710922.0
2013-12-27,'000016,上证50,1550.221,1559.817,1524.191,1528.346,1524.883,25.338,1.6616,19438727,16995329377.0
2013-12-26,'000016,上证50,1524.883,1543.871,1522.589,1543.871,1547.359,-22.476,-1.4525,17477301,14826304739.0
2013-12-25,'000016,上证50,1547.359,1547.865,1533.64,1542.043,1539.599,7.76,0.504,13263524,12253821558.0
2013-12-24,'000016,上证50,1539.599,1557.231,1528.162,1547.199,1541.265,-1.666,-0.1081,15150665,14226274331.0
2013-12-23,'000016,上证50,1541.265,1553.558,1528.653,1541.366,1537.413,3.852,0.2506,15490207,14217238597.0
2013-12-20,'000016,上证50,1537.413,1583.411,1534.104,1580.906,1580.113,-42.7,-2.7023,26797939,24518768631.0
2013-12-19,'000016,上证50,1580.113,1609.07,1578.916,1605.645,1598.678,-18.565,-1.1613,17351393,15682884862.0
2013-12-18,'000016,上证50,1598.678,1606.638,1592.909,1596.636,1597.265,1.413,0.0885,12757897,12427254627.0
2013-12-17,'000016,上证50,1597.265,1607.426,1593.429,1604.711,1602.455,-5.19,-0.3239,15508677,14400197873.0
2013-12-16,'000016,上证50,1602.455,1631.088,1601.689,1627.099,1626.41,-23.955,-1.4729,19712172,19617026715.0
2013-12-13,'000016,上证50,1626.41,1631.56,1614.966,1617.307,1631.914,-5.504,-0.3373,16495952,14764278941.0
2013-12-12,'000016,上证50,1631.914,1641.973,1628.625,1634.472,1639.182,-7.268,-0.4434,16939331,15506170704.0
2013-12-11,'000016,上证50,1639.182,1662.248,1632.732,1662.091,1670.553,-31.371,-1.8779,24264786,22334671282.0
2013-12-10,'000016,上证50,1670.553,1679.451,1664.027,1673.516,1669.872,0.681,0.0408,19251562,18244144737.0
2013-12-09,'000016,上证50,1669.872,1687.529,1666.342,1681.206,1675.255,-5.383,-0.3213,19492699,19421422761.0
2013-12-06,'000016,上证50,1675.255,1692.086,1669.641,1688.019,1692.38,-17.125,-1.0119,22997452,23111910812.0
2013-12-05,'000016,上证50,1692.38,1703.128,1689.393,1700.528,1699.176,-6.796,-0.4,24760644,22395799483.0
2013-12-04,'000016,上证50,1699.176,1709.575,1674.993,1678.958,1681.509,17.667,1.0507,35223776,32060232184.0
2013-12-03,'000016,上证50,1681.509,1686.356,1663.616,1672.197,1678.867,2.642,0.1574,26245949,25551764571.0
2013-12-02,'000016,上证50,1678.867,1695.632,1655.0,1662.389,1661.409,17.458,1.0508,47276748,45334638979.0
2013-11-29,'000016,上证50,1661.409,1671.441,1656.726,1668.947,1664.625,-3.216,-0.1932,19463357,17800525543.0
2013-11-28,'000016,上证50,1664.625,1680.819,1648.956,1651.627,1648.789,15.836,0.9605,28183003,28193531539.0
2013-11-27,'000016,上证50,1648.789,1657.779,1627.893,1630.481,1630.94,17.849,1.0944,24654129,23521873883.0
2013-11-26,'000016,上证50,1630.94,1641.378,1628.699,1633.844,1633.782,-2.842,-0.174,16627688,15074155580.0
2013-11-25,'000016,上证50,1633.782,1659.33,1628.907,1633.841,1642.496,-8.714,-0.5305,22707313,21601120134.0
2013-11-22,'000016,上证50,1642.496,1655.647,1637.989,1651.942,1648.086,-5.59,-0.3392,24424656,23653996847.0
2013-11-21,'000016,上证50,1648.086,1654.446,1626.077,1654.446,1663.759,-15.673,-0.942,27722750,27267260699.0
2013-11-20,'000016,上证50,1663.759,1676.463,1652.394,1671.548,1659.53,4.229,0.2548,23159437,23510900317.0
2013-11-19,'000016,上证50,1659.53,1675.88,1656.44,1674.716,1675.159,-15.629,-0.933,29750571,31613504305.0
2013-11-18,'000016,上证50,1675.159,1676.868,1610.045,1618.164,1604.823,70.336,4.3828,45710722,46230816894.0
2013-11-15,'000016,上证50,1604.823,1622.848,1573.68,1573.912,1572.729,32.094,2.0407,29823863,28136174825.0
2013-11-14,'000016,上证50,1572.729,1574.58,1559.566,1571.598,1569.245,3.484,0.222,18089427,15727422293.0
2013-11-13,'000016,上证50,1569.245,1599.192,1568.165,1598.998,1610.777,-41.532,-2.5784,20171266,17633687702.0
2013-11-12,'000016,上证50,1610.777,1611.542,1595.649,1595.649,1591.139,19.638,1.2342,15734974,15527084794.0
2013-11-11,'000016,上证50,1591.139,1596.467,1579.378,1587.587,1587.44,3.699,0.233,14867650,13661447098.0
2013-11-08,'000016,上证50,1587.44,1613.41,1585.621,1603.221,1610.584,-23.144,-1.437,16881980,15550214056.0
2013-11-07,'000016,上证50,1610.584,1619.372,1601.599,1615.505,1614.214,-3.63,-0.2249,15909010,14624815440.0
2013-11-06,'000016,上证50,1614.214,1630.831,1613.36,1623.85,1633.662,-19.448,-1.1905,18749472,17182441060.0
2013-11-05,'000016,上证50,1633.662,1637.441,1611.238,1629.793,1638.512,-4.85,-0.296,19584257,17611081951.0
2013-11-04,'000016,上证50,1638.512,1659.757,1635.337,1654.106,1644.752,-6.24,-0.3794,16504439,15577314793.0
2013-11-01,'000016,上证50,1644.752,1650.528,1628.122,1633.029,1631.047,13.705,0.8403,20641779,19607811126.0
2013-10-31,'000016,上证50,1631.047,1645.122,1629.294,1645.122,1653.417,-22.37,-1.353,25536539,21315714169.0
2013-10-30,'000016,上证50,1653.417,1654.393,1624.532,1634.279,1633.721,19.696,1.2056,28200642,24005211457.0
2013-10-29,'000016,上证50,1633.721,1655.928,1606.341,1615.428,1610.686,23.035,1.4301,36368210,32137311394.0
2013-10-28,'000016,上证50,1610.686,1616.983,1600.804,1614.678,1611.519,-0.833,-0.0517,16188875,14812435186.0
2013-10-25,'000016,上证50,1611.519,1635.84,1601.659,1622.007,1621.605,-10.086,-0.622,24514716,21829630839.0
2013-10-24,'000016,上证50,1621.605,1640.624,1618.614,1633.931,1638.499,-16.894,-1.0311,21232070,18652256417.0
2013-10-23,'000016,上证50,1638.499,1669.999,1634.907,1646.934,1640.066,-1.567,-0.0955,26266108,23849761665.0
2013-10-22,'000016,上证50,1640.066,1656.638,1636.192,1656.638,1657.583,-17.517,-1.0568,22476446,19877575993.0
2013-10-21,'000016,上证50,1657.583,1659.566,1626.553,1640.284,1636.8,20.783,1.2697,23190491,21386703970.0
2013-10-18,'000016,上证50,1636.8,1647.769,1628.094,1630.552,1627.177,9.623,0.5914,18792756,16376943725.0
2013-10-17,'000016,上证50,1627.177,1647.239,1625.474,1642.333,1634.223,-7.046,-0.4312,19355845,17485548893.0
2013-10-16,'000016,上证50,1634.223,1652.585,1626.261,1652.585,1656.259,-22.036,-1.3305,24036685,22237054236.0
2013-10-15,'000016,上证50,1656.259,1666.97,1646.652,1665.634,1662.168,-5.909,-0.3555,24921179,22149705415.0
2013-10-14,'000016,上证50,1662.168,1671.514,1656.734,1670.728,1669.268,-7.1,-0.4253,28575655,25777575870.0
2013-10-11,'000016,上证50,1669.268,1672.017,1644.511,1649.85,1637.933,31.335,1.9131,28201659,25667570474.0
2013-10-10,'000016,上证50,1637.933,1671.102,1635.274,1670.786,1668.476,-30.543,-1.8306,25197288,22864587617.0
2013-10-09,'000016,上证50,1668.476,1673.041,1647.382,1653.087,1659.713,8.763,0.528,23777652,21053469894.0
2013-10-08,'000016,上证50,1659.713,1664.21,1622.593,1637.975,1643.055,16.658,1.0138,28736140,23571912340.0
2013-09-30,'000016,上证50,1643.055,1653.237,1634.926,1648.149,1639.152,3.903,0.2381,17170541,16218420545.0
2013-09-27,'000016,上证50,1639.152,1641.009,1624.875,1630.686,1632.695,6.457,0.3955,19965416,18514292515.0
2013-09-26,'000016,上证50,1632.695,1658.183,1629.902,1658.183,1661.607,-28.912,-1.74,28922381,26844604683.0
2013-09-25,'000016,上证50,1661.607,1687.133,1658.021,1671.538,1673.558,-11.951,-0.7141,24792636,23625989844.0
2013-09-24,'000016,上证50,1673.558,1710.108,1660.225,1709.986,1713.084,-39.526,-2.3073,34495464,32421776973.0
2013-09-23,'000016,上证50,1713.084,1716.091,1694.936,1707.898,1700.587,12.497,0.7349,28648254,27345221887.0
2013-09-18,'000016,上证50,1700.587,1710.475,1680.677,1698.608,1698.629,1.958,0.1153,29026425,27027917207.0
2013-09-17,'000016,上证50,1698.629,1748.708,1697.11,1744.385,1738.248,-39.619,-2.2792,41514179,40589840897.0
2013-09-16,'000016,上证50,1738.248,1765.47,1722.667,1763.919,1749.244,-10.996,-0.6286,47366615,44087469836.0
2013-09-13,'000016,上证50,1749.244,1776.496,1742.976,1764.032,1772.664,-23.42,-1.3212,38737326,39150868310.0
2013-09-12,'000016,上证50,1772.664,1798.962,1726.103,1741.495,1741.318,31.346,1.8001,60270647,57747436616.0
2013-09-11,'000016,上证50,1741.318,1765.943,1736.185,1745.501,1737.581,3.737,0.2151,56354686,53764222805.0
2013-09-10,'000016,上证50,1737.581,1738.35,1704.64,1720.386,1713.385,24.196,1.4122,61578337,55881331361.0
2013-09-09,'000016,上证50,1713.385,1720.033,1643.176,1643.176,1625.854,87.531,5.3837,66381022,57005160344.0
2013-09-06,'000016,上证50,1625.854,1630.295,1604.205,1604.766,1609.604,16.25,1.0096,23507104,20855893906.0
2013-09-05,'000016,上证50,1609.604,1616.696,1606.31,1615.527,1613.537,-3.933,-0.2438,16708930,17015210948.0
2013-09-04,'000016,上证50,1613.537,1620.151,1608.9,1612.503,1614.537,-1.0,-0.0619,21894366,20715047924.0
2013-09-03,'000016,上证50,1614.537,1615.126,1591.212,1596.467,1591.934,22.603,1.4198,25420372,24556925054.0
2013-09-02,'000016,上证50,1591.934,1601.144,1579.717,1594.986,1589.777,2.157,0.1357,24759173,25779244837.0
2013-08-30,'000016,上证50,1589.777,1599.872,1575.77,1586.522,1588.153,1.624,0.1023,23615249,23223392347.0
2013-08-29,'000016,上证50,1588.153,1607.02,1580.806,1604.276,1592.869,-4.716,-0.2961,20597219,19461085762.0
2013-08-28,'000016,上证50,1592.869,1603.955,1577.492,1591.348,1602.002,-9.133,-0.5701,27955865,27218013113.0
2013-08-27,'000016,上证50,1602.002,1609.064,1589.053,1598.742,1601.379,0.623,0.0389,19215167,19375463661.0
2013-08-26,'000016,上证50,1601.379,1604.254,1566.015,1573.224,1566.293,35.086,2.2401,23026029,21358939823.0
2013-08-23,'000016,上证50,1566.293,1595.944,1542.997,1591.747,1582.618,-16.325,-1.0315,21106777,19176010076.0
2013-08-22,'000016,上证50,1582.618,1606.349,1578.312,1582.332,1588.081,-5.463,-0.344,17755033,16073233972.0
2013-08-21,'000016,上证50,1588.081,1602.945,1575.461,1601.3,1594.54,-6.459,-0.4051,18370623,17500234032.0
2013-08-20,'000016,上证50,1594.54,1628.683,1588.223,1603.394,1608.865,-14.325,-0.8904,27386048,25162747910.0
2013-08-19,'000016,上证50,1608.865,1617.335,1574.023,1576.57,1592.794,16.071,1.009,26773638,24981563930.0
2013-08-16,'000016,上证50,1592.794,1711.432,1573.72,1590.915,1595.152,-2.358,-0.1478,52755401,45013980199.0
2013-08-15,'000016,上证50,1595.152,1624.335,1593.689,1608.621,1610.218,-15.066,-0.9356,19520467,18182924205.0
2013-08-14,'000016,上证50,1610.218,1643.0,1605.283,1622.209,1619.743,-9.525,-0.5881,23697562,22843741325.0
2013-08-13,'000016,上证50,1619.743,1621.888,1602.931,1610.791,1610.265,9.478,0.5886,26353714,25112860956.0
2013-08-12,'000016,上证50,1610.265,1610.812,1557.563,1560.163,1553.044,57.221,3.6844,36806351,36228735036.0
2013-08-09,'000016,上证50,1553.044,1562.253,1533.222,1554.755,1544.624,8.42,0.5451,21720508,20827749690.0
2013-08-08,'000016,上证50,1544.624,1561.338,1538.612,1548.412,1551.155,-6.531,-0.421,15085552,14205110486.0
2013-08-07,'000016,上证50,1551.155,1575.692,1548.491,1554.882,1556.297,-5.142,-0.3304,21552891,19963862907.0
2013-08-06,'000016,上证50,1556.297,1564.485,1533.243,1547.61,1554.188,2.109,0.1357,19475816,18348103295.0
2013-08-05,'000016,上证50,1554.188,1554.287,1533.0,1540.488,1536.505,17.683,1.1509,15325227,14137677651.0
2013-08-02,'000016,上证50,1536.505,1558.829,1533.941,1550.887,1537.81,-1.305,-0.0849,18107104,16095964973.0
2013-08-01,'000016,上证50,1537.81,1541.159,1508.805,1513.802,1504.167,33.643,2.2367,20127161,17525297011.0
2013-07-31,'000016,上证50,1504.167,1535.847,1499.548,1518.827,1500.938,3.229,0.2151,15876203,13645499717.0
2013-07-30,'000016,上证50,1500.938,1524.426,1483.571,1490.823,1484.21,16.728,1.1271,18855543,16009595753.0
2013-07-29,'000016,上证50,1484.21,1505.679,1478.196,1505.679,1521.612,-37.402,-2.4581,18891476,15319836604.0
2013-07-26,'000016,上证50,1521.612,1529.103,1512.61,1521.594,1529.299,-7.687,-0.5026,13093462,11589676569.0
2013-07-25,'000016,上证50,1529.299,1548.197,1522.228,1537.73,1532.353,-3.054,-0.1993,18748654,15998243216.0
2013-07-24,'000016,上证50,1532.353,1550.853,1512.973,1541.928,1555.837,-23.484,-1.5094,22081387,18813234433.0
2013-07-23,'000016,上证50,1555.837,1569.735,1514.211,1520.582,1514.052,41.785,2.7598,26842149,22712408968.0
2013-07-22,'000016,上证50,1514.052,1515.154,1485.06,1493.987,1511.4,2.652,0.1755,19730656,15898461419.0
2013-07-19,'000016,上证50,1511.4,1557.703,1508.275,1551.295,1549.348,-37.948,-2.4493,24139401,20924036593.0
2013-07-18,'000016,上证50,1549.348,1583.305,1547.091,1575.667,1582.141,-32.793,-2.0727,20540311,17453867654.0
2013-07-17,'000016,上证50,1582.141,1612.571,1581.739,1602.484,1606.341,-24.2,-1.5065,22297155,19368122893.0
2013-07-16,'000016,上证50,1606.341,1606.742,1579.448,1597.331,1604.662,1.679,0.1046,21244408,18792151122.0
2013-07-15,'000016,上证50,1604.662,1631.99,1582.83,1599.035,1587.589,17.073,1.0754,28001253,25593903533.0
2013-07-12,'000016,上证50,1587.589,1634.345,1585.507,1626.549,1635.66,-48.071,-2.9389,34331760,31344718018.0
2013-07-11,'000016,上证50,1635.66,1653.587,1555.283,1555.283,1546.743,88.917,5.7487,53675007,48441615814.0
2013-07-10,'000016,上证50,1546.743,1547.315,1500.774,1505.706,1505.299,41.444,2.7532,23561411,20332972238.0
2013-07-09,'000016,上证50,1505.299,1513.334,1497.505,1505.91,1506.727,-1.428,-0.0948,15615241,12508500598.0
2013-07-08,'000016,上证50,1506.727,1528.965,1502.236,1518.876,1542.049,-35.322,-2.2906,19321461,16247602448.0
2013-07-05,'000016,上证50,1542.049,1556.592,1535.714,1538.389,1535.321,6.728,0.4382,20566047,18309018256.0
2013-07-04,'000016,上证50,1535.321,1550.081,1503.454,1511.516,1522.911,12.41,0.8149,23661680,21089101498.0
2013-07-03,'000016,上证50,1522.911,1530.659,1501.083,1530.659,1541.341,-18.43,-1.1957,22903120,19222627563.0
2013-07-02,'000016,上证50,1541.341,1551.269,1519.441,1546.854,1549.374,-8.033,-0.5185,22162322,18004113573.0
2013-07-01,'000016,上证50,1549.374,1551.115,1520.697,1539.778,1552.383,-3.009,-0.1938,20650950,16582647265.0
2013-06-28,'000016,上证50,1552.383,1562.387,1497.437,1504.426,1512.204,40.179,2.657,31115161,23358146160.0
2013-06-27,'000016,上证50,1512.204,1530.156,1498.277,1511.491,1509.682,2.522,0.1671,26498660,20538146160.0
2013-06-26,'000016,上证50,1509.682,1529.052,1487.309,1529.052,1526.803,-17.121,-1.1214,28545153,22556296672.0
2013-06-25,'000016,上证50,1526.803,1529.376,1422.984,1508.515,1525.166,1.637,0.1073,40517109,32359445907.0
2013-06-24,'000016,上证50,1525.166,1625.445,1524.28,1625.445,1633.164,-107.998,-6.6128,33274220,28395314535.0
2013-06-21,'000016,上证50,1633.164,1645.929,1598.468,1606.971,1631.554,1.61,0.0987,21187090,19601008078.0
2013-06-20,'000016,上证50,1631.554,1677.931,1629.753,1677.931,1687.613,-56.059,-3.3218,18641448,17141967052.0
2013-06-19,'000016,上证50,1687.613,1697.599,1668.07,1697.599,1704.222,-16.609,-0.9746,15878339,16565166598.0
2013-06-18,'000016,上证50,1704.222,1711.055,1690.117,1701.23,1692.476,11.746,0.694,14008001,14866496703.0
2013-06-17,'000016,上证50,1692.476,1712.939,1689.492,1709.478,1704.147,-11.671,-0.6849,14645073,13951434642.0
2013-06-14,'000016,上证50,1704.147,1706.964,1692.312,1703.08,1700.802,3.345,0.1967,18278298,16443113513.0
2013-06-13,'000016,上证50,1700.802,1733.142,1679.664,1733.142,1760.224,-59.422,-3.3758,25370672,23937688880.0
2013-06-07,'000016,上证50,1760.224,1793.129,1755.599,1783.856,1784.702,-24.478,-1.3715,19886841,19829006251.0
2013-06-06,'000016,上证50,1784.702,1803.814,1782.478,1801.491,1806.821,-22.119,-1.2242,14978733,15526725316.0
2013-06-05,'000016,上证50,1806.821,1820.118,1799.744,1818.811,1819.503,-12.682,-0.697,13815322,13887115124.0
2013-06-04,'000016,上证50,1819.503,1837.637,1815.686,1837.637,1838.64,-19.137,-1.0408,18492950,18052363367.0
2013-06-03,'000016,上证50,1838.64,1854.38,1833.842,1840.4,1841.366,-2.726,-0.148,17088020,17682929571.0
2013-05-31,'000016,上证50,1841.366,1865.552,1839.348,1859.238,1855.456,-14.09,-0.7594,17447055,17945419919.0
2013-05-30,'000016,上证50,1855.456,1866.896,1848.555,1855.758,1861.702,-6.246,-0.3355,20551810,20524560398.0
2013-05-29,'000016,上证50,1861.702,1882.751,1860.402,1873.085,1870.094,-8.392,-0.4487,26003403,25979174705.0
2013-05-28,'000016,上证50,1870.094,1870.251,1821.239,1827.604,1827.263,42.831,2.344,30700597,29822925668.0
2013-05-27,'000016,上证50,1827.263,1838.85,1821.157,1825.225,1829.141,-1.878,-0.1027,17878808,18353927189.0
2013-05-24,'000016,上证50,1829.141,1842.863,1814.569,1831.716,1823.737,5.404,0.2963,16197644,16997014793.0
2013-05-23,'000016,上证50,1823.737,1855.027,1822.374,1849.256,1858.198,-34.461,-1.8545,20471737,21947539161.0
2013-05-22,'000016,上证50,1858.198,1862.734,1847.466,1850.747,1851.084,7.114,0.3843,19133827,21001127122.0
2013-05-21,'000016,上证50,1851.084,1863.026,1840.2,1858.141,1861.252,-10.168,-0.5463,19781473,20626739314.0
2013-05-20,'000016,上证50,1861.252,1877.27,1841.415,1848.324,1843.809,17.443,0.946,29655707,29995682402.0
2013-05-17,'000016,上证50,1843.809,1849.875,1810.316,1819.516,1821.453,22.356,1.2274,27563300,27555413537.0
2013-05-16,'000016,上证50,1821.453,1822.674,1770.406,1785.709,1789.431,32.022,1.7895,24404904,25121620768.0
2013-05-15,'000016,上证50,1789.431,1795.38,1781.219,1787.836,1785.575,3.856,0.216,12433946,13780608939.0
2013-05-14,'000016,上证50,1785.575,1807.035,1776.695,1806.175,1810.724,-25.149,-1.3889,18312642,19248866737.0
2013-05-13,'000016,上证50,1810.724,1823.036,1800.306,1819.556,1819.117,-8.393,-0.4614,17360638,18035135433.0
2013-05-10,'000016,上证50,1819.117,1823.471,1798.986,1804.175,1807.862,11.255,0.6226,16322284,16507762194.0
2013-05-09,'000016,上证50,1807.862,1826.969,1794.421,1825.384,1824.377,-16.515,-0.9052,19442053,20409966788.0
2013-05-08,'000016,上证50,1824.377,1842.126,1814.956,1826.432,1817.925,6.452,0.3549,21146420,21662568694.0
2013-05-07,'000016,上证50,1817.925,1824.511,1800.268,1812.033,1816.598,1.327,0.073,19382042,21035612216.0
2013-05-06,'000016,上证50,1816.598,1826.192,1801.364,1804.889,1795.489,21.109,1.1757,21997266,21128847009.0
2013-05-03,'000016,上证50,1795.489,1821.379,1770.322,1770.686,1763.05,32.439,1.8399,24561653,23916880535.0
2013-05-02,'000016,上证50,1763.05,1766.141,1745.571,1758.379,1766.037,-2.987,-0.1691,17926222,16995491392.0
2013-04-26,'000016,上证50,1766.037,1793.946,1760.223,1786.638,1778.294,-12.257,-0.6893,16714033,15795388917.0
2013-04-25,'000016,上证50,1778.294,1800.561,1762.172,1786.862,1793.885,-15.591,-0.8691,20584645,20117620592.0
2013-04-24,'000016,上证50,1793.885,1809.126,1755.439,1764.029,1760.677,33.208,1.8861,22392291,21622750877.0
2013-04-23,'000016,上证50,1760.677,1828.09,1759.415,1828.09,1823.947,-63.27,-3.4689,23227788,23725577059.0
2013-04-22,'000016,上证50,1823.947,1830.994,1814.867,1820.027,1827.983,-4.036,-0.2208,21621229,22455788321.0
2013-04-19,'000016,上证50,1827.983,1836.611,1771.5,1772.641,1768.15,59.833,3.3839,33057170,33651064369.0
2013-04-18,'000016,上证50,1768.15,1772.611,1740.26,1745.942,1761.617,6.533,0.3709,17537744,18038752316.0
2013-04-17,'000016,上证50,1761.617,1774.493,1747.413,1769.811,1772.643,-11.026,-0.622,16511135,17368577029.0
2013-04-16,'000016,上证50,1772.643,1774.071,1739.218,1746.314,1759.802,12.841,0.7297,22379943,22179049754.0
2013-04-15,'000016,上证50,1759.802,1777.135,1754.7,1768.206,1774.505,-14.703,-0.8286,17433015,15508401189.0
2013-04-12,'000016,上证50,1774.505,1794.335,1773.5,1783.091,1784.128,-9.623,-0.5394,14354895,14095809180.0
2013-04-11,'000016,上证50,1784.128,1808.285,1782.897,1802.507,1787.928,-3.8,-0.2125,16193326,15638172984.0
2013-04-10,'000016,上证50,1787.928,1794.221,1775.611,1787.74,1788.633,-0.705,-0.0394,17215201,17613418015.0
2013-04-09,'000016,上证50,1788.633,1800.57,1776.828,1776.828,1773.103,15.53,0.8759,19777794,21114249103.0
2013-04-08,'000016,上证50,1773.103,1775.338,1747.66,1755.763,1789.666,-16.563,-0.9255,19582654,18943130094.0
2013-04-03,'000016,上证50,1789.666,1805.007,1782.785,1787.981,1783.217,6.449,0.3616,18750240,17034243677.0
2013-04-02,'000016,上证50,1783.217,1805.739,1771.37,1785.568,1784.071,-0.854,-0.0479,22046604,21155916242.0
2013-04-01,'000016,上证50,1784.071,1796.293,1779.1,1781.793,1793.194,-9.123,-0.5088,17725718,16937451986.0
2013-03-29,'000016,上证50,1793.194,1797.376,1774.924,1791.572,1791.643,1.551,0.0866,25793779,24295416144.0
2013-03-28,'000016,上证50,1791.643,1816.85,1782.235,1816.85,1868.44,-76.797,-4.1102,44979129,41471507579.0
2013-03-27,'000016,上证50,1868.44,1891.276,1854.822,1863.515,1861.259,7.181,0.3858,23942410,23231255716.0
2013-03-26,'000016,上证50,1861.259,1894.661,1852.156,1891.314,1901.932,-40.673,-2.1385,28406639,28163692124.0
2013-03-25,'000016,上证50,1901.932,1927.371,1898.27,1913.791,1904.462,-2.53,-0.1328,23625148,24746440030.0
2013-03-22,'000016,上证50,1904.462,1913.266,1893.169,1900.149,1902.295,2.167,0.1139,20038064,20587012339.0
2013-03-21,'000016,上证50,1902.295,1912.961,1890.54,1906.848,1905.765,-3.47,-0.1821,26519125,28194018211.0
2013-03-20,'000016,上证50,1905.765,1905.895,1833.358,1833.358,1830.959,74.806,4.0856,40866175,42074808028.0
2013-03-19,'000016,上证50,1830.959,1836.033,1805.557,1813.322,1811.239,19.72,1.0888,21901416,22452103512.0
2013-03-18,'000016,上证50,1811.239,1841.906,1809.439,1829.393,1841.32,-30.081,-1.6337,25927284,27458292401.0
2013-03-15,'000016,上证50,1841.32,1894.248,1815.366,1835.61,1838.358,2.962,0.1611,38325471,38589034136.0
2013-03-14,'000016,上证50,1838.358,1850.43,1824.131,1830.713,1835.612,2.746,0.1496,20720849,21599515035.0
2013-03-13,'000016,上证50,1835.612,1860.06,1827.646,1853.016,1854.618,-19.006,-1.0248,21946981,21872477427.0
2013-03-12,'000016,上证50,1854.618,1900.357,1837.83,1878.536,1879.818,-25.2,-1.3406,28375102,28646032758.0
2013-03-11,'000016,上证50,1879.818,1899.309,1867.366,1895.046,1901.481,-21.663,-1.1393,19386327,21039587775.0
2013-03-08,'000016,上证50,1901.481,1917.049,1889.377,1906.355,1902.374,-0.893,-0.0469,23858347,26080937976.0
2013-03-07,'000016,上证50,1902.374,1937.946,1881.669,1922.929,1933.699,-31.325,-1.62,32461904,35799074128.0
2013-03-06,'000016,上证50,1933.699,1943.926,1907.623,1925.519,1916.709,16.99,0.8864,36144745,37864531747.0
2013-03-05,'000016,上证50,1916.709,1917.181,1843.159,1844.287,1841.624,75.085,4.0771,40242321,40861173420.0
2013-03-04,'000016,上证50,1841.624,1904.951,1828.549,1904.43,1944.423,-102.799,-5.2869,48133501,49868903303.0
2013-03-01,'000016,上证50,1944.423,1963.597,1911.657,1955.728,1956.606,-12.183,-0.6227,32482814,36324799866.0
2013-02-28,'000016,上证50,1956.606,1957.488,1886.741,1906.125,1889.476,67.13,3.5528,39611086,42105790251.0
2013-02-27,'000016,上证50,1889.476,1907.203,1869.511,1871.435,1865.129,24.347,1.3054,28667309,28893671352.0
2013-02-26,'000016,上证50,1865.129,1916.764,1863.011,1874.047,1890.765,-25.636,-1.3559,36884580,38058465346.0
2013-02-25,'000016,上证50,1890.765,1912.032,1879.841,1893.442,1883.475,7.29,0.3871,22271335,22677560239.0
2013-02-22,'000016,上证50,1883.475,1902.661,1878.342,1895.429,1897.896,-14.421,-0.7598,25565221,27199426483.0
2013-02-21,'000016,上证50,1897.896,1955.167,1876.324,1955.167,1978.303,-80.407,-4.0644,44900040,46202057395.0
2013-02-20,'000016,上证50,1978.303,1984.325,1948.699,1982.434,1981.074,-2.771,-0.1399,29397312,30302361962.0
2013-02-19,'000016,上证50,1981.074,2018.906,1971.428,2011.386,2014.577,-33.503,-1.663,31312885,33073491879.0
2013-02-18,'000016,上证50,2014.577,2055.411,2013.217,2051.922,2042.422,-27.845,-1.3633,32958719,34844945532.0
2013-02-08,'000016,上证50,2042.422,2061.012,2022.892,2044.141,2048.575,-6.153,-0.3004,34424608,36099049227.0
2013-02-07,'000016,上证50,2048.575,2077.484,2014.752,2074.48,2078.494,-29.919,-1.4395,43496464,46145289824.0
2013-02-06,'000016,上证50,2078.494,2088.446,2063.988,2069.341,2068.952,9.542,0.4612,35202126,36872236462.0
2013-02-05,'000016,上证50,2068.952,2076.932,2035.369,2044.162,2065.394,3.558,0.1723,50456802,48274217696.0
2013-02-04,'000016,上证50,2065.394,2087.931,2050.688,2068.022,2055.724,9.67,0.4704,55089818,60276858401.0
2013-02-01,'000016,上证50,2055.724,2058.052,1979.099,1984.965,1993.252,62.472,3.1342,43939580,48056952723.0
2013-01-31,'000016,上证50,1993.252,2000.649,1976.703,1992.479,1989.315,3.937,0.1979,37917418,36693048338.0
2013-01-30,'000016,上证50,1989.315,1991.659,1969.775,1984.916,1982.623,6.692,0.3375,40256772,40584410387.0
2013-01-29,'000016,上证50,1982.623,1993.195,1950.483,1959.798,1957.395,25.228,1.2889,41983989,45297085361.0
2013-01-28,'000016,上证50,1957.395,1958.196,1890.885,1890.885,1886.454,70.941,3.7605,40011939,42903720708.0
2013-01-25,'000016,上证50,1886.454,1905.38,1881.131,1898.281,1900.176,-13.722,-0.7221,21809224,23121684514.0
2013-01-24,'000016,上证50,1900.176,1961.979,1885.459,1909.92,1910.135,-9.959,-0.5214,46362517,45027602055.0
2013-01-23,'000016,上证50,1910.135,1911.196,1885.268,1890.693,1898.502,11.633,0.6127,28708680,26471549110.0
2013-01-22,'000016,上证50,1898.502,1917.459,1878.45,1895.004,1898.438,0.064,0.0034,41290890,38699040854.0
2013-01-21,'000016,上证50,1898.438,1899.002,1871.67,1890.85,1886.794,11.644,0.6171,31428562,33266653904.0
2013-01-18,'000016,上证50,1886.794,1897.607,1854.656,1867.763,1854.936,31.858,1.7175,25629170,27241991921.0
2013-01-17,'000016,上证50,1854.936,1872.149,1844.452,1871.639,1877.0,-22.064,-1.1755,23301845,24757645778.0
2013-01-16,'000016,上证50,1877.0,1898.234,1851.33,1895.231,1900.051,-23.051,-1.2132,31643989,34462185706.0
2013-01-15,'000016,上证50,1900.051,1907.652,1889.686,1892.506,1893.1,6.951,0.3672,32659328,34532269093.0
2013-01-14,'000016,上证50,1893.1,1900.41,1811.066,1811.315,1818.984,74.116,4.0746,35861754,37504710761.0
2013-01-11,'000016,上证50,1818.984,1863.27,1810.836,1857.765,1855.487,-36.503,-1.9673,26437823,26793508679.0
2013-01-10,'000016,上证50,1855.487,1875.581,1843.345,1854.987,1855.342,0.145,0.0078,25129345,26215851793.0
2013-01-09,'000016,上证50,1855.342,1861.374,1839.011,1851.607,1857.688,-2.346,-0.1263,25102113,27479952838.0
2013-01-08,'000016,上证50,1857.688,1883.142,1846.29,1879.848,1880.262,-22.574,-1.2006,25348552,28592800185.0
2013-01-07,'000016,上证50,1880.262,1892.13,1857.276,1865.058,1870.5,9.762,0.5219,28529499,29047314861.0
2013-01-04,'000016,上证50,1870.5,1899.88,1849.779,1885.964,1857.68,12.82,0.6901,39205649,39918820869.0
2012-12-31,'000016,上证50,1857.68,1858.32,1821.98,1821.98,1817.852,39.828,2.1909,32880988,31838655845.0
2012-12-28,'000016,上证50,1817.852,1819.651,1789.422,1789.689,1786.779,31.073,1.7391,26285552,26005738026.0
2012-12-27,'000016,上证50,1786.779,1816.904,1785.863,1805.828,1800.564,-13.785,-0.7656,24965547,25316964681.0
2012-12-26,'000016,上证50,1800.564,1806.085,1792.855,1796.605,1798.882,1.682,0.0935,25512386,25859593149.0
2012-12-25,'000016,上证50,1798.882,1808.343,1734.599,1739.741,1746.438,52.444,3.0029,36399072,35603057269.0
2012-12-24,'000016,上证50,1746.438,1759.674,1731.843,1733.406,1737.989,8.449,0.4861,19109019,21386826292.0
2012-12-21,'000016,上证50,1737.989,1769.77,1732.987,1753.248,1751.936,-13.947,-0.7961,25337049,24740344490.0
2012-12-20,'000016,上证50,1751.936,1757.801,1725.852,1735.798,1744.018,7.918,0.454,25798834,25567567546.0
2012-12-19,'000016,上证50,1744.018,1759.72,1736.468,1740.277,1744.854,-0.836,-0.0479,25016549,24909314737.0
2012-12-18,'000016,上证50,1744.854,1768.368,1725.564,1734.95,1738.852,6.002,0.3452,34703474,31797100681.0
2012-12-17,'000016,上证50,1738.852,1750.1,1732.64,1732.902,1728.061,10.791,0.6245,38227780,34321087379.0
2012-12-14,'000016,上证50,1728.061,1728.822,1637.611,1637.611,1635.626,92.435,5.6514,47748303,41210669862.0
2012-12-13,'000016,上证50,1635.626,1654.785,1634.634,1651.668,1657.128,-21.502,-1.2975,16461029,15292968444.0
2012-12-12,'000016,上证50,1657.128,1659.662,1642.792,1645.627,1645.009,12.119,0.7367,20131344,17513566757.0
2012-12-11,'000016,上证50,1645.009,1657.647,1642.941,1648.063,1653.284,-8.275,-0.5005,20039302,17861853544.0
2012-12-10,'000016,上证50,1653.284,1659.269,1640.562,1642.078,1634.919,18.365,1.1233,30402229,24752551604.0
2012-12-07,'000016,上证50,1634.919,1637.544,1599.669,1602.297,1600.415,34.504,2.1559,31809626,27337261090.0
2012-12-06,'000016,上证50,1600.415,1608.437,1590.039,1599.528,1601.736,-1.321,-0.0825,19397373,18291814574.0
2012-12-05,'000016,上证50,1601.736,1608.112,1543.262,1544.57,1545.954,55.782,3.6083,35083555,30830009577.0
2012-12-04,'000016,上证50,1545.954,1550.273,1528.28,1529.333,1532.176,13.778,0.8992,13422758,12369660298.0
2012-12-03,'000016,上证50,1532.176,1557.652,1531.584,1544.589,1547.759,-15.583,-1.0068,15942709,14109293764.0
2012-11-30,'000016,上证50,1547.759,1550.111,1529.033,1531.598,1532.921,14.838,0.968,12764586,10702616931.0
2012-11-29,'000016,上证50,1532.921,1549.163,1530.572,1541.841,1542.074,-9.153,-0.5936,11426423,8977813544.0
2012-11-28,'000016,上证50,1542.074,1549.345,1538.773,1547.246,1552.92,-10.846,-0.6984,11608977,9306419731.0
2012-11-27,'000016,上证50,1552.92,1563.835,1551.56,1559.461,1563.198,-10.278,-0.6575,11619656,9726978178.0
2012-11-26,'000016,上证50,1563.198,1569.359,1557.748,1565.644,1568.753,-5.555,-0.3541,8560923,7646679364.0
2012-11-23,'000016,上证50,1568.753,1574.484,1555.157,1559.713,1554.754,13.999,0.9004,11417987,10255113946.0
2012-11-22,'000016,上证50,1554.754,1557.222,1547.635,1553.972,1562.974,-8.22,-0.5259,7220379,7294749210.0
2012-11-21,'000016,上证50,1562.974,1563.804,1534.321,1539.892,1540.488,22.486,1.4597,10087244,9410997430.0
2012-11-20,'000016,上证50,1540.488,1557.085,1539.378,1554.808,1550.891,-10.403,-0.6708,8178309,8871561196.0
2012-11-19,'000016,上证50,1550.891,1551.585,1533.513,1550.248,1551.558,-0.667,-0.043,10594898,10723919404.0
2012-11-16,'000016,上证50,1551.558,1562.556,1542.532,1560.815,1563.698,-12.14,-0.7764,11474377,9765525805.0
2012-11-15,'000016,上证50,1563.698,1579.639,1563.282,1573.59,1581.946,-18.248,-1.1535,10519202,8946153492.0
2012-11-14,'000016,上证50,1581.946,1585.691,1571.552,1575.834,1575.259,6.687,0.4245,10010013,8621065413.0
2012-11-13,'000016,上证50,1575.259,1600.3,1571.627,1600.3,1600.878,-25.619,-1.6003,12393955,10480952052.0
2012-11-12,'000016,上证50,1600.878,1601.291,1587.172,1592.856,1591.852,9.026,0.567,13888289,11454982137.0
2012-11-09,'000016,上证50,1591.852,1598.707,1587.789,1589.523,1591.615,0.237,0.0149,11929670,8946786478.0
2012-11-08,'000016,上证50,1591.615,1609.686,1590.913,1604.95,1617.834,-26.219,-1.6206,12788451,11054023629.0
2012-11-07,'000016,上证50,1617.834,1626.208,1608.793,1617.211,1619.739,-1.905,-0.1176,13237335,12694241552.0
2012-11-06,'000016,上证50,1619.739,1627.154,1597.75,1625.41,1624.709,-4.97,-0.3059,13093677,12474319950.0
2012-11-05,'000016,上证50,1624.709,1634.794,1615.376,1623.757,1626.607,-1.898,-0.1167,16093072,13042280458.0
2012-11-02,'000016,上证50,1626.607,1628.832,1609.384,1617.323,1617.732,8.875,0.5486,15256004,13474074854.0
2012-11-01,'000016,上证50,1617.732,1625.779,1589.137,1589.298,1587.052,30.68,1.9331,19249881,17719540033.0
2012-10-31,'000016,上证50,1587.052,1588.725,1573.187,1578.468,1576.321,10.731,0.6808,13878468,11413930512.0
2012-10-30,'000016,上证50,1576.321,1586.681,1568.459,1572.547,1571.525,4.796,0.3052,13472986,10907175487.0
2012-10-29,'000016,上证50,1571.525,1583.684,1566.95,1581.232,1584.697,-13.172,-0.8312,10184829,10118568388.0
2012-10-26,'000016,上证50,1584.697,1616.353,1577.72,1614.417,1612.947,-28.25,-1.7515,13999065,12582231321.0
2012-10-25,'000016,上证50,1612.947,1632.42,1611.113,1622.793,1623.641,-10.694,-0.6586,13712402,10820127999.0
2012-10-24,'000016,上证50,1623.641,1631.773,1618.753,1619.95,1625.81,-2.169,-0.1334,11463666,9902324120.0
2012-10-23,'000016,上证50,1625.81,1646.367,1624.221,1642.835,1643.342,-17.532,-1.0669,12467079,10845395747.0
2012-10-22,'000016,上证50,1643.342,1648.079,1625.239,1628.185,1637.765,5.577,0.3405,11542939,11029741896.0
2012-10-19,'000016,上证50,1637.765,1643.22,1635.1,1637.915,1639.667,-1.902,-0.116,11151234,10368685870.0
2012-10-18,'000016,上证50,1639.667,1643.479,1619.615,1621.054,1617.664,22.003,1.3602,16552872,15382433429.0
2012-10-17,'000016,上证50,1617.664,1624.299,1603.346,1619.622,1614.138,3.526,0.2184,11418780,10840751914.0
2012-10-16,'000016,上证50,1614.138,1624.476,1606.906,1611.264,1612.955,1.183,0.0733,10256926,9768907283.0
2012-10-15,'000016,上证50,1612.955,1622.43,1603.275,1620.048,1618.659,-5.704,-0.3524,9339004,9043127126.0
2012-10-12,'000016,上证50,1618.659,1636.412,1608.228,1621.826,1615.747,2.912,0.1802,13116776,11893807016.0
2012-10-11,'000016,上证50,1615.747,1624.714,1609.892,1619.834,1625.328,-9.581,-0.5895,13003582,11517994005.0
2012-10-10,'000016,上证50,1625.328,1627.383,1614.634,1623.283,1627.657,-2.329,-0.1431,11822438,11070359935.0
2012-10-09,'000016,上证50,1627.657,1635.461,1605.172,1605.172,1596.144,31.513,1.9743,18523274,15939379397.0
2012-10-08,'000016,上证50,1596.144,1623.086,1588.002,1611.638,1613.092,-16.948,-1.0507,11995070,11724583935.0
2012-09-28,'000016,上证50,1613.092,1616.384,1575.183,1576.274,1587.956,25.136,1.5829,22188841,20562338971.0
2012-09-27,'000016,上证50,1587.956,1600.04,1541.185,1541.55,1541.14,46.816,3.0378,20088600,18213863225.0
2012-09-26,'000016,上证50,1541.14,1557.154,1536.957,1551.426,1553.701,-12.561,-0.8085,9146014,8558851588.0
2012-09-25,'000016,上证50,1553.701,1560.985,1547.58,1550.178,1553.973,-0.272,-0.0175,10336341,10208500243.0
2012-09-24,'000016,上证50,1553.973,1560.238,1528.579,1534.649,1545.964,8.009,0.5181,13875900,12340045704.0
2012-09-21,'000016,上证50,1545.964,1557.255,1535.61,1537.116,1540.956,5.008,0.325,14130161,12750384360.0
2012-09-20,'000016,上证50,1540.956,1562.769,1539.221,1562.769,1569.069,-28.113,-1.7917,15376603,14187529012.0
2012-09-19,'000016,上证50,1569.069,1571.683,1558.043,1565.236,1564.982,4.087,0.2612,12346045,12135530036.0
2012-09-18,'000016,上证50,1564.982,1576.956,1560.71,1574.295,1582.095,-17.113,-1.0817,11371892,10880651886.0
2012-09-17,'000016,上证50,1582.095,1615.215,1581.296,1612.55,1614.7,-32.605,-2.0193,16358119,15844168320.0
2012-09-14,'000016,上证50,1614.7,1625.996,1604.173,1616.007,1597.16,17.54,1.0982,20827569,20851301532.0
2012-09-13,'000016,上证50,1597.16,1611.076,1597.012,1605.773,1607.989,-10.829,-0.6734,12607580,11431687484.0
2012-09-12,'000016,上证50,1607.989,1623.892,1595.533,1615.133,1605.073,2.916,0.1817,15426787,14906475997.0
2012-09-11,'000016,上证50,1605.073,1613.245,1593.362,1613.245,1620.027,-14.954,-0.9231,15694337,14463105174.0
2012-09-10,'000016,上证50,1620.027,1628.643,1612.572,1620.36,1619.213,0.814,0.0503,22390315,22035020891.0
2012-09-07,'000016,上证50,1619.213,1634.693,1561.359,1561.359,1550.971,68.242,4.4,37465383,32655879443.0
2012-09-06,'000016,上证50,1550.971,1551.574,1535.971,1540.347,1537.531,13.44,0.8741,13009580,10585805610.0
2012-09-05,'000016,上证５０,1537.531,1548.342,1531.106,1544.47,1548.042,-10.511,-0.679,14240440,12293713702.0
2012-09-04,'000016,上证５０,1548.042,1567.496,1543.56,1566.23,1560.08,-12.038,-0.7716,13281528,13728401040.0
2012-09-03,'000016,上证５０,1560.08,1567.234,1545.601,1547.767,1551.199,8.881,0.5725,15216996,12985887972.0
2012-08-31,'000016,上证５０,1551.199,1564.692,1549.896,1556.008,1560.286,-9.087,-0.5824,10180339,8870485072.0
2012-08-30,'000016,上证５０,1560.286,1564.625,1542.238,1542.238,1554.403,5.883,0.3785,13603249,12607658405.0
2012-08-29,'000016,上证５０,1554.403,1569.71,1553.544,1565.278,1570.44,-16.037,-1.0212,12083361,10988417789.0
2012-08-28,'000016,上证５０,1570.44,1578.221,1555.441,1558.169,1557.165,13.275,0.8525,13370346,10986793405.0
2012-08-27,'000016,上证５０,1557.165,1583.914,1556.528,1583.914,1588.111,-30.946,-1.9486,14368404,13518120575.0
2012-08-24,'000016,上证５０,1588.111,1598.07,1586.293,1594.819,1596.574,-8.463,-0.5301,11203431,11249953252.0
2012-08-23,'000016,上证５０,1596.574,1602.501,1585.782,1593.217,1591.334,5.24,0.3293,12087463,12155056186.0
2012-08-22,'000016,上证５０,1591.334,1602.095,1583.404,1600.108,1598.5,-7.166,-0.4483,10283060,9826753011.0
2012-08-21,'000016,上证５０,1598.5,1609.992,1592.037,1596.521,1596.195,2.305,0.1444,11766242,11020277409.0
2012-08-20,'000016,上证５０,1596.195,1599.465,1582.714,1594.055,1606.003,-9.808,-0.6107,9221488,8983955342.0
2012-08-17,'000016,上证５０,1606.003,1609.677,1595.242,1604.711,1605.276,0.727,0.0453,8822573,9541231571.0
2012-08-16,'000016,上证５０,1605.276,1614.014,1603.957,1608.94,1610.413,-5.137,-0.319,7574578,7936213900.0
2012-08-15,'000016,上证５０,1610.413,1630.415,1609.168,1628.572,1633.143,-22.73,-1.3918,9757907,9340712642.0
2012-08-14,'000016,上证５０,1633.143,1636.188,1616.375,1633.077,1632.001,1.142,0.07,13111367,13615497595.0
2012-08-13,'000016,上证５０,1632.001,1661.599,1630.205,1661.599,1665.175,-33.174,-1.9922,15931938,16742587695.0
2012-08-10,'000016,上证５０,1665.175,1675.52,1663.607,1670.576,1671.954,-6.779,-0.4055,12253282,15024106538.0
2012-08-09,'000016,上证５０,1671.954,1673.085,1652.979,1662.063,1662.768,9.186,0.5525,11191154,13423421629.0
2012-08-08,'000016,上证５０,1662.768,1671.489,1657.285,1659.47,1657.911,4.857,0.293,12333647,13724049918.0
2012-08-07,'000016,上证５０,1657.911,1662.493,1653.015,1657.163,1658.371,-0.46,-0.0277,13555374,15052122086.0
2012-08-06,'000016,上证５０,1658.371,1661.2,1638.1,1639.757,1641.599,16.772,1.0217,14218290,14867596191.0
2012-08-03,'000016,上证５０,1641.599,1642.17,1628.482,1637.808,1634.553,7.046,0.4311,10110264,10416251697.0
2012-08-02,'000016,上证５０,1634.553,1645.964,1627.549,1641.832,1645.616,-11.063,-0.6723,11196975,10326246516.0
2012-08-01,'000016,上证５０,1645.616,1651.973,1632.94,1633.384,1631.885,13.731,0.8414,11988440,11693462779.0
2012-07-31,'000016,上证５０,1631.885,1643.574,1627.863,1628.017,1625.636,6.249,0.3844,13190490,12035641182.0
2012-07-30,'000016,上证５０,1625.636,1645.333,1622.688,1633.479,1630.31,-4.674,-0.2867,12073818,11239201212.0
2012-07-27,'000016,上证５０,1630.31,1642.069,1625.026,1630.281,1624.464,5.846,0.3599,12220716,12017763562.0
2012-07-26,'000016,上证５０,1624.464,1640.974,1622.553,1628.718,1627.959,-3.495,-0.2147,10650163,10224323716.0
2012-07-25,'000016,上证５０,1627.959,1639.941,1626.044,1628.635,1632.952,-4.993,-0.3058,8150938,7914088183.0
2012-07-24,'000016,上证５０,1632.952,1644.454,1620.931,1621.3,1629.065,3.887,0.2386,11149863,10949688496.0
2012-07-23,'000016,上证５０,1629.065,1646.758,1624.327,1646.758,1658.3,-29.235,-1.763,11275616,11192943050.0
2012-07-20,'000016,上证５０,1658.3,1673.136,1653.441,1669.587,1674.268,-15.968,-0.9537,12411732,11549898221.0
2012-07-19,'000016,上证５０,1674.268,1687.454,1656.743,1660.557,1665.865,8.403,0.5044,15672352,16229564266.0
2012-07-18,'000016,上证５０,1665.865,1673.538,1642.122,1669.778,1669.706,-3.841,-0.23,11820610,13398387183.0
2012-07-17,'000016,上证５０,1669.706,1676.747,1653.02,1653.74,1657.623,12.083,0.7289,10192618,11754143039.0
2012-07-16,'000016,上证５０,1657.623,1688.775,1656.83,1688.775,1685.019,-27.396,-1.6259,12879971,13780650954.0
2012-07-13,'000016,上证５０,1685.019,1698.389,1672.873,1674.051,1680.05,4.969,0.2958,11743666,12813817721.0
2012-07-12,'000016,上证５０,1680.05,1690.422,1651.252,1668.908,1672.252,7.798,0.4663,20531501,21934478084.0
2012-07-11,'000016,上证５０,1672.252,1674.976,1658.793,1661.143,1664.424,7.828,0.4703,11690169,11755126937.0
2012-07-10,'000016,上证５０,1664.424,1679.407,1661.287,1666.223,1668.022,-3.598,-0.2157,11905512,12375315151.0
2012-07-09,'000016,上证５０,1668.022,1708.194,1666.214,1699.414,1711.579,-43.557,-2.5448,17274718,17789152509.0
2012-07-06,'000016,上证５０,1711.579,1715.988,1681.039,1692.289,1695.356,16.223,0.9569,17713291,19360355541.0
2012-07-05,'000016,上证５０,1695.356,1703.609,1686.191,1702.626,1712.937,-17.581,-1.0264,11493729,11730176812.0
2012-07-04,'000016,上证５０,1712.937,1721.18,1706.478,1715.338,1710.412,2.525,0.1476,10910454,11537781616.0
2012-07-03,'000016,上证５０,1710.412,1723.068,1699.305,1705.822,1706.168,4.244,0.2487,12787197,14944294021.0
2012-07-02,'000016,上证５０,1706.168,1716.153,1697.338,1715.957,1708.856,-2.688,-0.1573,14178706,15268030166.0
2012-06-29,'000016,上证５０,1708.856,1710.45,1675.517,1677.381,1681.384,27.472,1.6339,13733901,15021870438.0
2012-06-28,'000016,上证５０,1681.384,1702.373,1680.444,1697.4,1695.031,-13.647,-0.8051,9799351,11597298468.0
2012-06-27,'000016,上证５０,1695.031,1708.827,1692.045,1698.859,1700.499,-5.468,-0.3216,9780881,9945764140.0
2012-06-26,'000016,上证５０,1700.499,1708.414,1689.991,1692.485,1704.567,-4.068,-0.2387,11289206,12169746666.0
2012-06-25,'000016,上证５０,1704.567,1729.46,1702.714,1729.099,1735.336,-30.769,-1.7731,15713270,15737077805.0
2012-06-21,'000016,上证５０,1735.336,1760.411,1730.209,1760.411,1763.631,-28.295,-1.6044,13188938,14152209152.0
2012-06-20,'000016,上证５０,1763.631,1775.338,1761.423,1767.054,1764.881,-1.25,-0.0708,10036677,10995191155.0
2012-06-19,'000016,上证５０,1764.881,1775.846,1763.777,1774.267,1776.244,-11.363,-0.6397,11055393,11532794927.0
2012-06-18,'000016,上证５０,1776.244,1785.775,1770.563,1778.092,1769.492,6.752,0.3816,11639893,12656729706.0
2012-06-15,'000016,上证５０,1769.492,1775.573,1750.388,1760.998,1756.301,13.191,0.7511,15928894,18789484216.0
2012-06-14,'000016,上证５０,1756.301,1769.955,1754.281,1764.888,1771.422,-15.121,-0.8536,12532502,14896549848.0
2012-06-13,'000016,上证５０,1771.422,1772.57,1744.267,1750.515,1745.454,25.968,1.4878,14934486,17382559248.0
2012-06-12,'000016,上证５０,1745.454,1753.131,1734.806,1746.588,1756.031,-10.577,-0.6023,14685674,14365243322.0
2012-06-11,'000016,上证５０,1756.031,1762.714,1737.559,1741.185,1738.587,17.444,1.0033,14601954,15623482657.0
2012-06-08,'000016,上证５０,1738.587,1766.052,1736.083,1766.052,1757.766,-19.179,-1.0911,17721490,19325504030.0
2012-06-07,'000016,上证５０,1757.766,1782.693,1754.179,1780.198,1768.575,-10.809,-0.6112,12051356,15211439367.0
2012-06-06,'000016,上证５０,1768.575,1776.584,1762.465,1768.017,1763.7,4.875,0.2764,13355949,17429271686.0
2012-06-05,'000016,上证５０,1763.7,1772.383,1755.529,1765.672,1760.955,2.745,0.1559,12844826,15092238387.0
2012-06-04,'000016,上证５０,1760.955,1791.608,1760.069,1790.693,1808.527,-47.572,-2.6304,18926748,22940836824.0
2012-06-01,'000016,上证５０,1808.527,1820.167,1803.066,1806.479,1804.593,3.934,0.218,14934025,19056739179.0
2012-05-31,'000016,上证５０,1804.593,1813.363,1798.439,1803.241,1818.385,-13.792,-0.7585,12563111,13941675625.0
2012-05-30,'000016,上证５０,1818.385,1825.148,1813.437,1821.654,1824.429,-6.044,-0.3313,15687089,17319483714.0
2012-05-29,'000016,上证５０,1824.429,1827.627,1797.641,1800.683,1800.913,23.516,1.3058,22215756,25166586776.0
2012-05-28,'000016,上证５０,1800.913,1801.371,1763.692,1771.693,1776.376,24.537,1.3813,18040546,19116112147.0
2012-05-25,'000016,上证５０,1776.376,1795.203,1770.829,1790.45,1789.434,-13.058,-0.7297,12970558,14054599361.0
2012-05-24,'000016,上证５０,1789.434,1812.568,1784.939,1800.275,1801.466,-12.032,-0.6679,14146977,16060633961.0
2012-05-23,'000016,上证５０,1801.466,1815.962,1791.61,1806.791,1810.411,-8.945,-0.4941,15626658,19208244357.0
2012-05-22,'000016,上证５０,1810.411,1811.515,1791.025,1792.752,1784.943,25.468,1.4268,15663679,18382170976.0
2012-05-21,'000016,上证５０,1784.943,1795.958,1771.282,1775.287,1775.572,9.371,0.5278,14001756,16447136940.0
2012-05-18,'000016,上证５０,1775.572,1790.921,1771.279,1788.264,1801.11,-25.538,-1.4179,15496933,17190157666.0
2012-05-17,'000016,上证５０,1801.11,1805.69,1772.019,1776.72,1774.243,26.867,1.5143,15729102,18672397677.0
2012-05-16,'000016,上证５０,1774.243,1797.587,1772.728,1796.127,1801.064,-26.821,-1.4892,16976778,19485622445.0
2012-05-15,'000016,上证５０,1801.064,1802.096,1786.576,1790.717,1800.503,0.561,0.0312,15570584,18622066241.0
2012-05-14,'000016,上证５０,1800.503,1829.482,1798.291,1827.51,1815.732,-15.229,-0.8387,19757730,22674494215.0
2012-05-11,'000016,上证５０,1815.732,1834.588,1814.866,1826.036,1829.607,-13.875,-0.7584,14797741,17681810571.0
2012-05-10,'000016,上证５０,1829.607,1835.282,1822.482,1829.752,1830.132,-0.525,-0.0287,18508387,20881141083.0
2012-05-09,'000016,上证５０,1830.132,1847.772,1828.731,1846.72,1862.401,-32.269,-1.7327,20834353,25955630103.0
2012-05-08,'000016,上证５０,1862.401,1866.441,1844.967,1865.858,1866.619,-4.218,-0.226,23699313,27194690742.0
2012-05-07,'000016,上证５０,1866.619,1871.391,1852.461,1864.382,1876.658,-10.039,-0.5349,23963885,29331585517.0
2012-05-04,'000016,上证５０,1876.658,1877.425,1852.618,1862.311,1864.295,12.363,0.6631,22344133,25555250577.0
2012-05-03,'000016,上证５０,1864.295,1868.413,1854.582,1860.536,1862.755,1.54,0.0827,19728143,24670652321.0
2012-05-02,'000016,上证５０,1862.755,1874.101,1836.271,1846.864,1822.542,40.213,2.2064,30750650,35834285191.0
2012-04-27,'000016,上证５０,1822.542,1831.552,1820.95,1823.366,1822.206,0.336,0.0184,15916201,17926187116.0
2012-04-26,'000016,上证５０,1822.206,1829.718,1813.499,1825.041,1819.217,2.989,0.1643,18304166,19822979976.0
2012-04-25,'000016,上证５０,1819.217,1823.652,1802.381,1805.498,1808.859,10.358,0.5726,21769077,22602725718.0
2012-04-24,'000016,上证５０,1808.859,1832.84,1784.257,1795.802,1799.907,8.952,0.4974,27135605,27181574766.0
2012-04-23,'000016,上证５０,1799.907,1819.785,1796.101,1812.933,1815.882,-15.975,-0.8797,19034179,18842966990.0
2012-04-20,'000016,上证５０,1815.882,1816.364,1786.633,1788.016,1791.382,24.5,1.3677,23089902,23577022712.0
2012-04-19,'000016,上证５０,1791.382,1797.408,1784.519,1788.746,1789.627,1.755,0.0981,16742104,20809604604.0
2012-04-18,'000016,上证５０,1789.627,1791.228,1752.374,1754.76,1749.4,40.227,2.2995,21617548,19377281382.0
2012-04-17,'000016,上证５０,1749.4,1773.547,1748.765,1769.463,1770.679,-21.279,-1.2017,12103868,12221402939.0
2012-04-16,'000016,上证５０,1770.679,1778.516,1764.811,1767.667,1777.068,-6.389,-0.3595,12758892,13403388812.0
2012-04-13,'000016,上证５０,1777.068,1785.453,1769.57,1771.304,1770.947,6.121,0.3456,17631608,20977844260.0
2012-04-12,'000016,上证５０,1770.947,1771.924,1731.766,1736.675,1734.594,36.353,2.0958,21751090,22432327014.0
2012-04-11,'000016,上证５０,1734.594,1748.298,1718.08,1721.187,1736.24,-1.646,-0.0948,15347021,16107172341.0
2012-04-10,'000016,上证５０,1736.24,1737.241,1702.949,1719.577,1721.426,14.814,0.8606,12690505,15365011401.0
2012-04-09,'000016,上证５０,1721.426,1735.057,1719.458,1730.45,1737.512,-16.086,-0.9258,10819416,12152773722.0
2012-04-06,'000016,上证５０,1737.512,1739.888,1726.501,1732.512,1735.283,2.229,0.1285,15962621,18220080851.0
2012-04-05,'000016,上证５０,1735.283,1739.444,1691.478,1698.744,1705.633,29.65,1.7384,22842757,24781025714.0
2012-03-30,'000016,上证５０,1705.633,1706.008,1690.267,1693.648,1688.09,17.543,1.0392,15207403,15584062311.0
2012-03-29,'000016,上证５０,1688.09,1709.712,1681.971,1702.058,1708.853,-20.763,-1.215,17979978,18415493493.0
2012-03-28,'000016,上证５０,1708.853,1746.404,1706.255,1743.41,1749.185,-40.332,-2.3058,17266635,18809756635.0
2012-03-27,'000016,上证５０,1749.185,1760.75,1745.8,1756.995,1749.888,-0.703,-0.0402,12325533,17594311945.0
2012-03-26,'000016,上证５０,1749.888,1754.803,1741.002,1747.851,1747.916,1.972,0.1128,11070335,12182464172.0
2012-03-23,'000016,上证５０,1747.916,1760.253,1741.53,1756.194,1760.335,-12.419,-0.7055,16381248,17184111035.0
2012-03-22,'000016,上证５０,1760.335,1770.415,1749.129,1759.319,1758.624,1.711,0.0973,16985324,17121591174.0
2012-03-21,'000016,上证５０,1758.624,1775.228,1750.081,1765.73,1755.725,2.899,0.1651,21143536,22816802594.0
2012-03-20,'000016,上证５０,1755.725,1775.94,1754.809,1774.986,1778.981,-23.256,-1.3073,21832446,22307708382.0
2012-03-19,'000016,上证５０,1778.981,1781.077,1760.343,1775.961,1780.076,-1.095,-0.0615,20652596,22962341422.0
2012-03-16,'000016,上证５０,1780.076,1781.209,1754.057,1764.762,1760.476,19.6,1.1133,19459334,21432330723.0
2012-03-15,'000016,上证５０,1760.476,1783.136,1759.092,1774.556,1776.407,-15.931,-0.8968,25533675,24688224337.0
2012-03-14,'000016,上证５０,1776.407,1831.856,1770.505,1823.115,1813.201,-36.794,-2.0292,38304463,37698420598.0
2012-03-13,'000016,上证５０,1813.201,1814.132,1793.887,1795.679,1796.937,16.264,0.9051,17035288,18221521460.0
2012-03-12,'000016,上证５０,1796.937,1810.59,1785.97,1810.095,1811.486,-14.549,-0.8032,20328768,22262530068.0
2012-03-09,'000016,上证５０,1811.486,1811.938,1794.34,1803.912,1798.1,13.386,0.7445,17309708,19867413784.0
2012-03-08,'000016,上证５０,1798.1,1804.909,1782.695,1782.695,1776.363,21.737,1.2237,19954715,21221439176.0
2012-03-07,'000016,上证５０,1776.363,1793.728,1774.508,1777.843,1794.264,-17.901,-0.9977,18853132,19243354900.0
2012-03-06,'000016,上证５０,1794.264,1824.352,1792.783,1822.521,1827.938,-33.674,-1.8422,23333947,24453059111.0
2012-03-05,'000016,上证５０,1827.938,1850.252,1826.776,1847.454,1843.848,-15.91,-0.8629,24262549,23886976539.0
2012-03-02,'000016,上证５０,1843.848,1844.077,1821.039,1821.039,1818.279,25.569,1.4062,23251539,23075601064.0
2012-03-01,'000016,上证５０,1818.279,1827.66,1813.447,1814.317,1822.769,-4.49,-0.2463,14237421,15160407068.0
2012-02-29,'000016,上证５０,1822.769,1841.565,1819.826,1835.773,1839.055,-16.286,-0.8856,20527453,22430984698.0
2012-02-28,'000016,上证５０,1839.055,1843.958,1826.098,1826.898,1828.408,10.647,0.5823,25687529,25622950028.0
2012-02-27,'000016,上证５０,1828.408,1851.357,1828.038,1833.444,1826.716,1.692,0.0926,35919727,35722943795.0
2012-02-24,'000016,上证５０,1826.716,1827.039,1797.048,1801.39,1799.644,27.072,1.5043,32001576,30445324144.0
2012-02-23,'000016,上证５０,1799.644,1805.671,1791.187,1794.348,1795.26,4.384,0.2442,23418448,23546631729.0
2012-02-22,'000016,上证５０,1795.26,1798.007,1772.428,1781.982,1779.94,15.32,0.8607,24083520,23446652553.0
2012-02-21,'000016,上证５０,1779.94,1780.559,1756.41,1772.247,1769.412,10.528,0.595,13532793,13834849720.0
2012-02-20,'000016,上证５０,1769.412,1792.506,1768.063,1790.39,1765.652,3.76,0.213,18156015,18885764023.0
2012-02-17,'000016,上证５０,1765.652,1778.627,1756.953,1774.189,1761.877,3.775,0.2143,12351480,12347860075.0
2012-02-16,'000016,上证５０,1761.877,1776.924,1751.357,1770.399,1773.169,-11.292,-0.6368,17181728,17006014781.0
2012-02-15,'000016,上证５０,1773.169,1784.237,1751.112,1753.784,1758.984,14.185,0.8064,18224436,19165036567.0
2012-02-14,'000016,上证５０,1758.984,1767.768,1747.83,1765.87,1768.539,-9.555,-0.5403,12775513,13194356723.0
2012-02-13,'000016,上证５０,1768.539,1786.477,1751.066,1757.02,1778.317,-9.778,-0.5498,17557923,16994977747.0
2012-02-10,'000016,上证５０,1778.317,1800.034,1770.805,1772.188,1778.097,0.22,0.0124,23482256,20972221791.0
2012-02-09,'000016,上证５０,1778.097,1789.078,1771.086,1781.154,1782.059,-3.962,-0.2223,19641196,21389844651.0
2012-02-08,'000016,上证５０,1782.059,1786.198,1729.543,1731.99,1732.024,50.035,2.8888,22114499,22752042078.0
2012-02-07,'000016,上证５０,1732.024,1756.304,1721.852,1753.384,1764.818,-32.794,-1.8582,14938529,14397210154.0
2012-02-06,'000016,上证５０,1764.818,1781.888,1753.434,1775.436,1772.192,-7.374,-0.4161,16663063,16256800163.0
2012-02-03,'000016,上证５０,1772.192,1780.222,1750.365,1756.147,1761.941,10.251,0.5818,19013624,19129273031.0
2012-02-02,'000016,上证５０,1761.941,1761.941,1714.246,1719.999,1713.684,48.257,2.816,17495141,17836381969.0
2012-02-01,'000016,上证５０,1713.684,1751.558,1709.536,1739.638,1744.708,-31.024,-1.7782,13526270,14193726576.0
2012-01-31,'000016,上证５０,1744.708,1754.766,1734.046,1744.216,1742.818,1.89,0.1084,13032093,13239423407.0
2012-01-30,'000016,上证５０,1742.818,1778.135,1742.278,1778.135,1775.091,-32.273,-1.8181,18884774,18407464137.0
2012-01-20,'000016,上证５０,1775.091,1779.0,1748.665,1756.779,1750.521,24.57,1.4036,22211599,22090544774.0
2012-01-19,'000016,上证５０,1750.521,1757.249,1713.95,1717.14,1714.699,35.822,2.0891,21808599,21973502030.0
2012-01-18,'000016,上证５０,1714.699,1750.109,1709.786,1736.289,1736.606,-21.907,-1.2615,21955716,23648660321.0
2012-01-17,'000016,上证５０,1736.606,1736.958,1649.039,1664.485,1661.994,74.612,4.4893,25662975,25533354215.0
2012-01-16,'000016,上证５０,1661.994,1689.839,1661.381,1676.143,1685.913,-23.919,-1.4188,11617615,13034129807.0
2012-01-13,'000016,上证５０,1685.913,1710.489,1671.291,1703.386,1701.452,-15.539,-0.9133,17531050,17659844431.0
2012-01-12,'000016,上证５０,1701.452,1717.802,1688.18,1690.392,1694.264,7.188,0.4243,17766371,17504501236.0
2012-01-11,'000016,上证５０,1694.264,1709.887,1686.644,1703.654,1704.744,-10.48,-0.6148,18430906,18803937162.0
2012-01-10,'000016,上证５０,1704.744,1707.597,1655.304,1658.198,1659.054,45.69,2.754,28517417,26442594973.0
2012-01-09,'000016,上证５０,1659.054,1659.582,1598.39,1608.491,1608.358,50.696,3.152,21627579,20009493676.0
2012-01-06,'000016,上证５０,1608.358,1609.207,1588.598,1595.731,1596.593,11.765,0.7369,13869973,11459377051.0
2012-01-05,'000016,上证５０,1596.593,1622.837,1590.537,1591.237,1595.12,1.473,0.0923,18078365,15109105146.0
2012-01-04,'000016,上证５０,1595.12,1631.255,1594.421,1628.168,1617.613,-22.493,-1.3905,12822705,11591786058.0
2011-12-30,'000016,上证５０,1617.613,1620.395,1602.316,1602.316,1596.587,21.026,1.3169,13122202,11093863203.0
2011-12-29,'000016,上证５０,1596.587,1604.198,1586.144,1588.037,1594.835,1.752,0.1099,10474705,8924013154.0
2011-12-28,'000016,上证５０,1594.835,1596.695,1571.513,1586.224,1590.995,3.84,0.2414,12078006,10122589640.0
2011-12-27,'000016,上证５０,1590.995,1613.956,1589.094,1599.408,1601.467,-10.472,-0.6539,9569049,8513275649.0
2011-12-26,'000016,上证５０,1601.467,1621.935,1600.501,1608.525,1617.944,-16.477,-1.0184,9966687,9221962955.0
2011-12-23,'000016,上证５０,1617.944,1632.54,1602.881,1606.294,1608.238,9.706,0.6035,11340570,10570646111.0
2011-12-22,'000016,上证５０,1608.238,1618.704,1584.15,1597.305,1604.251,3.987,0.2485,14267739,11942210689.0
2011-12-21,'000016,上证５０,1604.251,1643.844,1602.501,1637.365,1624.445,-20.194,-1.2431,11904536,10655675896.0
2011-12-20,'000016,上证５０,1624.445,1646.732,1617.278,1619.802,1625.257,-0.812,-0.05,12108649,10797366547.0
2011-12-19,'000016,上证５０,1625.257,1627.465,1584.304,1615.953,1628.999,-3.742,-0.2297,13820488,11773754353.0
2011-12-16,'000016,上证５０,1628.999,1629.971,1594.287,1598.07,1599.012,29.987,1.8753,13261997,12251798994.0
2011-12-15,'000016,上证５０,1599.012,1632.754,1598.379,1626.69,1637.009,-37.997,-2.3211,12535118,11624186791.0
2011-12-14,'000016,上证５０,1637.009,1654.884,1633.559,1643.017,1645.815,-8.806,-0.5351,8813060,8176105859.0
2011-12-13,'000016,上证５０,1645.815,1676.697,1643.898,1671.84,1678.698,-32.883,-1.9588,13306577,12332221250.0
2011-12-12,'000016,上证５０,1678.698,1692.534,1677.487,1689.722,1692.061,-13.363,-0.7897,7647060,7384935128.0
2011-12-09,'000016,上证５０,1692.061,1702.817,1687.849,1690.053,1701.68,-9.619,-0.5653,8058700,8284922281.0
2011-12-08,'000016,上证５０,1701.68,1716.267,1684.762,1701.285,1702.454,-0.774,-0.0455,9668597,9607363920.0
2011-12-07,'000016,上证５０,1702.454,1706.947,1687.761,1691.436,1689.01,13.444,0.796,8948663,8969672813.0
2011-12-06,'000016,上证５０,1689.01,1697.606,1681.592,1690.464,1694.496,-5.486,-0.3238,9770044,9524198681.0
2011-12-05,'000016,上证５０,1694.496,1711.912,1688.554,1708.957,1704.457,-9.961,-0.5844,12438514,11864071638.0
2011-12-02,'000016,上证５０,1704.457,1711.497,1692.42,1705.305,1713.048,-8.591,-0.5015,11264238,10882499874.0
2011-12-01,'000016,上证５０,1713.048,1745.928,1708.116,1717.715,1662.748,50.3,3.0251,27007357,26675643957.0
2011-11-30,'000016,上证５０,1662.748,1712.696,1657.631,1709.35,1716.095,-53.347,-3.1086,14433324,13638288931.0
2011-11-29,'000016,上证５０,1716.095,1717.554,1699.173,1708.183,1693.668,22.427,1.3242,9754910,10339452354.0
2011-11-28,'000016,上证５０,1693.668,1707.17,1689.059,1698.297,1691.671,1.997,0.118,7888404,8699407481.0
2011-11-25,'000016,上证５０,1691.671,1709.078,1686.995,1701.686,1704.691,-13.02,-0.7638,7423627,7935161148.0
2011-11-24,'000016,上证５０,1704.691,1716.053,1685.902,1688.783,1701.065,3.626,0.2132,9665787,9742633768.0
2011-11-23,'000016,上证５０,1701.065,1726.665,1697.156,1724.363,1722.234,-21.169,-1.2292,9955157,10226769463.0
2011-11-22,'000016,上证５０,1722.234,1724.398,1705.203,1710.985,1721.386,0.848,0.0493,9385457,10069041148.0
2011-11-21,'000016,上证５０,1721.386,1725.425,1706.578,1722.906,1720.764,0.622,0.0361,9377582,9497354558.0
2011-11-18,'000016,上证５０,1720.764,1743.972,1716.698,1735.994,1748.447,-27.683,-1.5833,13167270,13427602300.0
2011-11-17,'000016,上证５０,1748.447,1763.615,1746.847,1757.486,1755.415,-6.968,-0.3969,11045417,11407629841.0
2011-11-16,'000016,上证５０,1755.415,1807.782,1746.771,1807.197,1808.176,-52.761,-2.9179,18744140,19328335179.0
2011-11-15,'000016,上证５０,1808.176,1816.786,1801.091,1812.984,1816.057,-7.881,-0.434,12821976,14089328361.0
2011-11-14,'000016,上证５０,1816.057,1820.176,1792.323,1795.812,1779.514,36.543,2.0535,15535637,16288896656.0
2011-11-11,'000016,上证５０,1779.514,1792.467,1773.249,1785.552,1781.911,-2.397,-0.1345,11708221,11058655196.0
2011-11-10,'000016,上证５０,1781.911,1806.331,1781.153,1801.063,1821.756,-39.845,-2.1872,17430390,16103498214.0
2011-11-09,'000016,上证５０,1821.756,1827.775,1799.314,1816.962,1808.609,13.147,0.7269,15698569,14978744927.0
2011-11-08,'000016,上证５０,1808.609,1824.778,1806.229,1815.865,1809.798,-1.189,-0.0657,16541326,15830925788.0
2011-11-07,'000016,上证５０,1809.798,1831.179,1807.601,1822.938,1831.755,-21.957,-1.1987,14762364,15599524462.0
2011-11-04,'000016,上证５０,1831.755,1843.95,1823.573,1837.834,1819.042,12.713,0.6989,20621639,20682367943.0
2011-11-03,'000016,上证５０,1819.042,1842.768,1817.845,1831.137,1825.453,-6.411,-0.3512,27006072,28509065855.0
2011-11-02,'000016,上证５０,1825.453,1826.504,1767.073,1769.672,1795.392,30.061,1.6743,22480139,21972556191.0
2011-11-01,'000016,上证５０,1795.392,1817.009,1774.662,1777.463,1792.051,3.341,0.1864,19116514,18970610799.0
2011-10-31,'000016,上证５０,1792.051,1804.653,1783.871,1802.841,1807.056,-15.005,-0.8304,17449738,17070765061.0
2011-10-28,'000016,上证５０,1807.056,1827.02,1796.747,1800.865,1774.506,32.55,1.8343,29939992,29050534257.0
2011-10-27,'000016,上证５０,1774.506,1779.518,1765.0,1770.376,1765.628,8.878,0.5028,17112432,16801732260.0
2011-10-26,'000016,上证５０,1765.628,1784.972,1742.514,1744.345,1751.677,13.951,0.7964,26964187,24859327792.0
2011-10-25,'000016,上证５０,1751.677,1758.253,1714.41,1726.155,1729.033,22.644,1.3096,22395285,21432538978.0
2011-10-24,'000016,上证５０,1729.033,1732.733,1677.725,1683.71,1676.097,52.936,3.1583,21147411,19065372458.0
2011-10-21,'000016,上证５０,1676.097,1691.974,1670.215,1675.782,1674.027,2.07,0.1237,12411519,11344408236.0
2011-10-20,'000016,上证５０,1674.027,1702.738,1660.894,1698.779,1708.946,-34.919,-2.0433,15354191,14493328364.0
2011-10-19,'000016,上证５０,1708.946,1729.229,1706.558,1715.15,1709.283,-0.337,-0.0197,12019614,11850287664.0
2011-10-18,'000016,上证５０,1709.283,1746.973,1705.919,1742.094,1757.056,-47.773,-2.7189,15433243,14060697221.0
2011-10-17,'000016,上证５０,1757.056,1770.261,1744.134,1748.079,1745.214,11.842,0.6785,13995038,13757237560.0
2011-10-14,'000016,上证５０,1745.214,1749.015,1726.592,1741.886,1746.935,-1.721,-0.0985,13481832,12174840792.0
2011-10-13,'000016,上证５０,1746.935,1751.286,1726.784,1732.072,1737.358,9.577,0.5512,21101851,19610240479.0
2011-10-12,'000016,上证５０,1737.358,1739.317,1657.346,1666.804,1675.42,61.938,3.6969,27283618,24403242893.0
2011-10-11,'000016,上证５０,1675.42,1726.43,1659.726,1720.147,1669.348,6.072,0.3637,19114804,18226335018.0
2011-10-10,'000016,上证５０,1669.348,1693.156,1666.102,1688.411,1684.497,-15.149,-0.8993,11448922,10340092194.0
2011-09-30,'000016,上证５０,1684.497,1702.781,1678.424,1693.463,1689.538,-5.041,-0.2984,13486790,12503008539.0
2011-09-29,'000016,上证５０,1689.538,1703.828,1679.202,1684.822,1695.837,-6.299,-0.3714,13532896,13322451588.0
2011-09-28,'000016,上证５０,1695.837,1725.973,1690.845,1722.611,1710.987,-15.15,-0.8855,12167434,12551372949.0
2011-09-27,'000016,上证５０,1710.987,1721.158,1697.271,1707.996,1689.931,21.056,1.246,13166515,13190720839.0
2011-09-26,'000016,上证５０,1689.931,1743.787,1684.84,1724.034,1740.322,-50.391,-2.8955,16031800,17358854585.0
2011-09-23,'000016,上证５０,1740.322,1748.263,1714.207,1726.315,1750.611,-10.289,-0.5877,17192883,17643791966.0
2011-09-22,'000016,上证５０,1750.611,1797.337,1749.685,1790.698,1808.37,-57.759,-3.194,17384537,16988195948.0
2011-09-21,'000016,上证５０,1808.37,1814.55,1749.381,1758.735,1757.641,50.729,2.8862,20566627,20938562719.0
2011-09-20,'000016,上证５０,1757.641,1766.061,1740.912,1748.198,1749.705,7.936,0.4536,9603734,9742935842.0
2011-09-19,'000016,上证５０,1749.705,1772.293,1749.216,1772.293,1784.934,-35.229,-1.9737,11173488,10674295652.0
2011-09-16,'000016,上证５０,1784.934,1798.015,1778.846,1790.308,1779.684,5.25,0.295,10598144,10402101847.0
2011-09-15,'000016,上证５０,1779.684,1799.108,1779.322,1787.093,1787.115,-7.431,-0.4158,12650526,11998401563.0
2011-09-14,'000016,上证５０,1787.115,1792.993,1753.558,1789.873,1783.181,3.934,0.2206,12465577,12562537619.0
2011-09-13,'000016,上证５０,1783.181,1787.729,1768.882,1775.216,1800.934,-17.753,-0.9858,10984081,11514380188.0
2011-09-09,'000016,上证５０,1800.934,1827.474,1791.896,1809.512,1799.784,1.15,0.0639,11038680,11249405672.0
2011-09-08,'000016,上证５０,1799.784,1820.415,1798.992,1820.113,1813.864,-14.08,-0.7762,8883493,9235739670.0
2011-09-07,'000016,上证５０,1813.864,1816.149,1781.791,1787.093,1779.518,34.346,1.9301,12641629,12749836542.0
2011-09-06,'000016,上证５０,1779.518,1789.032,1770.371,1776.81,1786.465,-6.947,-0.3889,12083635,12085222925.0
2011-09-05,'000016,上证５０,1786.465,1805.885,1783.953,1805.885,1820.676,-34.211,-1.879,12839515,13365549740.0
2011-09-02,'000016,上证５０,1820.676,1841.749,1811.267,1836.205,1840.371,-19.695,-1.0702,11404027,11219174998.0
2011-09-01,'000016,上证５０,1840.371,1859.823,1834.701,1845.465,1841.539,-1.168,-0.0634,11876163,12672017505.0
2011-08-31,'000016,上证５０,1841.539,1847.579,1826.709,1836.976,1835.072,6.467,0.3524,12003855,12802742854.0
2011-08-30,'000016,上证５０,1835.072,1871.642,1831.435,1850.99,1836.877,-1.805,-0.0983,16731186,16962977285.0
2011-08-29,'000016,上证５０,1836.877,1856.744,1833.607,1856.744,1876.334,-39.457,-2.1029,17713797,17889280094.0
2011-08-26,'000016,上证５０,1876.334,1879.609,1858.334,1867.319,1878.479,-2.145,-0.1142,17999115,18258234142.0
2011-08-25,'000016,上证５０,1878.479,1878.676,1811.358,1813.092,1806.79,71.689,3.9678,33100518,31952844423.0
2011-08-24,'000016,上证５０,1806.79,1832.239,1802.451,1828.042,1821.192,-14.402,-0.7908,12932481,14258550553.0
2011-08-23,'000016,上证５０,1821.192,1821.442,1788.082,1797.195,1790.136,31.056,1.7348,12680405,13186768527.0
2011-08-22,'000016,上证５０,1790.136,1820.518,1782.973,1808.061,1806.283,-16.147,-0.8939,12387369,13866657866.0
2011-08-19,'000016,上证５０,1806.283,1811.871,1792.457,1798.806,1824.857,-18.574,-1.0178,16766318,18040381264.0
2011-08-18,'000016,上证５０,1824.857,1863.294,1822.194,1861.287,1858.303,-33.446,-1.7998,13761736,15950234279.0
2011-08-17,'000016,上证５０,1858.303,1873.347,1855.277,1863.168,1862.892,-4.589,-0.2463,12839831,13399839033.0
2011-08-16,'000016,上证５０,1862.892,1886.235,1856.975,1872.997,1872.389,-9.497,-0.5072,18205039,19765719073.0
2011-08-15,'000016,上证５０,1872.389,1872.791,1831.98,1842.125,1838.159,34.23,1.8622,18818715,19267673129.0
2011-08-12,'000016,上证５０,1838.159,1849.998,1833.892,1848.127,1840.289,-2.13,-0.1157,16870138,18756682345.0
2011-08-11,'000016,上证５０,1840.289,1843.139,1789.234,1789.962,1814.667,25.622,1.4119,20981100,23118198328.0
2011-08-10,'000016,上证５０,1814.667,1837.416,1810.45,1832.091,1801.822,12.845,0.7129,22275996,23907049430.0
2011-08-09,'000016,上证５０,1801.822,1810.858,1741.099,1752.738,1794.431,7.391,0.4119,28976201,31350232429.0
2011-08-08,'000016,上证５０,1794.431,1848.511,1769.99,1832.662,1850.143,-55.712,-3.0112,28642386,30853627773.0
2011-08-05,'000016,上证５０,1850.143,1863.63,1841.013,1849.905,1895.43,-45.287,-2.3893,18228960,20509472206.0
2011-08-04,'000016,上证５０,1895.43,1911.508,1890.906,1898.45,1893.003,2.427,0.1282,10030752,12322242574.0
2011-08-03,'000016,上证５０,1893.003,1901.713,1877.491,1879.822,1894.323,-1.32,-0.0697,12677866,15250928314.0
2011-08-02,'000016,上证５０,1894.323,1897.201,1874.556,1897.201,1909.952,-15.629,-0.8183,12529351,14648529622.0
2011-08-01,'000016,上证５０,1909.952,1919.884,1898.368,1905.904,1908.213,1.739,0.0911,12165634,13817841472.0
2011-07-29,'000016,上证５０,1908.213,1926.195,1885.625,1901.947,1900.219,7.994,0.4207,18469802,19597769435.0
2011-07-28,'000016,上证５０,1900.219,1906.669,1886.898,1902.932,1918.787,-18.568,-0.9677,17169583,20743224031.0
2011-07-27,'000016,上证５０,1918.787,1920.32,1899.2,1905.038,1914.154,4.633,0.242,17164597,18640074406.0
2011-07-26,'000016,上证５０,1914.154,1919.614,1904.561,1909.334,1909.813,4.341,0.2273,14066929,14348746328.0
2011-07-25,'000016,上证５０,1909.813,1955.191,1904.445,1954.315,1964.828,-55.015,-2.8,24480686,25117011128.0
2011-07-22,'000016,上证５０,1964.828,1974.49,1959.757,1966.118,1961.302,3.526,0.1798,12873319,15126940724.0
2011-07-21,'000016,上证５０,1961.302,1989.418,1959.853,1984.752,1983.668,-22.366,-1.1275,16302293,18095836343.0
2011-07-20,'000016,上证５０,1983.668,2002.202,1974.371,1999.838,1988.297,-4.629,-0.2328,15857211,18167791922.0
2011-07-19,'000016,上证５０,1988.297,1997.518,1983.957,1994.376,2002.826,-14.529,-0.7254,18934542,21984092355.0
2011-07-18,'000016,上证５０,2002.826,2014.707,1996.776,2013.463,2012.032,-9.206,-0.4575,19234450,21038193799.0
2011-07-15,'000016,上证５０,2012.032,2014.247,1992.203,1998.585,2005.752,6.28,0.3131,20772349,22916025938.0
2011-07-14,'000016,上证５０,2005.752,2012.385,1992.821,2002.463,1998.413,7.339,0.3672,22350139,26041672868.0
2011-07-13,'000016,上证５０,1998.413,2003.811,1973.076,1973.076,1968.076,30.337,1.5415,20243312,22240423004.0
2011-07-12,'000016,上证５０,1968.076,1994.937,1966.466,1994.937,2010.689,-42.613,-2.1193,19624801,22352100682.0
2011-07-11,'000016,上证５０,2010.689,2015.501,1996.023,2006.067,2014.733,-4.044,-0.2007,15700922,19121702113.0
2011-07-08,'000016,上证５０,2014.733,2026.107,2002.249,2010.516,2006.141,8.592,0.4283,19569026,21833611745.0
2011-07-07,'000016,上证５０,2006.141,2038.118,2005.438,2030.038,2017.172,-11.031,-0.5469,27595062,32916054750.0
2011-07-06,'000016,上证５０,2017.172,2025.397,1997.99,2025.397,2029.623,-12.451,-0.6135,22343952,25533887292.0
2011-07-05,'000016,上证５０,2029.623,2040.086,2018.53,2034.812,2033.855,-4.232,-0.2081,24088427,26692451197.0
2011-07-04,'000016,上证５０,2033.855,2035.745,1996.255,1996.255,1986.03,47.825,2.4081,28501545,36205559688.0
2011-07-01,'000016,上证５０,1986.03,2002.04,1978.457,1994.088,1989.433,-3.403,-0.1711,20329962,24311395768.0
2011-06-30,'000016,上证５０,1989.433,2003.643,1965.056,1965.056,1960.771,28.662,1.4618,22097969,24575171779.0
2011-06-29,'000016,上证５０,1960.771,1992.004,1959.556,1991.473,1993.723,-32.952,-1.6528,20461469,20481077477.0
2011-06-28,'000016,上证５０,1993.723,1998.555,1975.626,1996.226,1994.583,-0.86,-0.0431,17375925,21442965065.0
2011-06-27,'000016,上证５０,1994.583,2007.783,1984.902,1994.991,1997.298,-2.715,-0.1359,20516601,22307237332.0
2011-06-24,'000016,上证５０,1997.298,2009.965,1938.328,1940.088,1950.874,46.424,2.3797,31247138,36426220263.0
2011-06-23,'000016,上证５０,1950.874,1956.754,1911.838,1916.967,1923.562,27.312,1.4199,16368103,18177959550.0
2011-06-22,'000016,上证５０,1923.562,1932.554,1913.724,1927.106,1923.816,-0.254,-0.0132,13777196,14312382758.0
2011-06-21,'000016,上证５０,1923.816,1925.153,1906.797,1910.501,1904.8,19.016,0.9983,15589255,17709152523.0
2011-06-20,'000016,上证５０,1904.8,1915.539,1896.982,1910.285,1912.379,-7.579,-0.3963,15165620,16265999206.0
2011-06-17,'000016,上证５０,1912.379,1935.565,1910.994,1926.445,1927.047,-14.668,-0.7612,14969506,18967299212.0
2011-06-16,'000016,上证５０,1927.047,1942.811,1925.977,1938.992,1952.076,-25.029,-1.2822,13486862,14609186266.0
2011-06-15,'000016,上证５０,1952.076,1971.243,1951.277,1963.978,1970.099,-18.023,-0.9148,14629167,17217343684.0
2011-06-14,'000016,上证５０,1970.099,1977.131,1939.469,1944.232,1945.72,24.379,1.253,21585257,23391972235.0
2011-06-13,'000016,上证５０,1945.72,1950.313,1924.937,1936.055,1951.031,-5.311,-0.2722,13154942,15339784844.0
2011-06-10,'000016,上证５０,1951.031,1953.901,1930.338,1945.105,1947.875,3.156,0.162,13308915,16642906727.0
2011-06-09,'000016,上证５０,1947.875,1977.512,1947.576,1974.112,1980.672,-32.797,-1.6559,14906275,18200036431.0
2011-06-08,'000016,上证５０,1980.672,1985.06,1956.309,1985.06,1984.446,-3.774,-0.1902,13904867,17486022182.0
2011-06-07,'000016,上证５０,1984.446,1986.12,1965.213,1968.172,1974.951,9.495,0.4808,11121255,15795353296.0
2011-06-03,'000016,上证５０,1974.951,1978.991,1958.298,1959.036,1963.052,11.899,0.6061,13177429,15968154341.0
2011-06-02,'000016,上证５０,1963.052,1991.896,1943.97,1982.851,2002.659,-39.607,-1.9777,22295702,24953656089.0
2011-06-01,'000016,上证５０,2002.659,2007.089,1997.88,2004.997,2010.564,-7.905,-0.3932,13459458,16399734582.0
2011-05-31,'000016,上证５０,2010.564,2011.314,1977.895,1983.159,1980.74,29.824,1.5057,14038109,18809363811.0
2011-05-30,'000016,上证５０,1980.74,1993.786,1968.301,1974.535,1976.693,4.047,0.2047,13190038,15137179563.0
2011-05-27,'000016,上证５０,1976.693,1993.701,1973.477,1976.646,1974.328,2.365,0.1198,15024425,18262032732.0
2011-05-26,'000016,上证５０,1974.328,1990.763,1972.473,1985.567,1971.097,3.231,0.1639,11862354,16316084616.0
2011-05-25,'000016,上证５０,1971.097,1997.439,1969.742,1993.101,1995.273,-24.176,-1.2117,13896082,16864769098.0
2011-05-24,'000016,上证５０,1995.273,1999.394,1986.335,1989.834,1993.067,2.206,0.1107,13622921,18671015781.0
2011-05-23,'000016,上证５０,1993.067,2047.774,1990.86,2047.774,2052.544,-59.477,-2.8977,19832718,22675446952.0
2011-05-20,'000016,上证５０,2052.544,2059.691,2043.915,2046.068,2046.113,6.431,0.3143,12097915,15550740236.0
2011-05-19,'000016,上证５０,2046.113,2065.963,2043.663,2059.656,2053.637,-7.524,-0.3664,12623062,16095232021.0
2011-05-18,'000016,上证５０,2053.637,2059.162,2026.721,2029.257,2033.78,19.857,0.9764,13509710,16768179275.0
2011-05-17,'000016,上证５０,2033.78,2049.811,2009.564,2018.302,2019.536,14.244,0.7053,15740505,19638976391.0
2011-05-16,'000016,上证５０,2019.536,2047.484,2017.912,2036.317,2043.259,-23.723,-1.161,13994318,16024016297.0
2011-05-13,'000016,上证５０,2043.259,2043.98,2012.38,2024.376,2021.283,21.976,1.0872,17152647,19155499506.0
2011-05-12,'000016,上证５０,2021.283,2044.592,2020.418,2035.241,2048.342,-27.059,-1.321,13910164,17739612092.0
2011-05-11,'000016,上证５０,2048.342,2062.903,2041.066,2056.735,2057.666,-9.324,-0.4531,13604740,17216909043.0
2011-05-10,'000016,上证５０,2057.666,2058.189,2033.469,2040.692,2036.764,20.902,1.0262,11707781,16263611114.0
2011-05-09,'000016,上证５０,2036.764,2051.988,2029.478,2041.352,2037.748,-0.984,-0.0483,13194346,16218200941.0
2011-05-06,'000016,上证５０,2037.748,2053.695,2021.985,2026.885,2050.069,-12.321,-0.601,17256440,21069390710.0
2011-05-05,'000016,上证５０,2050.069,2056.718,2036.972,2045.498,2056.699,-6.63,-0.3224,21014900,21669168036.0
2011-05-04,'000016,上证５０,2056.699,2103.277,2052.901,2101.63,2114.417,-57.718,-2.7297,23518897,28491181101.0
2011-05-03,'000016,上证５０,2114.417,2117.834,2092.862,2111.228,2113.871,0.546,0.0258,16853463,19616816689.0
2011-04-29,'000016,上证５０,2113.871,2116.004,2084.646,2110.782,2111.489,2.382,0.1128,21660712,23551449130.0
2011-04-28,'000016,上证５０,2111.489,2150.801,2109.827,2128.134,2113.012,-1.523,-0.0721,26007246,27832850987.0
2011-04-27,'000016,上证５０,2113.012,2138.165,2101.088,2127.472,2118.326,-5.314,-0.2509,23240354,23766002001.0
2011-04-26,'000016,上证５０,2118.326,2134.943,2111.577,2123.059,2127.462,-9.136,-0.4294,20963315,25982877164.0
2011-04-25,'000016,上证５０,2127.462,2149.048,2122.877,2147.588,2151.669,-24.207,-1.125,24263882,31109708537.0
2011-04-22,'000016,上证５０,2151.669,2169.489,2145.386,2161.22,2160.699,-9.03,-0.4179,21641855,25291500713.0
2011-04-21,'000016,上证５０,2160.699,2173.165,2149.908,2158.218,2144.274,16.425,0.766,23165389,26781445969.0
2011-04-20,'000016,上证５０,2144.274,2162.11,2134.835,2156.083,2151.957,-7.683,-0.357,24734854,29013734540.0
2011-04-19,'000016,上证５０,2151.957,2186.18,2151.8,2186.18,2201.371,-49.414,-2.2447,26223312,29051635858.0
2011-04-18,'000016,上证５０,2201.371,2214.52,2186.554,2192.29,2201.086,0.285,0.0129,30167247,32736404243.0
2011-04-15,'000016,上证５０,2201.086,2214.838,2176.988,2183.453,2190.147,10.939,0.4995,28804443,32464604839.0
2011-04-14,'000016,上证５０,2190.147,2209.293,2186.201,2200.397,2199.229,-9.082,-0.413,35239345,37368202146.0
2011-04-13,'000016,上证５０,2199.229,2199.229,2146.072,2153.927,2165.833,33.396,1.5419,31106267,35627512668.0
2011-04-12,'000016,上证５０,2165.833,2182.065,2153.398,2167.72,2175.964,-10.131,-0.4656,33721693,39604823534.0
2011-04-11,'000016,上证５０,2175.964,2212.452,2174.437,2191.931,2185.316,-9.352,-0.4279,40760983,50096750244.0
2011-04-08,'000016,上证５０,2185.316,2187.553,2167.692,2172.262,2174.401,10.915,0.502,27381492,34584651911.0
2011-04-07,'000016,上证５０,2174.401,2185.259,2165.818,2178.563,2175.778,-1.377,-0.0633,34750743,39999110353.0
2011-04-06,'000016,上证５０,2175.778,2180.984,2130.077,2130.077,2126.451,49.327,2.3197,52801484,60827919131.0
2011-04-01,'000016,上证５０,2126.451,2126.826,2085.861,2086.98,2083.748,42.703,2.0493,24984207,30828380311.0
2011-03-31,'000016,上证５０,2083.748,2109.328,2076.545,2102.696,2101.44,-17.692,-0.8419,22594957,27697595283.0
2011-03-30,'000016,上证５０,2101.44,2113.386,2085.076,2097.945,2097.564,3.876,0.1848,29059561,35112365981.0
2011-03-29,'000016,上证５０,2097.564,2130.06,2093.363,2105.207,2103.043,-5.479,-0.2605,39787468,44661718636.0
2011-03-28,'000016,上证５０,2103.043,2126.526,2100.98,2105.093,2096.286,6.757,0.3223,35247678,41085575876.0
2011-03-25,'000016,上证５０,2096.286,2105.183,2066.905,2067.456,2064.165,32.121,1.5561,32835684,39724109464.0
2011-03-24,'000016,上证５０,2064.165,2080.627,2063.125,2077.841,2074.808,-10.643,-0.513,18927570,23190490722.0
2011-03-23,'000016,上证５０,2074.808,2077.71,2048.353,2052.497,2054.753,20.055,0.976,24779272,29670711424.0
2011-03-22,'000016,上证５０,2054.753,2059.916,2022.682,2044.488,2036.231,18.522,0.9096,21024725,25201358435.0
2011-03-21,'000016,上证５０,2036.231,2051.272,2028.421,2040.1,2034.485,1.746,0.0858,19841001,25245862105.0
2011-03-18,'000016,上证５０,2034.485,2048.36,2030.161,2043.246,2023.047,11.438,0.5654,21058400,27354465636.0
2011-03-17,'000016,上证５０,2023.047,2047.406,2016.112,2030.703,2048.93,-25.883,-1.2632,25812505,34180876855.0
2011-03-16,'000016,上证５０,2048.93,2053.404,2021.204,2021.204,2018.389,30.541,1.5131,23318580,31082544105.0
2011-03-15,'000016,上证５０,2018.389,2045.417,1989.646,2045.417,2053.52,-35.131,-1.7108,30865228,36493981768.0
2011-03-14,'000016,上证５０,2053.52,2056.912,2039.593,2045.669,2049.113,4.407,0.2151,18541106,22422119061.0
2011-03-11,'000016,上证５０,2049.113,2075.384,2044.003,2061.773,2071.724,-22.611,-1.0914,21199120,27708896655.0
2011-03-10,'000016,上证５０,2071.724,2114.485,2070.473,2114.485,2120.211,-48.487,-2.2869,28888867,38022502758.0
2011-03-09,'000016,上证５０,2120.211,2139.235,2113.531,2129.698,2123.781,-3.57,-0.1681,26517957,33988584073.0
2011-03-08,'000016,上证５０,2123.781,2135.853,2108.038,2123.75,2123.28,0.501,0.0236,30339103,41101260033.0
2011-03-07,'000016,上证５０,2123.28,2127.104,2092.317,2092.317,2080.143,43.137,2.0738,45597237,59123758420.0
2011-03-04,'000016,上证５０,2080.143,2083.295,2049.735,2053.008,2051.649,28.494,1.3888,32055863,38260164651.0
2011-03-03,'000016,上证５０,2051.649,2083.238,2042.154,2046.296,2040.892,10.757,0.5271,49165831,54301044720.0
2011-03-02,'000016,上证５０,2040.892,2050.159,2019.483,2024.225,2035.365,5.527,0.2715,30908063,40175976822.0
2011-03-01,'000016,上证５０,2035.365,2048.976,2020.527,2022.72,2021.849,13.516,0.6685,31027443,39193673209.0
2011-02-28,'000016,上证５０,2021.849,2023.888,1990.58,2009.085,2006.66,15.189,0.7569,22939606,30829213330.0
2011-02-25,'000016,上证５０,2006.66,2019.453,1985.765,2003.398,2002.832,3.828,0.1911,21377672,27860801750.0
2011-02-24,'000016,上证５０,2002.832,2008.888,1985.798,1993.884,1995.679,7.153,0.3584,23005708,28901415549.0
2011-02-23,'000016,上证５０,1995.679,1998.087,1981.186,1984.118,1991.013,4.666,0.2344,25538092,31210602641.0
2011-02-22,'000016,上证５０,1991.013,2053.332,1989.728,2051.813,2046.085,-55.072,-2.6916,38014085,44240040252.0
2011-02-21,'000016,上证５０,2046.085,2046.744,2017.642,2019.559,2030.318,15.767,0.7766,27144923,29939761142.0
2011-02-18,'000016,上证５０,2030.318,2047.888,2025.344,2043.68,2046.975,-16.657,-0.8137,23250147,28236902683.0
2011-02-17,'000016,上证５０,2046.975,2065.773,2035.366,2054.884,2051.488,-4.513,-0.22,28836922,36008845612.0
2011-02-16,'000016,上证５０,2051.488,2051.819,2023.864,2038.4,2042.644,8.844,0.433,32817023,38727065833.0
2011-02-15,'000016,上证５０,2042.644,2070.944,2040.912,2050.021,2047.694,-5.05,-0.2466,42065145,49098245351.0
2011-02-14,'000016,上证５０,2047.694,2053.02,1976.279,1976.279,1976.473,71.221,3.6034,48887723,52648992889.0
2011-02-11,'000016,上证５０,1976.473,1982.39,1964.989,1972.445,1975.98,0.493,0.0249,25333905,28220139685.0
2011-02-10,'000016,上证５０,1975.98,1977.009,1932.13,1939.716,1943.001,32.979,1.6973,20046924,23018226804.0
2011-02-09,'000016,上证５０,1943.001,1976.758,1940.381,1958.247,1968.687,-25.686,-1.3047,19742396,22202138430.0
2011-02-01,'000016,上证５０,1968.687,1972.992,1959.322,1968.713,1964.106,4.581,0.2332,17292542,19820942599.0
2011-01-31,'000016,上证５０,1964.106,1965.561,1941.079,1944.739,1945.141,18.965,0.975,22762216,23760658937.0
2011-01-28,'000016,上证５０,1945.141,1952.844,1929.875,1944.396,1949.372,-4.231,-0.217,23760260,24494265093.0
2011-01-27,'000016,上证５０,1949.372,1954.918,1899.895,1911.103,1926.036,23.336,1.2116,30547123,30327660185.0
2011-01-26,'000016,上证５０,1926.036,1929.318,1910.655,1912.345,1911.306,14.73,0.7707,14640722,15243838872.0
2011-01-25,'000016,上证５０,1911.306,1921.54,1899.055,1910.225,1911.754,-0.448,-0.0234,19698577,19669349901.0
2011-01-24,'000016,上证５０,1911.754,1937.378,1905.698,1926.39,1925.838,-14.084,-0.7313,25725740,23841911028.0
2011-01-21,'000016,上证５０,1925.838,1959.97,1890.756,1890.756,1895.004,30.834,1.6271,30299856,28405308468.0
2011-01-20,'000016,上证５０,1895.004,1947.806,1894.384,1947.806,1953.352,-58.348,-2.9871,21318548,22960969983.0
2011-01-19,'000016,上证５０,1953.352,1954.285,1913.106,1923.54,1923.695,29.657,1.5417,19264884,21155259516.0
2011-01-18,'000016,上证５０,1923.695,1929.774,1905.456,1915.761,1918.422,5.273,0.2749,16923493,18046328343.0
2011-01-17,'000016,上证５０,1918.422,1978.143,1912.07,1968.953,1982.623,-64.201,-3.2382,27484599,29934147866.0
2011-01-14,'000016,上证５０,1982.623,2006.647,1978.503,2005.309,2014.167,-31.544,-1.5661,20533743,23559236388.0
2011-01-13,'000016,上证５０,2014.167,2026.151,2007.949,2024.705,2017.149,-2.982,-0.1478,22306953,23931252479.0
2011-01-12,'000016,上证５０,2017.149,2021.369,1987.418,2006.05,1999.764,17.385,0.8694,26308610,26791197821.0
2011-01-11,'000016,上证５０,1999.764,2004.031,1968.219,1969.487,1975.744,24.02,1.2157,25144175,26619829405.0
2011-01-10,'000016,上证５０,1975.744,2019.711,1973.803,2001.395,2006.374,-30.63,-1.5266,27527538,29511562005.0
2011-01-07,'000016,上证５０,2006.374,2035.88,1969.322,1983.235,1984.278,22.096,1.1136,39593447,45506797014.0
2011-01-06,'000016,上证５０,1984.278,2010.557,1978.824,1999.749,1999.219,-14.941,-0.7473,20918601,29518584156.0
2011-01-05,'000016,上证５０,1999.219,2011.508,1993.206,1999.184,2015.112,-15.893,-0.7887,28873168,35826087862.0
2011-01-04,'000016,上证５０,2015.112,2021.931,1985.321,1994.362,1977.366,37.746,1.9089,32892510,42492571399.0
2010-12-31,'000016,上证５０,1977.366,1978.039,1946.337,1949.261,1946.515,30.851,1.5849,25632224,28370012279.0
2010-12-30,'000016,上证５０,1946.515,1957.638,1925.231,1954.089,1953.334,-6.819,-0.3491,22791942,22655366127.0
2010-12-29,'000016,上证５０,1953.334,1960.151,1936.268,1954.472,1950.329,3.005,0.1541,18613057,18952829880.0
2010-12-28,'000016,上证５０,1950.329,1979.159,1949.0,1969.454,1977.692,-27.363,-1.3836,21544082,23170829077.0
2010-12-27,'000016,上证５０,1977.692,2045.235,1974.277,2028.554,2013.25,-35.558,-1.7662,27810872,32476957954.0
2010-12-24,'000016,上证５０,2013.25,2025.044,1994.431,2003.82,2017.665,-4.415,-0.2188,21113643,22879214278.0
2010-12-23,'000016,上证５０,2017.665,2048.992,2008.046,2018.401,2021.976,-4.311,-0.2132,23418816,24551079769.0
2010-12-22,'000016,上证５０,2021.976,2057.977,2012.641,2051.802,2049.223,-27.247,-1.3296,23683018,27126029327.0
2010-12-21,'000016,上证５０,2049.223,2052.549,1996.784,2004.178,1999.525,49.698,2.4855,27631616,31499545566.0
2010-12-20,'000016,上证５０,1999.525,2045.032,1969.98,2039.286,2032.138,-32.613,-1.6049,23815164,27612777762.0
2010-12-17,'000016,上证５０,2032.138,2036.85,2023.89,2036.507,2036.554,-4.416,-0.2168,15554315,18732328920.0
2010-12-16,'000016,上证５０,2036.554,2056.49,2032.807,2053.031,2054.017,-17.463,-0.8502,21210969,23585059476.0
2010-12-15,'000016,上证５０,2054.017,2076.333,2052.268,2070.055,2069.921,-15.904,-0.7683,25431755,29334271123.0
2010-12-14,'000016,上证５０,2069.921,2084.194,2064.182,2078.195,2074.334,-4.413,-0.2127,30703315,32688855163.0
2010-12-13,'000016,上证５０,2074.334,2074.575,2021.808,2027.448,2021.651,52.683,2.6059,38802108,41746060630.0
2010-12-10,'000016,上证５０,2021.651,2026.64,1985.176,1988.07,1996.384,25.267,1.2656,22109628,24117240208.0
2010-12-09,'000016,上证５０,1996.384,2026.275,1994.447,2007.766,2018.461,-22.077,-1.0938,25003675,25680277398.0
2010-12-08,'000016,上证５０,2018.461,2050.751,2016.06,2040.024,2046.723,-28.262,-1.3808,21999582,26545444375.0
2010-12-07,'000016,上证５０,2046.723,2056.063,2000.195,2023.52,2032.03,14.693,0.7231,22717462,29061596404.0
2010-12-06,'000016,上证５０,2032.03,2038.88,2011.266,2016.108,2008.12,23.91,1.1907,22989175,27985851234.0
2010-12-03,'000016,上证５０,2008.12,2014.906,1994.916,2003.912,1998.149,9.971,0.499,16202816,20508348778.0
2010-12-02,'000016,上证５０,1998.149,2019.866,1997.234,2016.156,1984.305,13.844,0.6977,21974719,24021907305.0
2010-12-01,'000016,上证５０,1984.305,1992.457,1968.317,1975.821,1979.891,4.414,0.2229,15097741,17176086603.0
2010-11-30,'000016,上证５０,1979.891,2021.268,1943.392,2010.072,2011.898,-32.007,-1.5909,27781638,30974119971.0
2010-11-29,'000016,上证５０,2011.898,2023.856,1997.329,2008.981,2018.397,-6.499,-0.322,18463577,22228242202.0
2010-11-26,'000016,上证５０,2018.397,2040.978,2008.597,2034.146,2041.337,-22.94,-1.1238,21442050,25936824785.0
2010-11-25,'000016,上证５０,2041.337,2042.016,1997.901,2024.247,2014.155,27.182,1.3495,28895497,32602491397.0
2010-11-24,'000016,上证５０,2014.155,2026.294,1972.325,1972.325,1981.261,32.894,1.6603,28054803,31784370048.0
2010-11-23,'000016,上证５０,1981.261,2009.804,1957.081,2009.804,2019.668,-38.407,-1.9016,26700644,30711105880.0
2010-11-22,'000016,上证５０,2019.668,2037.828,2010.073,2015.833,2039.445,-19.777,-0.9697,26986956,31596682612.0
2010-11-19,'000016,上证５０,2039.445,2049.36,1978.693,2048.428,2037.462,1.983,0.0973,31195697,36972046435.0
2010-11-18,'000016,上证５０,2037.462,2046.169,2010.351,2032.624,2013.607,23.855,1.1847,25263442,30929944974.0
2010-11-17,'000016,上证５０,2013.607,2047.179,2001.385,2004.737,2032.498,-18.891,-0.9294,31523321,38575586031.0
2010-11-16,'000016,上证５０,2032.498,2120.954,2028.593,2120.954,2126.697,-94.199,-4.4294,39717530,47857074142.0
2010-11-15,'000016,上证５０,2126.697,2144.083,2086.191,2135.514,2130.581,-3.884,-0.1823,44828125,49058792838.0
2010-11-12,'000016,上证５０,2130.581,2248.28,2126.782,2234.784,2252.283,-121.702,-5.4035,63168884,75970934226.0
2010-11-11,'000016,上证５０,2252.283,2278.756,2218.574,2227.064,2226.16,26.123,1.1735,52977511,68328863306.0
2010-11-10,'000016,上证５０,2226.16,2242.613,2210.298,2242.613,2257.348,-31.188,-1.3816,42990710,53362233643.0
2010-11-09,'000016,上证５０,2257.348,2290.753,2244.084,2290.753,2289.964,-32.616,-1.4243,43644495,53521977767.0
2010-11-08,'000016,上证５０,2289.964,2294.686,2270.251,2287.5,2279.004,10.96,0.4809,41459774,49273612743.0
2010-11-05,'000016,上证５０,2279.004,2308.039,2263.273,2298.528,2254.763,24.241,1.0751,53046661,64736998324.0
2010-11-04,'000016,上证５０,2254.763,2259.235,2228.05,2230.844,2226.468,28.295,1.2708,43384678,51103807982.0
2010-11-03,'000016,上证５０,2226.468,2258.464,2203.318,2232.319,2231.704,-5.236,-0.2346,52267842,59939381812.0
2010-11-02,'000016,上证５０,2231.704,2265.399,2205.946,2248.009,2238.471,-6.767,-0.3023,52493870,68576868936.0
2010-11-01,'000016,上证５０,2238.471,2238.471,2198.465,2198.465,2189.479,48.992,2.2376,42287250,49973079865.0
2010-10-29,'000016,上证５０,2189.479,2228.121,2180.86,2226.718,2224.238,-34.759,-1.5627,35928666,43788096995.0
2010-10-28,'000016,上证５０,2224.238,2237.683,2204.523,2216.275,2225.371,-1.133,-0.0509,35011993,41171938067.0
2010-10-27,'000016,上证５０,2225.371,2291.618,2222.101,2259.696,2272.208,-46.837,-2.0613,42904188,51998971522.0
2010-10-26,'000016,上证５０,2272.208,2310.011,2255.13,2300.699,2294.451,-22.243,-0.9694,54846276,66862109917.0
2010-10-25,'000016,上证５０,2294.451,2295.106,2206.865,2232.015,2231.057,63.394,2.8414,50918144,64066966815.0
2010-10-22,'000016,上证５０,2231.057,2255.694,2212.608,2234.37,2245.248,-14.191,-0.632,38968191,48177724060.0
2010-10-21,'000016,上证５０,2245.248,2290.769,2228.038,2287.371,2285.214,-39.966,-1.7489,48696229,56319421533.0
2010-10-20,'000016,上证５０,2285.214,2320.813,2239.04,2240.735,2278.353,6.861,0.3011,68126853,83415553750.0
2010-10-19,'000016,上证５０,2278.353,2278.583,2219.614,2236.986,2241.722,36.631,1.6341,52260311,57882421190.0
2010-10-18,'000016,上证５０,2241.722,2321.691,2238.566,2270.413,2254.392,-12.67,-0.562,97337631,1.04927261916e+11
2010-10-15,'000016,上证５０,2254.392,2255.566,2144.204,2148.922,2160.837,93.555,4.3296,96786741,1.00058765027e+11
2010-10-14,'000016,上证５０,2160.837,2201.643,2152.865,2152.865,2125.614,35.223,1.6571,87552222,89103135942.0
2010-10-13,'000016,上证５０,2125.614,2126.52,2088.954,2093.461,2091.781,33.833,1.6174,54515132,64595333752.0
2010-10-12,'000016,上证５０,2091.781,2094.736,2047.905,2058.092,2066.948,24.833,1.2014,49720064,61450369098.0
2010-10-11,'000016,上证５０,2066.948,2084.305,2005.696,2005.696,1990.014,76.934,3.866,67745275,78646529230.0
2010-10-08,'000016,上证５０,1990.014,1997.489,1932.595,1933.419,1913.109,76.905,4.0199,40587646,48462232480.0
2010-09-30,'000016,上证５０,1913.109,1914.239,1856.816,1858.454,1868.749,44.36,2.3738,27269776,30998073996.0
2010-09-29,'000016,上证５０,1868.749,1889.789,1859.141,1859.762,1863.881,4.868,0.2612,23317897,27689669015.0
2010-09-28,'000016,上证５０,1863.881,1876.527,1860.683,1876.492,1881.545,-17.664,-0.9388,22617556,29124846354.0
2010-09-27,'000016,上证５０,1881.545,1882.309,1863.434,1869.983,1864.414,17.131,0.9188,17452466,19002710165.0
2010-09-21,'000016,上证５０,1864.414,1873.347,1858.75,1868.255,1860.854,3.56,0.1913,10805762,11573442030.0
2010-09-20,'000016,上证５０,1860.854,1873.706,1844.157,1859.424,1857.31,3.544,0.1908,15786515,16352627839.0
2010-09-17,'000016,上证５０,1857.31,1869.008,1852.244,1864.718,1858.449,-1.139,-0.0613,17299194,16869149361.0
2010-09-16,'000016,上证５０,1858.449,1895.134,1845.073,1890.258,1893.027,-34.578,-1.8266,27213402,23573730207.0
2010-09-15,'000016,上证５０,1893.027,1926.504,1889.068,1926.504,1925.014,-31.987,-1.6617,21820846,22400750676.0
2010-09-14,'000016,上证５０,1925.014,1939.818,1918.17,1928.086,1922.142,2.872,0.1494,22286882,23013732690.0
2010-09-13,'000016,上证５０,1922.142,1936.084,1906.856,1914.379,1915.645,6.497,0.3392,21881475,21721325384.0
2010-09-10,'000016,上证５０,1915.645,1926.822,1897.954,1920.091,1918.286,-2.641,-0.1377,19363246,18684781533.0
2010-09-09,'000016,上证５０,1918.286,1957.957,1915.088,1957.957,1956.33,-38.044,-1.9447,25681933,27128256132.0
2010-09-08,'000016,上证５０,1956.33,1963.633,1946.042,1963.633,1973.14,-16.81,-0.8519,25630141,28704683915.0
2010-09-07,'000016,上证５０,1973.14,1983.507,1962.794,1979.285,1975.677,-2.537,-0.1284,22754795,23688060997.0
2010-09-06,'000016,上证５０,1975.677,1977.661,1936.502,1938.539,1929.186,46.491,2.4099,33440164,33385822026.0
2010-09-03,'000016,上证５０,1929.186,1938.121,1913.408,1937.847,1935.922,-6.736,-0.3479,23314743,24025999163.0
2010-09-02,'000016,上证５０,1935.922,1945.51,1928.544,1941.086,1917.33,18.592,0.9697,21665393,25716066256.0
2010-09-01,'000016,上证５０,1917.33,1949.933,1905.726,1927.719,1923.907,-6.577,-0.3419,25068574,23828261203.0
2010-08-31,'000016,上证５０,1923.907,1935.521,1916.718,1935.406,1942.559,-18.652,-0.9602,20615551,20071056070.0
2010-08-30,'000016,上证５０,1942.559,1948.417,1922.916,1926.115,1917.581,24.978,1.3026,21733148,20676278373.0
2010-08-27,'000016,上证５０,1917.581,1919.07,1903.912,1914.215,1914.636,2.945,0.1538,12438200,12397953040.0
2010-08-26,'000016,上证５０,1914.636,1930.215,1907.461,1922.9,1914.997,-0.361,-0.0189,14349990,14067579330.0
2010-08-25,'000016,上证５０,1914.997,1954.945,1914.763,1948.457,1960.055,-45.058,-2.2988,22408604,19242828809.0
2010-08-24,'000016,上证５０,1960.055,1979.711,1938.679,1959.61,1962.778,-2.723,-0.1387,19262214,17586903454.0
2010-08-23,'000016,上证５０,1962.778,1982.467,1957.802,1963.312,1967.061,-4.283,-0.2177,15391575,15385989842.0
2010-08-20,'000016,上证５０,1967.061,1998.415,1964.0,1985.583,1994.162,-27.101,-1.359,25983198,24863385334.0
2010-08-19,'000016,上证５０,1994.162,2005.296,1972.045,1979.219,1974.664,19.498,0.9874,28625528,28655108870.0
2010-08-18,'000016,上证５０,1974.664,1997.448,1971.463,1982.294,1979.789,-5.125,-0.2589,24911410,23947621607.0
2010-08-17,'000016,上证５０,1979.789,1984.488,1965.449,1974.685,1971.295,8.494,0.4309,25405548,25307316270.0
2010-08-16,'000016,上证５０,1971.295,1974.72,1920.458,1926.391,1930.671,40.624,2.1041,27933266,27485451199.0
2010-08-13,'000016,上证５０,1930.671,1931.71,1902.625,1915.811,1914.451,16.22,0.8472,22700824,18400212711.0
2010-08-12,'000016,上证５０,1914.451,1941.676,1911.685,1924.716,1939.844,-25.393,-1.309,20849034,17383936432.0
2010-08-11,'000016,上证５０,1939.844,1950.788,1928.304,1930.361,1934.587,5.257,0.2717,20605593,16598116610.0
2010-08-10,'000016,上证５０,1934.587,1991.898,1933.72,1989.549,1988.017,-53.43,-2.6876,29379587,25380027279.0
2010-08-09,'000016,上证５０,1988.017,1992.433,1968.201,1974.968,1979.228,8.789,0.4441,25438240,25108659101.0
2010-08-06,'000016,上证５０,1979.228,1980.852,1934.57,1953.063,1954.336,24.892,1.2737,24000152,22212498360.0
2010-08-05,'000016,上证５０,1954.336,1980.775,1945.381,1980.775,1981.525,-27.189,-1.3721,23856874,21812079253.0
2010-08-04,'000016,上证５０,1981.525,1988.31,1948.911,1975.738,1978.414,3.111,0.1572,24720109,22054055834.0
2010-08-03,'000016,上证５０,1978.414,2022.545,1978.072,2019.66,2015.655,-37.241,-1.8476,28901221,25408281859.0
2010-08-02,'000016,上证５０,2015.655,2019.249,1982.752,1984.124,1986.76,28.895,1.4544,26278985,22355380236.0
2010-07-30,'000016,上证５０,1986.76,1991.341,1972.567,1990.454,1993.87,-7.11,-0.3566,22568681,19379790449.0
2010-07-29,'000016,上证５０,1993.87,2002.112,1979.041,1984.464,1983.628,10.242,0.5163,39767298,32599753362.0
2010-07-28,'000016,上证５０,1983.628,1986.258,1929.796,1937.858,1936.074,47.554,2.4562,29965625,28729137007.0
2010-07-27,'000016,上证５０,1936.074,1947.412,1931.191,1945.04,1951.87,-15.796,-0.8093,15153538,15624419631.0
2010-07-26,'000016,上证５０,1951.87,1955.672,1929.847,1948.629,1945.451,6.419,0.3299,16492319,17167232454.0
2010-07-23,'000016,上证５０,1945.451,1956.417,1932.093,1937.373,1933.877,11.574,0.5985,24244735,23558455190.0
2010-07-22,'000016,上证５０,1933.877,1936.23,1903.992,1906.929,1914.33,19.547,1.0211,20474079,19710032876.0
2010-07-21,'000016,上证５０,1914.33,1925.484,1903.296,1912.203,1909.965,4.365,0.2285,22598169,20787652385.0
2010-07-20,'000016,上证５０,1909.965,1915.49,1880.24,1880.249,1878.528,31.437,1.6735,25534642,25605616334.0
2010-07-19,'000016,上证５０,1878.528,1884.632,1818.515,1822.443,1839.219,39.309,2.1373,17298344,17645179053.0
2010-07-16,'000016,上证５０,1839.219,1844.397,1818.176,1833.996,1840.668,-1.449,-0.0787,11699944,11060297314.0
2010-07-15,'000016,上证５０,1840.668,1890.752,1839.969,1870.365,1873.038,-32.37,-1.7282,14663864,13907413275.0
2010-07-14,'000016,上证５０,1873.038,1893.682,1863.443,1863.747,1859.152,13.886,0.7469,17639372,17694633395.0
2010-07-13,'000016,上证５０,1859.152,1869.037,1848.547,1867.309,1887.671,-28.519,-1.5108,14869553,15104003481.0
2010-07-12,'000016,上证５０,1887.671,1897.632,1859.506,1868.421,1870.303,17.368,0.9286,21151384,23168415843.0
2010-07-09,'000016,上证５０,1870.303,1883.432,1815.576,1830.285,1828.131,42.172,2.3068,20759794,20852987305.0
2010-07-08,'000016,上证５０,1828.131,1846.435,1822.318,1837.237,1829.557,-1.426,-0.0779,11653019,11413910786.0
2010-07-07,'000016,上证５０,1829.557,1829.806,1810.529,1822.331,1826.395,3.162,0.1731,11516354,10774505575.0
2010-07-06,'000016,上证５０,1826.395,1826.619,1790.858,1793.245,1797.66,28.735,1.5985,15911413,13452268567.0
2010-07-05,'000016,上证５０,1797.66,1811.332,1776.38,1795.477,1812.58,-14.92,-0.8231,12620199,11016526935.0
2010-07-02,'000016,上证５０,1812.58,1817.282,1771.491,1798.355,1799.881,12.699,0.7055,18202857,15325113770.0
2010-07-01,'000016,上证５０,1799.881,1826.518,1798.197,1814.567,1819.109,-19.228,-1.057,11908188,10840577959.0
2010-06-30,'000016,上证５０,1819.109,1830.618,1810.578,1821.814,1833.037,-13.928,-0.7598,14235271,12286540217.0
2010-06-29,'000016,上证５０,1833.037,1914.9,1832.247,1911.171,1910.469,-77.432,-4.053,20679335,18726720633.0
2010-06-28,'000016,上证５０,1910.469,1931.51,1907.339,1915.296,1915.91,-5.441,-0.284,11154788,11500174286.0
2010-06-25,'000016,上证５０,1915.91,1927.227,1901.003,1905.805,1914.646,1.264,0.066,12540102,12715860130.0
2010-06-24,'000016,上证５０,1914.646,1935.858,1902.053,1907.911,1913.626,1.02,0.0533,10631076,11438643466.0
2010-06-23,'000016,上证５０,1913.626,1933.361,1898.265,1921.401,1930.002,-16.376,-0.8485,12421723,12853256176.0
2010-06-22,'000016,上证５０,1930.002,1937.958,1920.52,1926.629,1933.616,-3.614,-0.1869,13307347,14202509388.0
2010-06-21,'000016,上证５０,1933.616,1938.74,1873.694,1880.127,1870.871,62.745,3.3538,24043239,26023553545.0
2010-06-18,'000016,上证５０,1870.871,1900.472,1865.328,1881.852,1882.133,-11.262,-0.5984,14148447,15107373284.0
2010-06-17,'000016,上证５０,1882.133,1901.571,1881.672,1897.62,1883.196,-1.063,-0.0564,10647994,10797522281.0
2010-06-11,'000016,上证５０,1883.196,1901.245,1880.626,1884.505,1873.824,9.372,0.5002,13343454,14233750234.0
2010-06-10,'000016,上证５０,1873.824,1891.961,1871.994,1882.6,1906.896,-33.072,-1.7343,14741799,14839141180.0
2010-06-09,'000016,上证５０,1906.896,1914.076,1829.547,1854.097,1845.13,61.766,3.3475,24653626,25915470215.0
2010-06-08,'000016,上证５０,1845.13,1866.914,1829.442,1853.582,1853.363,-8.233,-0.4442,13019611,13662957057.0
2010-06-07,'000016,上证５０,1853.363,1873.268,1843.405,1863.674,1894.45,-41.087,-2.1688,15654783,15224534159.0
2010-06-04,'000016,上证５０,1894.45,1899.232,1877.699,1884.428,1895.147,-0.697,-0.0368,12625098,13017491081.0
2010-06-03,'000016,上证５０,1895.147,1927.404,1894.362,1915.154,1907.902,-12.755,-0.6685,14826241,14712167740.0
2010-06-02,'000016,上证５０,1907.902,1908.541,1876.197,1897.577,1911.432,-3.53,-0.1847,16811038,15780616580.0
2010-06-01,'000016,上证５０,1911.432,1938.176,1895.906,1916.623,1926.109,-14.677,-0.762,18327618,17833765461.0
2010-05-31,'000016,上证５０,1926.109,1975.587,1924.893,1961.699,1973.622,-47.513,-2.4074,17579680,17448137940.0
2010-05-28,'000016,上证５０,1973.622,2005.398,1964.408,2001.195,1982.952,-9.33,-0.4705,18592046,19435453572.0
2010-05-27,'000016,上证５０,1982.952,1987.882,1927.671,1952.966,1957.943,25.009,1.2773,18994763,20134276361.0
2010-05-26,'000016,上证５０,1957.943,1974.787,1948.403,1962.926,1958.458,-0.515,-0.0263,13853299,14345503434.0
2010-05-25,'000016,上证５０,1958.458,1994.187,1950.637,1992.166,2007.763,-49.305,-2.4557,20905385,22220182886.0
2010-05-24,'000016,上证５０,2007.763,2017.324,1955.069,1955.069,1943.429,64.334,3.3103,29445827,31709151109.0
2010-05-21,'000016,上证５０,1943.429,1944.702,1874.318,1879.261,1925.244,18.185,0.9446,20986633,21335366192.0
2010-05-20,'000016,上证５０,1925.244,1971.258,1920.994,1939.496,1956.22,-30.976,-1.5835,16142739,18467151059.0
2010-05-19,'000016,上证５０,1956.22,1986.601,1932.825,1952.915,1968.37,-12.15,-0.6173,18220323,18859231842.0
2010-05-18,'000016,上证５０,1968.37,1977.137,1919.074,1928.987,1927.692,40.678,2.1102,21972601,23126929205.0
2010-05-17,'000016,上证５０,1927.692,1994.469,1924.036,1994.469,2019.73,-92.038,-4.5569,21238602,23632146922.0
2010-05-14,'000016,上证５０,2019.73,2035.406,2012.492,2024.617,2041.556,-21.826,-1.0691,15917537,18731949770.0
2010-05-13,'000016,上证５０,2041.556,2044.825,1996.954,1999.107,2001.131,40.425,2.0201,24686011,28479328730.0
2010-05-12,'000016,上证５０,2001.131,2002.807,1943.515,1956.506,1967.66,33.471,1.7011,23270242,27358025265.0
2010-05-11,'000016,上证５０,1967.66,2051.272,1957.758,2048.249,2007.522,-39.862,-1.9856,24275437,28950358960.0
2010-05-10,'000016,上证５０,2007.522,2016.855,1968.004,1987.1,1980.168,27.354,1.3814,19269364,22960072553.0
2010-05-07,'000016,上证５０,1980.168,2012.969,1956.829,1969.623,2007.012,-26.844,-1.3375,25768834,29708888806.0
2010-05-06,'000016,上证５０,2007.012,2089.653,2005.062,2089.653,2110.045,-103.033,-4.883,22747337,27533104795.0
2010-05-05,'000016,上证５０,2110.045,2110.783,2051.186,2078.193,2109.812,0.233,0.011,24258194,30562916109.0
2010-05-04,'000016,上证５０,2109.812,2130.757,2096.118,2103.673,2149.453,-39.641,-1.8442,15831379,18275086865.0
2010-04-30,'000016,上证５０,2149.453,2150.033,2114.119,2133.069,2124.392,25.061,1.1797,21167687,24700872546.0
2010-04-29,'000016,上证５０,2124.392,2156.083,2123.855,2139.995,2126.529,-2.137,-0.1005,16745069,19826980556.0
2010-04-28,'000016,上证５０,2126.529,2137.431,2103.717,2115.675,2131.841,-5.312,-0.2492,16215434,18696454347.0
2010-04-27,'000016,上证５０,2131.841,2165.936,2103.416,2165.936,2170.319,-38.478,-1.7729,26412155,29773120838.0
2010-04-26,'000016,上证５０,2170.319,2197.591,2168.389,2190.095,2185.155,-14.836,-0.6789,17957054,22406860183.0
2010-04-23,'000016,上证５０,2185.155,2208.796,2169.47,2195.405,2196.224,-11.069,-0.504,23238219,28752867540.0
2010-04-22,'000016,上证５０,2196.224,2224.325,2186.286,2224.325,2238.501,-42.277,-1.8886,26808632,32548822891.0
2010-04-21,'000016,上证５０,2238.501,2239.291,2189.972,2207.499,2204.812,33.689,1.528,23823032,29954725912.0
2010-04-20,'000016,上证５０,2204.812,2224.733,2180.401,2214.309,2210.82,-6.008,-0.2718,23760792,29866748137.0
2010-04-19,'000016,上证５０,2210.82,2296.882,2208.772,2296.882,2329.12,-118.3,-5.0792,36489587,43937566892.0
2010-04-16,'000016,上证５０,2329.12,2361.339,2328.23,2361.339,2366.572,-37.452,-1.5825,16691811,22220603517.0
2010-04-15,'000016,上证５０,2366.572,2374.558,2343.244,2370.197,2366.611,-0.039,-0.0016,21401638,30379309622.0
2010-04-14,'000016,上证５０,2366.611,2371.068,2352.843,2367.002,2364.837,1.774,0.075,20661062,29640527910.0
2010-04-13,'000016,上证５０,2364.837,2368.912,2315.279,2316.994,2317.383,47.454,2.0477,29195775,39796703985.0
2010-04-12,'000016,上证５０,2317.383,2353.788,2301.646,2350.116,2345.754,-28.371,-1.2095,25569911,32943230536.0
2010-04-09,'000016,上证５０,2345.754,2346.393,2322.474,2327.264,2325.672,20.082,0.8635,15695330,21335218236.0
2010-04-08,'000016,上证５０,2325.672,2358.179,2316.708,2358.179,2362.281,-36.609,-1.5497,21266808,27970724842.0
2010-04-07,'000016,上证５０,2362.281,2377.106,2349.505,2376.778,2378.575,-16.294,-0.685,17687715,22959601388.0
2010-04-06,'000016,上证５０,2378.575,2403.816,2367.099,2391.253,2379.194,-0.619,-0.026,21419648,29045006305.0
2010-04-02,'000016,上证５０,2379.194,2386.14,2370.659,2382.545,2376.597,2.597,0.1093,22423640,31142340795.0
2010-04-01,'000016,上证５０,2376.597,2381.388,2352.997,2352.997,2350.818,25.779,1.0966,23382671,29731727221.0
2010-03-31,'000016,上证５０,2350.818,2372.558,2345.848,2370.827,2368.51,-17.692,-0.747,20562426,25053244299.0
2010-03-30,'000016,上证５０,2368.51,2372.794,2355.319,2364.79,2363.976,4.534,0.1918,18645035,23564042955.0
2010-03-29,'000016,上证５０,2363.976,2368.696,2306.283,2309.916,2292.673,71.303,3.11,39014103,46144394431.0
2010-03-26,'000016,上证５０,2292.673,2302.513,2253.838,2257.402,2259.141,33.532,1.4843,19775343,22742345838.0
2010-03-25,'000016,上证５０,2259.141,2286.613,2253.609,2286.613,2291.833,-32.692,-1.4265,15898123,18904034655.0
2010-03-24,'000016,上证５０,2291.833,2313.427,2289.113,2298.883,2292.004,-0.171,-0.0075,16356315,18866986145.0
2010-03-23,'000016,上证５０,2292.004,2321.263,2290.432,2319.198,2316.631,-24.627,-1.0631,16566254,20855614983.0
2010-03-22,'000016,上证５０,2316.631,2330.671,2310.074,2314.442,2310.546,6.085,0.2634,19207858,24475053603.0
2010-03-19,'000016,上证５０,2310.546,2313.026,2282.378,2296.776,2294.947,15.599,0.6797,15390760,20301268717.0
2010-03-18,'000016,上证５０,2294.947,2318.05,2288.894,2307.257,2307.083,-12.136,-0.526,15810293,21834936837.0
2010-03-17,'000016,上证５０,2307.083,2307.399,2260.102,2266.958,2261.515,45.568,2.0149,17223846,24603699676.0
2010-03-16,'000016,上证５０,2261.515,2262.006,2234.669,2239.427,2240.731,20.784,0.9276,11551315,15559100981.0
2010-03-15,'000016,上证５０,2240.731,2276.445,2232.953,2274.714,2274.532,-33.801,-1.4861,13912403,17651572544.0
2010-03-12,'000016,上证５０,2274.532,2306.99,2273.862,2300.613,2300.043,-25.511,-1.1092,14256317,18663941964.0
2010-03-11,'000016,上证５０,2300.043,2316.382,2282.887,2296.931,2292.503,7.54,0.3289,18310782,25256997726.0
2010-03-10,'000016,上证５０,2292.503,2318.312,2286.185,2301.705,2302.393,-9.89,-0.4296,16264503,21251366719.0
2010-03-09,'000016,上证５０,2302.393,2315.36,2266.818,2284.024,2284.682,17.711,0.7752,18752094,23070609647.0
2010-03-08,'000016,上证５０,2284.682,2290.091,2265.195,2272.607,2267.939,16.743,0.7382,12375553,15481047925.0
2010-03-05,'000016,上证５０,2267.939,2276.763,2258.962,2264.678,2261.926,6.013,0.2658,13347537,16806363583.0
2010-03-04,'000016,上证５０,2261.926,2312.783,2259.176,2312.299,2311.841,-49.915,-2.1591,19620716,24267036362.0
2010-03-03,'000016,上证５０,2311.841,2312.419,2287.037,2304.056,2302.185,9.656,0.4194,15845846,21138516899.0
2010-03-02,'000016,上证５０,2302.185,2320.312,2293.917,2312.492,2311.075,-8.89,-0.3847,15212338,20304283982.0
2010-03-01,'000016,上证５０,2311.075,2316.384,2281.699,2282.338,2274.325,36.75,1.6159,19312675,25599322599.0
2010-02-26,'000016,上证５０,2274.325,2288.597,2270.769,2278.432,2282.64,-8.315,-0.3643,15274059,19400436299.0
2010-02-25,'000016,上证５０,2282.64,2286.92,2251.963,2254.801,2251.7,30.94,1.3741,24186779,32214891643.0
2010-02-24,'000016,上证５０,2251.7,2252.645,2204.675,2211.393,2227.952,23.748,1.0659,16815352,21257295094.0
2010-02-23,'000016,上证５０,2227.952,2261.993,2202.214,2261.993,2269.045,-41.093,-1.811,15276395,25286082271.0
2010-02-22,'000016,上证５０,2269.045,2291.783,2268.092,2282.09,2284.386,-15.341,-0.6716,13688359,16865165200.0
2010-02-12,'000016,上证５０,2284.386,2286.676,2270.756,2275.592,2265.138,19.248,0.8497,13026260,16653482712.0
2010-02-11,'000016,上证５０,2265.138,2275.759,2254.975,2261.823,2259.99,5.148,0.2278,12535479,15327711044.0
2010-02-10,'000016,上证５０,2259.99,2260.479,2239.177,2246.77,2229.038,30.952,1.3886,12084848,16865860503.0
2010-02-09,'000016,上证５０,2229.038,2234.53,2207.848,2210.328,2211.135,17.903,0.8097,10541683,13316002985.0
2010-02-08,'000016,上证５０,2211.135,2233.135,2201.802,2220.842,2219.6,-8.465,-0.3814,12006796,15532833677.0
2010-02-05,'000016,上证５０,2219.6,2233.315,2204.929,2212.308,2261.358,-41.758,-1.8466,18456182,22714229934.0
2010-02-04,'000016,上证５０,2261.358,2276.47,2247.64,2258.084,2277.798,-16.44,-0.7217,17182667,21637703163.0
2010-02-03,'000016,上证５０,2277.798,2278.475,2190.428,2226.797,2214.033,63.765,2.88,24836450,32146915297.0
2010-02-02,'000016,上证５０,2214.033,2261.633,2210.696,2223.598,2208.936,5.097,0.2307,19640116,25970058516.0
2010-02-01,'000016,上证５０,2208.936,2238.898,2182.952,2238.617,2243.994,-35.058,-1.5623,22082437,28608214630.0
2010-01-29,'000016,上证５０,2243.994,2276.767,2231.649,2241.117,2252.61,-8.616,-0.3825,18626036,23861735672.0
2010-01-28,'000016,上证５０,2252.61,2267.853,2235.603,2263.061,2264.605,-11.995,-0.5297,19023456,23754286041.0
2010-01-27,'000016,上证５０,2264.605,2319.993,2260.564,2313.007,2311.447,-46.842,-2.0265,22280212,27288373309.0
2010-01-26,'000016,上证５０,2311.447,2363.411,2296.875,2354.905,2353.471,-42.024,-1.7856,24700383,30347743465.0
2010-01-25,'000016,上证５０,2353.471,2389.627,2350.009,2355.357,2380.055,-26.584,-1.1169,20749880,26430130648.0
2010-01-22,'000016,上证５０,2380.055,2398.989,2317.481,2344.973,2377.753,2.302,0.0968,40639272,49042084127.0
2010-01-21,'000016,上证５０,2377.753,2391.508,2346.148,2362.597,2359.485,18.268,0.7742,29196147,37804392708.0
2010-01-20,'000016,上证５０,2359.485,2439.468,2356.161,2436.647,2432.713,-73.228,-3.0101,34748485,45720566126.0
2010-01-19,'000016,上证５０,2432.713,2450.281,2424.161,2424.469,2421.188,11.525,0.476,27829076,37544640666.0
2010-01-18,'000016,上证５０,2421.188,2421.89,2398.778,2414.893,2427.807,-6.619,-0.2726,30936344,41866659345.0
2010-01-15,'000016,上证５０,2427.807,2445.203,2402.904,2423.13,2422.771,5.036,0.2079,25994928,34691328647.0
2010-01-14,'000016,上证５０,2422.771,2428.705,2384.165,2412.634,2399.642,23.129,0.9639,30562214,39708569808.0
2010-01-13,'000016,上证５０,2399.642,2457.9,2396.474,2444.237,2508.039,-108.397,-4.322,49558854,64803855136.0
2010-01-12,'000016,上证５０,2508.039,2513.298,2435.156,2472.623,2478.81,29.229,1.1792,38048146,51587338665.0
2010-01-11,'000016,上证５０,2478.81,2584.528,2467.67,2584.528,2466.165,12.645,0.5127,40841194,59816278688.0
2010-01-08,'000016,上证５０,2466.165,2470.024,2432.013,2453.061,2463.758,2.407,0.0977,22683410,32335059424.0
2010-01-07,'000016,上证５０,2463.758,2527.427,2450.402,2516.057,2514.014,-50.256,-1.999,32043185,44611409814.0
2010-01-06,'000016,上证５０,2514.014,2549.571,2513.365,2538.285,2543.991,-29.977,-1.1783,29646151,43444325534.0
2010-01-05,'000016,上证５０,2543.991,2560.667,2487.048,2526.291,2514.646,29.345,1.167,35377438,50779118260.0
2010-01-04,'000016,上证５０,2514.646,2570.152,2514.237,2565.108,2553.8,-39.154,-1.5332,27327443,36468522963.0
2009-12-31,'000016,上证５０,2553.8,2563.967,2535.691,2545.864,2541.806,11.994,0.4719,33063231,42430170716.0
2009-12-30,'000016,上证５０,2541.806,2547.389,2472.169,2476.369,2471.357,70.449,2.8506,48124849,63253630103.0
2009-12-29,'000016,上证５０,2471.357,2472.242,2435.374,2448.317,2446.218,25.139,1.0277,24068860,31113000227.0
2009-12-28,'000016,上证５０,2446.218,2463.304,2412.668,2412.668,2406.597,39.621,1.6463,23613158,31817589375.0
2009-12-25,'000016,上证５０,2406.597,2430.76,2402.619,2423.482,2430.363,-23.766,-0.9779,18184389,23986227310.0
2009-12-24,'000016,上证５０,2430.363,2435.184,2366.375,2376.296,2370.08,60.283,2.5435,28603003,37341845059.0
2009-12-23,'000016,上证５０,2370.08,2377.989,2342.754,2356.928,2357.269,12.811,0.5435,22618998,28734575261.0
2009-12-22,'000016,上证５０,2357.269,2419.639,2347.21,2416.899,2413.074,-55.805,-2.3126,25224866,31216716946.0
2009-12-21,'000016,上证５０,2413.074,2430.795,2385.924,2417.992,2424.685,-11.611,-0.4789,22722100,30769574539.0
2009-12-18,'000016,上证５０,2424.685,2459.863,2414.173,2444.822,2464.802,-40.117,-1.6276,30470451,36056052878.0
2009-12-17,'000016,上证５０,2464.802,2530.185,2461.28,2521.081,2512.577,-47.775,-1.9014,29027653,35347016154.0
2009-12-16,'000016,上证５０,2512.577,2551.023,2505.752,2511.35,2524.856,-12.279,-0.4863,24901334,31008775025.0
2009-12-15,'000016,上证５０,2524.856,2555.07,2519.815,2536.847,2553.811,-28.955,-1.1338,28636975,36348318520.0
2009-12-14,'000016,上证５０,2553.811,2569.059,2451.984,2502.42,2507.196,46.615,1.8592,39939976,49742327182.0
2009-12-11,'000016,上证５０,2507.196,2539.59,2504.439,2516.835,2509.747,-2.551,-0.1016,19854749,25990902140.0
2009-12-10,'000016,上证５０,2509.747,2527.794,2486.69,2515.804,2495.03,14.717,0.5899,23644050,30045952175.0
2009-12-09,'000016,上证５０,2495.03,2531.761,2487.204,2517.441,2552.67,-57.64,-2.258,28762254,37656426989.0
2009-12-08,'000016,上证５０,2552.67,2595.653,2530.124,2594.615,2594.967,-42.297,-1.63,33815888,44836607715.0
2009-12-07,'000016,上证５０,2594.967,2606.711,2573.536,2587.07,2587.146,7.821,0.3023,40840312,55408824148.0
2009-12-04,'000016,上证５０,2587.146,2588.995,2474.738,2489.789,2497.273,89.873,3.5988,65175951,85158742815.0
2009-12-03,'000016,上证５０,2497.273,2511.757,2473.057,2511.757,2513.318,-16.045,-0.6384,33770129,42783271018.0
2009-12-02,'000016,上证５０,2513.318,2527.104,2497.154,2505.336,2491.901,21.417,0.8595,39727043,49028082103.0
2009-12-01,'000016,上证５０,2491.901,2497.343,2437.973,2461.711,2467.478,24.423,0.9898,41378385,51789267412.0
2009-11-30,'000016,上证５０,2467.478,2468.036,2405.597,2411.91,2388.942,78.536,3.2875,33598836,41012433812.0
2009-11-27,'000016,上证５０,2388.942,2448.932,2379.948,2433.839,2459.202,-70.26,-2.857,34128202,44535319583.0
2009-11-26,'000016,上证５０,2459.202,2573.897,2451.509,2567.812,2566.214,-107.012,-4.17,51071107,64774168220.0
2009-11-25,'000016,上证５０,2566.214,2567.005,2487.965,2522.629,2523.284,42.93,1.7014,46490478,57366240733.0
2009-11-24,'000016,上证５０,2523.284,2615.246,2516.73,2605.572,2594.039,-70.755,-2.7276,52455408,67538994613.0
2009-11-23,'000016,上证５０,2594.039,2594.946,2569.273,2586.834,2583.012,11.027,0.4269,31381160,43405014856.0
2009-11-20,'000016,上证５０,2583.012,2604.692,2561.753,2592.86,2602.845,-19.833,-0.762,34037207,44567612978.0
2009-11-19,'000016,上证５０,2602.845,2626.232,2581.913,2612.299,2605.836,-2.991,-0.1148,34696649,42589885140.0
2009-11-18,'000016,上证５０,2605.836,2624.256,2595.569,2610.423,2605.813,0.023,0.0009,33053506,39375191532.0
2009-11-17,'000016,上证５０,2605.813,2627.925,2601.484,2614.119,2601.507,4.306,0.1655,38215485,46358582330.0
2009-11-16,'000016,上证５０,2601.507,2602.336,2540.489,2540.489,2523.989,77.518,3.0712,47641486,57769592077.0
2009-11-13,'000016,上证５０,2523.989,2525.005,2471.881,2504.144,2508.503,15.486,0.6173,34842825,41352126710.0
2009-11-12,'000016,上证５０,2508.503,2536.92,2499.709,2521.354,2511.676,-3.173,-0.1263,29073556,35310948052.0
2009-11-11,'000016,上证５０,2511.676,2526.39,2494.17,2518.73,2520.571,-8.895,-0.3529,27297698,34802938121.0
2009-11-10,'000016,上证５０,2520.571,2549.639,2519.203,2537.051,2518.985,1.586,0.063,31043417,37487066255.0
2009-11-09,'000016,上证５０,2518.985,2520.215,2485.643,2515.837,2512.416,6.569,0.2615,27862463,34376682932.0
2009-11-06,'000016,上证５０,2512.416,2536.555,2507.795,2528.463,2505.14,7.276,0.2904,31962399,37646944124.0
2009-11-05,'000016,上证５０,2505.14,2517.193,2485.925,2504.657,2502.454,2.686,0.1073,28854284,31626688799.0
2009-11-04,'000016,上证５０,2502.454,2519.942,2470.364,2491.56,2487.726,14.728,0.592,29621614,36667236819.0
2009-11-03,'000016,上证５０,2487.726,2500.546,2461.485,2467.017,2461.621,26.105,1.0605,26894795,35767442648.0
2009-11-02,'000016,上证５０,2461.621,2466.079,2313.786,2319.701,2376.032,85.589,3.6022,31669839,39385623393.0
2009-10-30,'000016,上证５０,2376.032,2413.781,2371.308,2394.059,2349.015,27.017,1.1501,21828075,27304720282.0
2009-10-29,'000016,上证５０,2349.015,2378.961,2341.919,2359.878,2409.318,-60.303,-2.5029,22491185,28676982631.0
2009-10-28,'000016,上证５０,2409.318,2424.815,2359.032,2406.405,2413.216,-3.898,-0.1615,22919790,29665669059.0
2009-10-27,'000016,上证５０,2413.216,2467.644,2412.5,2463.245,2484.524,-71.308,-2.8701,28510015,35843889796.0
2009-10-26,'000016,上证５０,2484.524,2499.158,2465.5,2488.605,2481.542,2.982,0.1202,24174166,31893338164.0
2009-10-23,'000016,上证５０,2481.542,2498.613,2435.18,2435.18,2428.972,52.57,2.1643,33660701,41442812801.0
2009-10-22,'000016,上证５０,2428.972,2458.511,2426.546,2446.164,2450.456,-21.484,-0.8767,21662269,29016753039.0
2009-10-21,'000016,上证５０,2450.456,2483.162,2439.634,2454.211,2455.184,-4.728,-0.1926,32454097,41114109562.0
2009-10-20,'000016,上证５０,2455.184,2459.855,2430.345,2435.527,2413.013,42.171,1.7476,35703031,44697748904.0
2009-10-19,'000016,上证５０,2413.013,2415.201,2344.395,2354.296,2358.968,54.045,2.291,27398680,35682098929.0
2009-10-16,'000016,上证５０,2358.968,2384.41,2320.758,2371.234,2363.598,-4.63,-0.1959,21036149,26220194782.0
2009-10-15,'000016,上证５０,2363.598,2402.35,2355.347,2379.331,2352.241,11.357,0.4828,22071257,28205236517.0
2009-10-14,'000016,上证５０,2352.241,2389.794,2334.338,2339.566,2331.643,20.598,0.8834,32046336,39891009403.0
2009-10-13,'000016,上证５０,2331.643,2334.076,2285.896,2288.139,2293.822,37.821,1.6488,19830698,24174276296.0
2009-10-12,'000016,上证５０,2293.822,2335.265,2293.061,2322.769,2308.682,-14.86,-0.6437,24605274,29669188818.0
2009-10-09,'000016,上证５０,2308.682,2309.719,2246.279,2251.817,2198.407,110.275,5.0161,24300822,29862083220.0
2009-09-30,'000016,上证５０,2198.407,2216.054,2182.484,2192.917,2177.434,20.973,0.9632,19086101,21688890641.0
2009-09-29,'000016,上证５０,2177.434,2194.136,2144.603,2165.952,2162.153,15.281,0.7067,19869941,22492416637.0
2009-09-28,'000016,上证５０,2162.153,2242.334,2153.09,2230.924,2226.003,-63.85,-2.8684,17055721,19864815075.0
2009-09-25,'000016,上证５０,2226.003,2244.04,2195.941,2217.045,2234.705,-8.702,-0.3894,20140827,24028703505.0
2009-09-24,'000016,上证５０,2234.705,2262.278,2166.235,2187.612,2199.085,35.62,1.6198,27458705,32889588747.0
2009-09-23,'000016,上证５０,2199.085,2258.251,2188.265,2236.302,2233.08,-33.995,-1.5223,24393835,28853854049.0
2009-09-22,'000016,上证５０,2233.08,2307.727,2232.106,2280.21,2290.256,-57.176,-2.4965,26704414,32426239913.0
2009-09-21,'000016,上证５０,2290.256,2292.719,2216.364,2271.084,2296.319,-6.063,-0.264,27336523,33187107051.0
2009-09-18,'000016,上证５０,2296.319,2389.743,2279.079,2386.077,2383.033,-86.714,-3.6388,38456776,44447569409.0
2009-09-17,'000016,上证５０,2383.033,2389.336,2354.919,2354.919,2336.615,46.418,1.9865,33435997,39963617915.0
2009-09-16,'000016,上证５０,2336.615,2380.094,2312.563,2373.772,2385.33,-48.715,-2.0423,31516071,39365377660.0
2009-09-15,'000016,上证５０,2385.33,2405.599,2359.196,2387.403,2384.622,0.708,0.0297,30514948,38396703565.0
2009-09-14,'000016,上证５０,2384.622,2388.282,2351.424,2361.991,2356.98,27.642,1.1728,30843071,38449543925.0
2009-09-11,'000016,上证５０,2356.98,2364.749,2279.317,2279.317,2284.071,72.909,3.1921,34236824,40570257320.0
2009-09-10,'000016,上证５０,2284.071,2311.363,2272.85,2295.798,2305.0,-20.929,-0.908,23698047,27906020333.0
2009-09-09,'000016,上证５０,2305.0,2322.865,2271.897,2307.686,2294.886,10.114,0.4407,32930988,41579965888.0
2009-09-08,'000016,上证５０,2294.886,2295.352,2211.435,2240.824,2253.805,41.081,1.8227,31528261,37516917425.0
2009-09-07,'000016,上证５０,2253.805,2293.124,2237.861,2254.752,2237.492,16.313,0.7291,32058148,39172736073.0
2009-09-04,'000016,上证５０,2237.492,2262.542,2218.199,2232.023,2230.517,6.975,0.3127,33607521,39816314508.0
2009-09-03,'000016,上证５０,2230.517,2237.329,2119.46,2127.212,2123.505,107.012,5.0394,39655072,47323045790.0
2009-09-02,'000016,上证５０,2123.505,2130.992,2053.596,2062.884,2076.684,46.821,2.2546,26974638,32213772974.0
2009-09-01,'000016,上证５０,2076.684,2115.826,2033.44,2033.44,2046.589,30.095,1.4705,30525899,35086811656.0
2009-08-31,'000016,上证５０,2046.589,2163.013,2043.361,2163.013,2193.518,-146.929,-6.6983,36413592,41975384430.0
2009-08-28,'000016,上证５０,2193.518,2287.526,2177.923,2273.654,2276.012,-82.494,-3.6245,38396801,45431591422.0
2009-08-27,'000016,上证５０,2276.012,2316.238,2247.478,2277.377,2292.488,-16.476,-0.7187,31730819,37751701888.0
2009-08-26,'000016,上证５０,2292.488,2317.675,2225.813,2239.663,2259.55,32.938,1.4577,30669727,39227474818.0
2009-08-25,'000016,上证５０,2259.55,2355.197,2193.995,2355.197,2368.052,-108.502,-4.5819,39112583,49217873894.0
2009-08-24,'000016,上证５０,2368.052,2388.073,2342.869,2384.338,2367.567,0.485,0.0205,30612142,38863917156.0
2009-08-21,'000016,上证５０,2367.567,2392.035,2309.538,2326.669,2333.486,34.081,1.4605,36309228,44089188124.0
2009-08-20,'000016,上证５０,2333.486,2334.365,2240.096,2240.096,2230.719,102.767,4.6069,33147630,42261436196.0
2009-08-19,'000016,上证５０,2230.719,2355.442,2206.597,2348.973,2342.809,-112.09,-4.7844,34285055,41016080145.0
2009-08-18,'000016,上证５０,2342.809,2354.876,2278.346,2313.159,2331.718,11.091,0.4757,33019509,41272180679.0
2009-08-17,'000016,上证５０,2331.718,2453.709,2327.281,2418.317,2463.523,-131.805,-5.3503,39833624,49862340357.0
2009-08-14,'000016,上证５０,2463.523,2532.413,2445.308,2520.863,2528.644,-65.121,-2.5753,36173123,47112264560.0
2009-08-13,'000016,上证５０,2528.644,2535.366,2449.383,2493.233,2493.481,35.163,1.4102,38164959,48819381461.0
2009-08-12,'000016,上证５０,2493.481,2610.672,2489.932,2608.048,2614.85,-121.369,-4.6415,38266113,50623818036.0
2009-08-11,'000016,上证５０,2614.85,2627.73,2582.152,2622.943,2611.993,2.857,0.1094,24135280,33064917084.0
2009-08-10,'000016,上证５０,2611.993,2673.02,2572.504,2658.581,2634.488,-22.495,-0.8539,35160497,47226776345.0
2009-08-07,'000016,上证５０,2634.488,2718.884,2621.11,2694.952,2698.255,-63.767,-2.3633,39044706,54578484484.0
2009-08-06,'000016,上证５０,2698.255,2755.597,2654.861,2737.523,2761.957,-63.702,-2.3064,45879623,66247665244.0
2009-08-05,'000016,上证５０,2761.957,2805.807,2734.384,2805.423,2810.259,-48.302,-1.7188,57404986,75681501213.0
2009-08-04,'000016,上证５０,2810.259,2849.411,2763.015,2849.411,2837.737,-27.478,-0.9683,53554468,72405905656.0
2009-08-03,'000016,上证５０,2837.737,2840.159,2794.448,2832.816,2816.886,20.851,0.7402,50234751,69465814988.0
2009-07-31,'000016,上证５０,2816.886,2818.546,2746.323,2782.867,2754.189,62.697,2.2764,56765799,73847242249.0
2009-07-30,'000016,上证５０,2754.189,2771.355,2662.87,2702.463,2671.593,82.596,3.0916,63312274,78730049175.0
2009-07-29,'000016,上证５０,2671.593,2829.802,2583.073,2788.67,2799.312,-127.719,-4.5625,73214599,94024036147.0
2009-07-28,'000016,上证５０,2799.312,2807.707,2767.018,2803.643,2805.039,-5.727,-0.2042,56407274,73660782316.0
2009-07-27,'000016,上证５０,2805.039,2805.762,2752.17,2753.683,2743.025,62.014,2.2608,61151099,79747826951.0
2009-07-24,'000016,上证５０,2743.025,2752.569,2684.921,2733.286,2717.23,25.795,0.9493,57934237,75251059044.0
2009-07-23,'000016,上证５０,2717.23,2720.632,2662.143,2681.396,2677.151,40.079,1.4971,50498694,65066744531.0
2009-07-22,'000016,上证５０,2677.151,2678.188,2621.738,2622.284,2622.712,54.439,2.0757,49337589,68925617082.0
2009-07-21,'000016,上证５０,2622.712,2685.427,2618.357,2664.962,2652.026,-29.314,-1.1053,54102023,72481201425.0
2009-07-20,'000016,上证５０,2652.026,2658.63,2597.245,2615.297,2604.354,47.672,1.8305,55726152,71963713454.0
2009-07-17,'000016,上证５０,2604.354,2617.712,2579.582,2598.961,2598.074,6.28,0.2417,44109795,56347314820.0
2009-07-16,'000016,上证５０,2598.074,2630.962,2575.389,2598.646,2576.776,21.298,0.8265,53979182,68615597791.0
2009-07-15,'000016,上证５０,2576.776,2581.56,2558.306,2559.073,2548.769,28.007,1.0988,52339528,64820565559.0
2009-07-14,'000016,上证５０,2548.769,2549.003,2478.115,2478.115,2467.485,81.284,3.2942,43916394,55808115892.0
2009-07-13,'000016,上证５０,2467.485,2507.211,2466.402,2500.645,2519.075,-51.59,-2.048,40230712,50463625927.0
2009-07-10,'000016,上证５０,2519.075,2543.677,2504.655,2533.425,2531.981,-12.906,-0.5097,39991938,51989171469.0
2009-07-09,'000016,上证５０,2531.981,2532.563,2480.177,2495.701,2502.154,29.827,1.1921,43084786,56295247282.0
2009-07-08,'000016,上证５０,2502.154,2519.539,2432.418,2487.674,2516.989,-14.835,-0.5894,52535214,64208227714.0
2009-07-07,'000016,上证５０,2516.989,2562.2,2507.719,2546.053,2549.49,-32.501,-1.2748,57102005,67460152792.0
2009-07-06,'000016,上证５０,2549.49,2556.872,2511.17,2511.17,2508.282,41.208,1.6429,58970811,74412460256.0
2009-07-03,'000016,上证５０,2508.282,2509.223,2454.919,2459.887,2481.071,27.211,1.0967,43199209,54946024714.0
2009-07-02,'000016,上证５０,2481.071,2491.281,2447.94,2448.043,2440.897,40.174,1.6459,50831774,63260538096.0
2009-07-01,'000016,上证５０,2440.897,2444.097,2367.339,2369.513,2380.9,59.997,2.5199,42368225,50547012864.0
2009-06-30,'000016,上证５０,2380.9,2404.186,2377.122,2400.2,2391.07,-10.17,-0.4253,40176280,50128699958.0
2009-06-29,'000016,上证５０,2391.07,2392.0,2341.775,2347.893,2344.398,46.672,1.9908,34522278,40162064953.0
2009-06-26,'000016,上证５０,2344.398,2354.157,2329.141,2341.701,2335.923,8.475,0.3628,29498288,33375145787.0
2009-06-25,'000016,上证５０,2335.923,2356.566,2324.959,2337.168,2336.08,-0.157,-0.0067,35044939,41187901658.0
2009-06-24,'000016,上证５０,2336.08,2340.791,2301.934,2325.068,2331.505,4.575,0.1962,49275206,53129292667.0
2009-06-23,'000016,上证５０,2331.505,2374.616,2279.117,2283.805,2320.75,10.755,0.4634,55655927,57710928346.0
2009-06-22,'000016,上证５０,2320.75,2351.404,2313.964,2334.951,2309.224,11.526,0.4991,46741452,50517746997.0
2009-06-19,'000016,上证５０,2309.224,2316.368,2281.014,2287.038,2283.532,25.692,1.1251,46699396,48324730994.0
2009-06-18,'000016,上证５０,2283.532,2289.406,2237.24,2238.963,2236.076,47.456,2.1223,44315445,50109355121.0
2009-06-17,'000016,上证５０,2236.076,2242.395,2173.774,2203.542,2207.622,28.454,1.2889,31343182,36353507410.0
2009-06-16,'000016,上证５０,2207.622,2228.358,2186.544,2193.352,2217.38,-9.758,-0.4401,32881279,38893471966.0
2009-06-15,'000016,上证５０,2217.38,2219.492,2150.548,2164.453,2156.534,60.846,2.8215,37723055,42457204903.0
2009-06-12,'000016,上证５０,2156.534,2212.655,2138.637,2192.104,2196.726,-40.192,-1.8296,35187731,37178258890.0
2009-06-11,'000016,上证５０,2196.726,2227.655,2189.215,2207.197,2212.191,-15.465,-0.6991,37014473,40482167073.0
2009-06-10,'000016,上证５０,2212.191,2224.633,2197.278,2201.835,2197.145,15.046,0.6848,46412005,50539591169.0
2009-06-09,'000016,上证５０,2197.145,2198.388,2145.164,2186.126,2186.474,10.671,0.488,44567885,45753441976.0
2009-06-08,'000016,上证５０,2186.474,2214.427,2143.415,2161.102,2160.416,26.058,1.2062,47140019,47713924572.0
2009-06-05,'000016,上证５０,2160.416,2191.188,2159.775,2183.039,2174.015,-13.599,-0.6255,44855357,48864320251.0
2009-06-04,'000016,上证５０,2174.015,2182.67,2131.423,2138.627,2149.577,24.438,1.1369,62507756,69155126771.0
2009-06-03,'000016,上证５０,2149.577,2150.133,2075.932,2075.932,2074.757,74.82,3.6062,53337541,57374933518.0
2009-06-02,'000016,上证５０,2074.757,2101.838,2069.501,2091.72,2076.877,-2.12,-0.1021,50817358,56016027014.0
2009-06-01,'000016,上证５０,2076.877,2082.881,2021.728,2021.728,1991.285,85.592,4.2983,57326142,64456964501.0
2009-05-27,'000016,上证５０,1991.285,2000.378,1949.873,1954.669,1945.496,45.789,2.3536,32485704,33229428871.0
2009-05-26,'000016,上证５０,1945.496,1978.651,1945.021,1976.612,1970.98,-25.484,-1.293,23703008,27048644700.0
2009-05-25,'000016,上证５０,1970.98,1978.942,1927.033,1930.843,1967.661,3.319,0.1687,27749361,29517914811.0
2009-05-22,'000016,上证５０,1967.661,1980.676,1951.745,1959.309,1972.468,-4.807,-0.2437,23634838,25109309100.0
2009-05-21,'000016,上证５０,1972.468,2016.305,1963.357,2004.769,2019.41,-46.942,-2.3245,38030313,40211446538.0
2009-05-20,'000016,上证５０,2019.41,2053.336,2018.904,2051.669,2050.046,-30.636,-1.4944,35480795,38787610333.0
2009-05-19,'000016,上证５０,2050.046,2059.147,2038.277,2051.573,2029.06,20.986,1.0343,40869765,44876727621.0
2009-05-18,'000016,上证５０,2029.06,2030.497,1985.682,2011.231,2022.301,6.759,0.3342,33345920,36477721809.0
2009-05-15,'000016,上证５０,2022.301,2039.375,2010.142,2028.727,2021.56,0.741,0.0367,23453653,25535220205.0
2009-05-14,'000016,上证５０,2021.56,2033.929,2002.537,2025.542,2053.802,-32.242,-1.5699,34955309,36988445327.0
2009-05-13,'000016,上证５０,2053.802,2059.174,2019.124,2037.798,2035.976,17.826,0.8756,48521109,52326138284.0
2009-05-12,'000016,上证５０,2035.976,2037.291,1980.09,1985.389,2000.775,35.201,1.7594,39006261,36559072177.0
2009-05-11,'000016,上证５０,2000.775,2086.538,2000.532,2040.184,2022.953,-22.178,-1.0963,59709601,62048063930.0
2009-05-08,'000016,上证５０,2022.953,2027.918,1973.474,1982.553,1991.167,31.786,1.5964,46700700,47141056003.0
2009-05-07,'000016,上证５０,1991.167,2015.902,1971.039,1992.349,1980.2,10.967,0.5538,51996802,50623683403.0
2009-05-06,'000016,上证５０,1980.2,1989.094,1951.757,1960.885,1960.98,19.22,0.9801,44389521,43451605757.0
2009-05-05,'000016,上证５０,1960.98,1986.594,1952.092,1971.743,1957.94,3.04,0.1553,42412005,40988203953.0
2009-05-04,'000016,上证５０,1957.94,1959.815,1900.036,1903.083,1895.7,62.24,3.2832,47087603,46346162617.0
2009-04-30,'000016,上证５０,1895.7,1910.033,1884.528,1903.233,1901.068,-5.368,-0.2824,36316856,38240469662.0
2009-04-29,'000016,上证５０,1901.068,1910.452,1822.928,1827.002,1826.136,74.932,4.1033,38703263,39136378291.0
2009-04-28,'000016,上证５０,1826.136,1837.482,1805.776,1810.239,1827.471,-1.335,-0.0731,25549866,25601702838.0
2009-04-27,'000016,上证５０,1827.471,1866.137,1815.816,1858.864,1860.748,-33.277,-1.7884,31129341,29107054069.0
2009-04-24,'000016,上证５０,1860.748,1888.095,1857.779,1886.154,1876.424,-15.676,-0.8354,28122082,28083225883.0
2009-04-23,'000016,上证５０,1876.424,1882.711,1850.25,1859.123,1874.751,1.673,0.0892,32601479,29661374596.0
2009-04-22,'000016,上证５０,1874.751,1967.267,1867.42,1941.168,1930.572,-55.821,-2.8914,52283536,50001543544.0
2009-04-21,'000016,上证５０,1930.572,1945.929,1903.865,1926.472,1956.777,-26.205,-1.3392,41172496,41599714017.0
2009-04-20,'000016,上证５０,1956.777,1958.332,1913.799,1915.995,1920.309,36.468,1.8991,36088905,36760707229.0
2009-04-17,'000016,上证５０,1920.309,1951.664,1908.081,1933.504,1943.214,-22.905,-1.1787,36943114,38191863919.0
2009-04-16,'000016,上证５０,1943.214,1958.748,1907.433,1945.124,1943.35,-0.136,-0.007,45935586,43927919487.0
2009-04-15,'000016,上证５０,1943.35,1950.766,1905.101,1938.773,1949.022,-5.672,-0.291,45419024,46320597140.0
2009-04-14,'000016,上证５０,1949.022,1955.891,1928.027,1935.995,1939.558,9.464,0.4879,41127308,45158524934.0
2009-04-13,'000016,上证５０,1939.558,1952.04,1911.801,1915.431,1895.159,44.399,2.3428,60081527,62706109480.0
2009-04-10,'000016,上证５０,1895.159,1895.565,1858.441,1867.498,1847.165,47.994,2.5983,43691649,46094132973.0
2009-04-09,'000016,上证５０,1847.165,1847.988,1803.064,1817.203,1816.333,30.832,1.6975,31921132,32072748336.0
2009-04-08,'000016,上证５０,1816.333,1892.407,1816.117,1883.139,1894.124,-77.791,-4.107,44829041,43049636058.0
2009-04-07,'000016,上证５０,1894.124,1915.604,1869.484,1892.668,1892.727,1.397,0.0738,39216362,37247496808.0
2009-04-03,'000016,上证５０,1892.727,1920.77,1877.467,1898.695,1878.396,14.331,0.7629,57205050,52009484088.0
2009-04-02,'000016,上证５０,1878.396,1899.234,1859.562,1859.877,1852.019,26.377,1.4242,59334143,56507876885.0
2009-04-01,'000016,上证５０,1852.019,1865.479,1833.845,1839.408,1830.28,21.739,1.1877,50101501,48837830018.0
2009-03-31,'000016,上证５０,1830.28,1839.068,1772.266,1783.724,1817.407,12.873,0.7083,38860536,41158235861.0
2009-03-30,'000016,上证５０,1817.407,1836.098,1807.93,1829.106,1825.631,-8.224,-0.4505,40257216,38128632788.0
2009-03-27,'000016,上证５０,1825.631,1840.144,1812.627,1827.985,1811.873,13.758,0.7593,60774371,53768755842.0
2009-03-26,'000016,上证５０,1811.873,1812.213,1744.148,1755.869,1747.419,64.454,3.6885,51621531,48737275984.0
2009-03-25,'000016,上证５０,1747.419,1793.916,1746.67,1764.031,1776.117,-28.698,-1.6158,39095568,39070772473.0
2009-03-24,'000016,上证５０,1776.117,1807.412,1768.635,1802.162,1767.049,9.068,0.5132,46013976,44867659045.0
2009-03-23,'000016,上证５０,1767.049,1773.92,1723.278,1728.656,1726.211,40.838,2.3658,42670979,44908387171.0
2009-03-20,'000016,上证５０,1726.211,1744.615,1705.956,1737.534,1733.8,-7.589,-0.4377,42913777,40910879455.0
2009-03-19,'000016,上证５０,1733.8,1736.694,1697.373,1706.308,1702.296,31.504,1.8507,37310617,35991349633.0
2009-03-18,'000016,上证５０,1702.296,1727.508,1701.365,1714.993,1705.512,-3.216,-0.1886,38995488,37224743982.0
2009-03-17,'000016,上证５０,1705.512,1710.53,1651.692,1656.007,1656.184,49.328,2.9784,38270556,36994319719.0
2009-03-16,'000016,上证５０,1656.184,1663.004,1604.092,1619.764,1626.018,30.166,1.8552,21801172,21142907659.0
2009-03-13,'000016,上证５０,1626.018,1656.555,1622.508,1640.526,1628.336,-2.318,-0.1424,21930750,22031352513.0
2009-03-12,'000016,上证５０,1628.336,1630.5,1590.236,1623.61,1634.077,-5.741,-0.3513,21349867,20415737484.0
2009-03-11,'000016,上证５０,1634.077,1687.624,1629.299,1685.144,1648.151,-14.074,-0.8539,29196944,29164582905.0
2009-03-10,'000016,上证５０,1648.151,1649.134,1594.471,1601.654,1620.129,28.022,1.7296,24170511,22428953695.0
2009-03-09,'000016,上证５０,1620.129,1716.355,1619.793,1689.123,1676.79,-56.661,-3.3791,39413377,35502748982.0
2009-03-06,'000016,上证５０,1676.79,1700.852,1656.605,1659.574,1694.648,-17.858,-1.0538,36670057,35306815437.0
2009-03-05,'000016,上证５０,1694.648,1718.574,1658.052,1691.246,1671.569,23.079,1.3807,64211053,57894986997.0
2009-03-04,'000016,上证５０,1671.569,1677.844,1568.716,1568.716,1563.97,107.599,6.8799,50759727,44138078602.0
2009-03-03,'000016,上证５０,1563.97,1583.248,1544.619,1552.856,1592.612,-28.642,-1.7984,24521155,21911727625.0
2009-03-02,'000016,上证５０,1592.612,1605.537,1553.691,1586.56,1592.01,0.602,0.0378,24298957,22770264498.0
2009-02-27,'000016,上证５０,1592.01,1621.107,1580.403,1592.386,1605.611,-13.601,-0.8471,35963538,31273926427.0
2009-02-26,'000016,上证５０,1605.611,1688.224,1593.225,1651.765,1662.263,-56.652,-3.4081,43721213,41793792177.0
2009-02-25,'000016,上证５０,1662.263,1681.483,1596.61,1661.746,1640.568,21.695,1.3224,42926334,40475387960.0
2009-02-24,'000016,上证５０,1640.568,1721.361,1635.145,1703.48,1733.424,-92.856,-5.3568,48648060,45513623888.0
2009-02-23,'000016,上证５０,1733.424,1740.781,1654.893,1680.824,1695.255,38.169,2.2515,43389989,39650077341.0
2009-02-20,'000016,上证５０,1695.255,1696.098,1651.402,1673.975,1675.769,19.486,1.1628,32182627,28858260567.0
2009-02-19,'000016,上证５０,1675.769,1703.1,1651.595,1688.817,1675.858,-0.089,-0.0053,35002451,31229409843.0
2009-02-18,'000016,上证５０,1675.858,1743.596,1672.326,1723.86,1763.945,-88.087,-4.9937,45618607,41265483339.0
2009-02-17,'000016,上证５０,1763.945,1829.475,1762.767,1815.57,1817.061,-53.116,-2.9232,58692383,52388229926.0
2009-02-16,'000016,上证５０,1817.061,1817.548,1768.833,1771.624,1755.569,61.492,3.5027,64621118,57880237104.0
2009-02-13,'000016,上证５０,1755.569,1758.611,1688.342,1700.577,1699.346,56.223,3.3085,57672059,50919174876.0
2009-02-12,'000016,上证５０,1699.346,1733.433,1661.949,1729.663,1728.942,-29.596,-1.7118,45026717,40427730805.0
2009-02-11,'000016,上证５０,1728.942,1764.017,1682.838,1694.046,1723.548,5.394,0.313,59101428,54713636351.0
2009-02-10,'000016,上证５０,1723.548,1726.439,1683.278,1710.12,1716.505,7.043,0.4103,42982108,36570627798.0
2009-02-09,'000016,上证５０,1716.505,1735.619,1696.398,1715.15,1689.002,27.503,1.6284,48250444,41543751915.0
2009-02-06,'000016,上证５０,1689.002,1691.492,1634.602,1634.602,1629.466,59.536,3.6537,39969032,33288676424.0
2009-02-05,'000016,上证５０,1629.466,1677.866,1617.919,1630.261,1631.742,-2.276,-0.1395,45554653,38432434232.0
2009-02-04,'000016,上证５０,1631.742,1632.238,1587.559,1588.613,1580.293,51.449,3.2557,40219216,32365408376.0
2009-02-03,'000016,上证５０,1580.293,1580.71,1538.199,1542.425,1541.678,38.615,2.5047,32066870,26184934183.0
2009-02-02,'000016,上证５０,1541.678,1556.597,1529.174,1553.339,1538.273,3.405,0.2214,16442717,13761100355.0
2009-01-23,'000016,上证５０,1538.273,1553.606,1530.463,1542.932,1547.589,-9.316,-0.602,22755499,18710895732.0
2009-01-22,'000016,上证５０,1547.589,1557.797,1525.011,1547.891,1536.759,10.83,0.7047,22723643,19229196582.0
2009-01-21,'000016,上证５０,1536.759,1560.908,1510.232,1513.19,1539.373,-2.614,-0.1698,27092350,24903123783.0
2009-01-20,'000016,上证５０,1539.373,1539.961,1508.673,1524.822,1529.576,9.797,0.6405,22132412,18527082148.0
2009-01-19,'000016,上证５０,1529.576,1568.643,1517.978,1522.137,1502.004,27.572,1.8357,38930551,31146023124.0
2009-01-16,'000016,上证５０,1502.004,1533.961,1478.073,1478.073,1469.204,32.8,2.2325,43323922,36749800756.0
2009-01-15,'000016,上证５０,1469.204,1484.922,1452.387,1460.608,1476.709,-7.505,-0.5082,31609587,25247345500.0
2009-01-14,'000016,上证５０,1476.709,1476.709,1413.442,1413.442,1414.08,62.629,4.429,23646540,21228109327.0
2009-01-13,'000016,上证５０,1414.08,1433.248,1412.927,1420.132,1441.731,-27.651,-1.9179,18346407,13317731195.0
2009-01-12,'000016,上证５０,1441.731,1462.306,1433.869,1441.632,1447.143,-5.412,-0.374,18786988,15252347473.0
2009-01-09,'000016,上证５０,1447.143,1452.374,1428.237,1428.237,1430.087,17.056,1.1927,17500535,13351347233.0
2009-01-08,'000016,上证５０,1430.087,1440.114,1420.18,1439.321,1468.456,-38.369,-2.6129,23259443,17145031365.0
2009-01-07,'000016,上证５０,1468.456,1495.651,1468.175,1482.015,1482.284,-13.828,-0.9329,23773359,18204220050.0
2009-01-06,'000016,上证５０,1482.284,1488.342,1430.702,1436.482,1436.885,45.399,3.1595,30216439,23687517202.0
2009-01-05,'000016,上证５０,1436.885,1437.057,1402.049,1411.083,1384.914,51.971,3.7527,20985156,16149730675.0
2008-12-31,'000016,上证５０,1384.914,1404.752,1382.069,1393.415,1390.401,-5.487,-0.3946,13018634,9665432647.0
2008-12-30,'000016,上证５０,1390.401,1419.892,1385.309,1407.058,1407.626,-17.225,-1.2237,14713589,10942087951.0
2008-12-29,'000016,上证５０,1407.626,1414.36,1385.447,1409.727,1416.833,-9.207,-0.6498,12260064,10051559904.0
2008-12-26,'000016,上证５０,1416.833,1431.357,1405.593,1414.918,1415.829,1.004,0.0709,12129061,9671615252.0
2008-12-25,'000016,上证５０,1415.829,1439.659,1401.278,1431.182,1428.895,-13.066,-0.9144,13920728,11278204943.0
2008-12-24,'000016,上证５０,1428.895,1451.633,1419.56,1434.588,1451.759,-22.864,-1.5749,14746919,11806567525.0
2008-12-23,'000016,上证５０,1451.759,1521.6,1451.34,1521.6,1522.438,-70.679,-4.6425,22040964,18021002876.0
2008-12-22,'000016,上证５０,1522.438,1554.184,1508.381,1552.713,1554.114,-31.676,-2.0382,18001027,15439149671.0
2008-12-19,'000016,上证５０,1554.114,1577.882,1538.796,1542.793,1552.748,1.366,0.088,24106302,21592368497.0
2008-12-18,'000016,上证５０,1552.748,1554.101,1493.398,1508.47,1510.349,42.399,2.8072,21926881,19029594623.0
2008-12-17,'000016,上证５０,1510.349,1532.637,1505.202,1518.166,1512.084,-1.735,-0.1147,20962281,17613228988.0
2008-12-16,'000016,上证５０,1512.084,1514.318,1462.697,1492.238,1508.715,3.369,0.2233,18215622,14710548973.0
2008-12-15,'000016,上证５０,1508.715,1536.173,1486.267,1524.136,1499.292,9.423,0.6285,19513609,15914663916.0
2008-12-12,'000016,上证５０,1499.292,1559.528,1483.77,1551.034,1567.021,-67.729,-4.3222,26635408,22080786057.0
2008-12-11,'000016,上证５０,1567.021,1612.33,1562.45,1594.662,1607.489,-40.468,-2.5175,27172859,24775498489.0
2008-12-10,'000016,上证５０,1607.489,1607.802,1538.966,1546.993,1554.506,52.983,3.4083,34329595,30433106326.0
2008-12-09,'000016,上证５０,1554.506,1609.681,1554.187,1609.413,1602.749,-48.243,-3.01,34186118,29644420675.0
2008-12-08,'000016,上证５０,1602.749,1603.42,1553.338,1561.28,1538.468,64.281,4.1782,41025706,35129763795.0
2008-12-05,'000016,上证５０,1538.468,1539.198,1505.72,1510.07,1521.595,16.873,1.1089,25253933,21515622690.0
2008-12-04,'000016,上证５０,1521.595,1569.218,1510.4,1510.4,1486.89,34.705,2.3341,43611947,38511914943.0
2008-12-03,'000016,上证５０,1486.89,1487.329,1432.891,1434.796,1419.485,67.405,4.7486,30094366,24428012824.0
2008-12-02,'000016,上证５０,1419.485,1437.37,1386.812,1391.852,1424.864,-5.379,-0.3775,19464636,16083009920.0
2008-12-01,'000016,上证５０,1424.864,1426.415,1383.783,1407.442,1411.165,13.699,0.9708,15386988,12536108782.0
2008-11-28,'000016,上证５０,1411.165,1451.943,1399.361,1441.344,1455.736,-44.571,-3.0618,19934857,16005512336.0
2008-11-27,'000016,上证５０,1455.736,1536.606,1454.721,1527.793,1440.636,15.1,1.0481,31494932,27466087281.0
2008-11-26,'000016,上证５０,1440.636,1456.765,1421.095,1434.146,1435.356,5.28,0.3679,13869691,10867607435.0
2008-11-25,'000016,上证５０,1435.356,1472.485,1412.664,1462.973,1435.641,-0.285,-0.0199,14375849,12291985054.0
2008-11-24,'000016,上证５０,1435.641,1499.209,1434.349,1493.431,1501.093,-65.452,-4.3603,17639405,14306662470.0
2008-11-21,'000016,上证５０,1501.093,1541.523,1432.748,1461.431,1511.797,-10.704,-0.708,30410418,25446134127.0
2008-11-20,'000016,上证５０,1511.797,1545.81,1496.118,1512.185,1543.77,-31.973,-2.0711,28233137,23321193550.0
2008-11-19,'000016,上证５０,1543.77,1549.475,1441.2,1455.288,1459.109,84.661,5.8022,32011408,26522096555.0
2008-11-18,'000016,上证５０,1459.109,1583.797,1452.17,1564.702,1572.904,-113.795,-7.2347,37264689,31027151174.0
2008-11-17,'000016,上证５０,1572.904,1573.288,1529.887,1541.339,1550.465,22.439,1.4472,31569353,26934748028.0
2008-11-14,'000016,上证５０,1550.465,1553.428,1504.509,1524.927,1509.893,40.572,2.6871,33610870,29044817788.0
2008-11-13,'000016,上证５０,1509.893,1527.318,1421.356,1434.854,1457.431,52.462,3.5996,33485931,27755320192.0
2008-11-12,'000016,上证５０,1457.431,1468.206,1422.323,1424.959,1443.209,14.222,0.9854,16250865,14315672004.0
2008-11-11,'000016,上证５０,1443.209,1478.138,1441.283,1460.635,1469.623,-26.414,-1.7973,25282003,20004897573.0
2008-11-10,'000016,上证５０,1469.623,1471.591,1398.222,1398.222,1363.458,106.165,7.7865,28851782,23522958146.0
2008-11-07,'000016,上证５０,1363.458,1377.386,1301.036,1304.852,1332.714,30.744,2.3069,13777054,12052354326.0
2008-11-06,'000016,上证５０,1332.714,1344.287,1324.49,1332.73,1370.764,-38.05,-2.7758,13226699,10299187055.0
2008-11-05,'000016,上证５０,1370.764,1394.492,1324.385,1324.385,1313.017,57.747,4.398,20604252,16253593727.0
2008-11-04,'000016,上证５０,1313.017,1323.927,1290.808,1317.959,1323.888,-10.871,-0.8211,10581106,8609801636.0
2008-11-03,'000016,上证５０,1323.888,1351.853,1308.249,1312.787,1327.705,-3.817,-0.2875,11280029,9671181378.0
2008-10-31,'000016,上证５０,1327.705,1355.489,1320.925,1348.504,1358.891,-31.186,-2.295,12135676,10055658629.0
2008-10-30,'000016,上证５０,1358.891,1380.464,1305.541,1326.181,1316.982,41.909,3.1822,19075009,15932646682.0
2008-10-29,'000016,上证５０,1316.982,1377.571,1316.646,1364.083,1353.688,-36.706,-2.7116,17355827,15240706715.0
2008-10-28,'000016,上证５０,1353.688,1364.365,1269.291,1274.795,1305.705,47.983,3.6749,21497772,17746353214.0
2008-10-27,'000016,上证５０,1305.705,1379.528,1303.725,1379.528,1408.126,-102.421,-7.2736,14763794,12242112656.0
2008-10-24,'000016,上证５０,1408.126,1461.917,1401.68,1457.193,1459.197,-51.071,-3.4999,15370911,12977545791.0
2008-10-23,'000016,上证５０,1459.197,1460.789,1416.29,1433.808,1470.922,-11.725,-0.7971,16110223,13785648489.0
2008-10-22,'000016,上证５０,1470.922,1516.934,1469.21,1491.915,1514.129,-43.207,-2.8536,14484747,12098580533.0
2008-10-21,'000016,上证５０,1514.129,1553.864,1512.869,1534.935,1531.692,-17.563,-1.1466,14354825,14179350445.0
2008-10-20,'000016,上证５０,1531.692,1534.276,1452.847,1474.968,1480.162,51.53,3.4814,12728742,12823246598.0
2008-10-17,'000016,上证５０,1480.162,1500.246,1462.931,1489.529,1473.254,6.908,0.4689,11458374,10163597718.0
2008-10-16,'000016,上证５０,1473.254,1509.744,1471.039,1478.451,1548.519,-75.265,-4.8605,16383120,14745543849.0
2008-10-15,'000016,上证５０,1548.519,1563.314,1529.705,1543.239,1564.727,-16.208,-1.0358,13717655,12905280636.0
2008-10-14,'000016,上证５０,1564.727,1679.916,1564.173,1675.404,1613.839,-49.112,-3.0432,24941913,24650088542.0
2008-10-13,'000016,上证５０,1613.839,1614.507,1488.344,1519.66,1528.135,85.704,5.6084,20923459,19169288139.0
2008-10-10,'000016,上证５０,1528.135,1556.544,1497.338,1519.463,1587.041,-58.906,-3.7117,18446431,15716656231.0
2008-10-09,'000016,上证５０,1587.041,1631.447,1577.481,1629.266,1600.502,-13.461,-0.841,14492304,14981680707.0
2008-10-08,'000016,上证５０,1600.502,1647.923,1579.601,1623.282,1678.266,-77.764,-4.6336,17017467,17247194069.0
2008-10-07,'000016,上证５０,1678.266,1713.189,1622.825,1639.135,1712.714,-34.448,-2.0113,18977574,20685186046.0
2008-10-06,'000016,上证５０,1712.714,1788.966,1712.505,1788.966,1811.339,-98.625,-5.4449,18928593,17504349500.0
2008-09-26,'000016,上证５０,1811.339,1823.004,1770.682,1816.784,1808.808,2.531,0.1399,25094732,28877712741.0
2008-09-25,'000016,上证５０,1808.808,1844.569,1736.636,1740.569,1736.119,72.689,4.1869,34507434,35077144717.0
2008-09-24,'000016,上证５０,1736.119,1737.333,1660.463,1681.98,1726.13,9.989,0.5787,23482333,20241840450.0
2008-09-23,'000016,上证５０,1726.13,1776.752,1718.755,1731.857,1780.375,-54.245,-3.0468,44209341,37403614348.0
2008-09-22,'000016,上证５０,1780.375,1801.168,1719.673,1785.32,1650.537,129.838,7.8664,45337082,46159840488.0
2008-09-19,'000016,上证５０,1650.537,1650.537,1632.123,1649.187,1508.523,142.014,9.4141,12951118,11416661633.0
2008-09-18,'000016,上证５０,1508.523,1550.427,1433.436,1481.101,1532.958,-24.435,-1.594,23991334,18263124263.0
2008-09-17,'000016,上证５０,1532.958,1610.743,1528.426,1589.304,1615.581,-82.623,-5.1141,17141767,14497910223.0
2008-09-16,'000016,上证５０,1615.581,1673.791,1607.274,1673.791,1711.959,-96.378,-5.6297,15938488,14376639934.0
2008-09-12,'000016,上证５０,1711.959,1731.276,1699.46,1711.094,1709.795,2.164,0.1266,7365343,7910048368.0
2008-09-11,'000016,上证５０,1709.795,1776.462,1705.576,1774.025,1781.776,-71.981,-4.0398,9272230,9630928130.0
2008-09-10,'000016,上证５０,1781.776,1815.798,1746.515,1769.877,1780.729,1.047,0.0588,8432376,8443717535.0
2008-09-09,'000016,上证５０,1780.729,1790.18,1758.553,1779.133,1770.373,10.356,0.585,6710993,6165675102.0
2008-09-08,'000016,上证５０,1770.373,1812.217,1764.278,1805.411,1796.961,-26.588,-1.4796,8106161,8275511119.0
2008-09-05,'000016,上证５０,1796.961,1822.268,1781.704,1799.396,1845.865,-48.904,-2.6494,8110211,7999229904.0
2008-09-04,'000016,上证５０,1845.865,1859.499,1816.034,1842.213,1849.173,-3.308,-0.1789,7416698,7865340943.0
2008-09-03,'000016,上证５０,1849.173,1894.457,1827.458,1880.291,1882.179,-33.006,-1.7536,9067303,10140896726.0
2008-09-02,'000016,上证５０,1882.179,1901.937,1871.435,1893.006,1905.901,-23.722,-1.2447,7435545,8126199427.0
2008-09-01,'000016,上证５０,1905.901,1959.839,1895.495,1958.27,1975.453,-69.552,-3.5208,8369653,9001219323.0
2008-08-29,'000016,上证５０,1975.453,1997.198,1939.684,1950.409,1938.757,36.696,1.8928,11393955,12260743747.0
2008-08-28,'000016,上证５０,1938.757,1964.343,1920.675,1924.698,1921.884,16.873,0.8779,8397830,10202025497.0
2008-08-27,'000016,上证５０,1921.884,1955.173,1898.22,1914.996,1919.976,1.908,0.0994,9871792,10626808125.0
2008-08-26,'000016,上证５０,1919.976,1958.534,1900.592,1930.063,1954.851,-34.875,-1.784,8998136,8521132180.0
2008-08-25,'000016,上证５０,1954.851,1988.407,1929.147,1953.285,1948.065,6.786,0.3483,7005206,7427198938.0
2008-08-22,'000016,上证５０,1948.065,1971.503,1915.875,1954.422,1975.889,-27.824,-1.4082,9282745,9563325334.0
2008-08-21,'000016,上证５０,1975.889,2045.255,1973.169,2011.343,2042.944,-67.055,-3.2823,13854141,15740582358.0
2008-08-20,'000016,上证５０,2042.944,2043.002,1861.162,1874.436,1889.099,153.845,8.1438,17759432,17864982892.0
2008-08-19,'000016,上证５０,1889.099,1898.943,1832.254,1840.253,1859.998,29.101,1.5646,6834004,6518788514.0
2008-08-18,'000016,上证５０,1859.998,1959.914,1859.692,1959.104,1957.473,-97.475,-4.9796,8848651,8630181777.0
2008-08-15,'000016,上证５０,1957.473,1980.131,1924.807,1941.376,1941.237,16.236,0.8364,7459624,7852873731.0
2008-08-14,'000016,上证５０,1941.237,1956.69,1916.234,1937.339,1949.357,-8.12,-0.4165,6842710,7305348932.0
2008-08-13,'000016,上证５０,1949.357,1967.159,1900.562,1947.987,1961.231,-11.874,-0.6054,10245681,10489448660.0
2008-08-12,'000016,上证５０,1961.231,1990.126,1943.537,1959.564,1975.516,-14.285,-0.7231,9083309,9279002418.0
2008-08-11,'000016,上证５０,1975.516,2069.792,1962.234,2049.457,2056.916,-81.4,-3.9574,12873969,13203155726.0
2008-08-08,'000016,上证５０,2056.916,2143.619,2044.81,2140.152,2143.803,-86.887,-4.0529,11588235,12809352009.0
2008-08-07,'000016,上证５０,2143.803,2170.81,2113.778,2145.113,2150.003,-6.2,-0.2884,9007311,10306297990.0
2008-08-06,'000016,上证５０,2150.003,2167.99,2117.407,2141.104,2120.509,29.494,1.3909,10354051,12159113276.0
2008-08-05,'000016,上证５０,2120.509,2175.343,2114.6,2169.14,2155.891,-35.382,-1.6412,10224972,11811830804.0
2008-08-04,'000016,上证５０,2155.891,2201.284,2151.195,2185.163,2205.685,-49.794,-2.2575,8289527,9624956336.0
2008-08-01,'000016,上证５０,2205.685,2232.115,2127.357,2151.874,2164.08,41.605,1.9225,12446471,14566191992.0
2008-07-31,'000016,上证５０,2164.08,2231.487,2162.27,2227.236,2219.242,-55.162,-2.4856,9490277,10950425233.0
2008-07-30,'000016,上证５０,2219.242,2272.401,2207.042,2265.435,2232.787,-13.545,-0.6066,10198695,11880262876.0
2008-07-29,'000016,上证５０,2232.787,2245.02,2213.415,2244.849,2278.229,-45.442,-1.9946,12685780,14949982805.0
2008-07-28,'000016,上证５０,2278.229,2318.081,2269.637,2282.061,2265.683,12.546,0.5537,15152283,18670542720.0
2008-07-25,'000016,上证５０,2265.683,2286.003,2246.864,2263.976,2299.571,-33.888,-1.4737,14242995,17228232891.0
2008-07-24,'000016,上证５０,2299.571,2300.508,2233.636,2235.582,2213.147,86.424,3.905,19656241,24898836931.0
2008-07-23,'000016,上证５０,2213.147,2256.525,2208.864,2237.394,2217.827,-4.68,-0.211,13412774,16535327321.0
2008-07-22,'000016,上证５０,2217.827,2236.064,2205.344,2219.74,2228.446,-10.619,-0.4765,12976600,15773336701.0
2008-07-21,'000016,上证５０,2228.446,2229.747,2127.075,2132.443,2158.7,69.746,3.2309,18364215,21712600635.0
2008-07-18,'000016,上证５０,2158.7,2160.105,2065.317,2100.466,2073.327,85.373,4.1177,18056506,19941609712.0
2008-07-17,'000016,上证５０,2073.327,2142.79,2065.479,2127.99,2088.777,-15.45,-0.7397,11479529,12674108470.0
2008-07-16,'000016,上证５０,2088.777,2139.636,2056.188,2133.963,2157.91,-69.133,-3.2037,14026994,15853161276.0
2008-07-15,'000016,上证５０,2157.91,2274.022,2156.391,2266.97,2259.162,-101.252,-4.4818,16621455,19413411071.0
2008-07-14,'000016,上证５０,2259.162,2280.948,2216.141,2223.885,2245.464,13.698,0.61,11532158,13727550434.0
2008-07-11,'000016,上证５０,2245.464,2267.93,2216.231,2252.517,2259.26,-13.796,-0.6106,15411655,18923608169.0
2008-07-10,'000016,上证５０,2259.26,2319.015,2239.912,2253.424,2289.675,-30.415,-1.3284,21925570,27166393614.0
2008-07-09,'000016,上证５０,2289.675,2295.21,2219.433,2219.433,2193.207,96.468,4.3985,27646719,33580750623.0
2008-07-08,'000016,上证５０,2193.207,2235.876,2151.847,2204.491,2190.304,2.903,0.1325,20197491,24337833943.0
2008-07-07,'000016,上证５０,2190.304,2200.008,2081.84,2082.748,2077.234,113.07,5.4433,20841215,23826734594.0
2008-07-04,'000016,上证５０,2077.234,2106.995,2057.605,2087.251,2088.969,-11.735,-0.5618,12423051,15222235783.0
2008-07-03,'000016,上证５０,2088.969,2130.331,1992.347,2025.33,2062.927,26.042,1.2624,16994888,22125156329.0
2008-07-02,'000016,上证５０,2062.927,2109.453,2040.669,2082.589,2081.054,-18.127,-0.871,11003979,14132441688.0
2008-07-01,'000016,上证５０,2081.054,2186.89,2075.01,2181.712,2175.611,-94.557,-4.3462,11735954,14126659731.0
2008-06-30,'000016,上证５０,2175.611,2212.966,2146.446,2176.895,2206.317,-30.706,-1.3917,9132973,11020989943.0
2008-06-27,'000016,上证５０,2206.317,2259.97,2188.196,2255.162,2326.9,-120.583,-5.1821,14706706,16504611478.0
2008-06-26,'000016,上证５０,2326.9,2357.445,2287.551,2332.454,2334.403,-7.503,-0.3214,14513334,16991978194.0
2008-06-25,'000016,上证５０,2334.403,2339.314,2241.101,2250.002,2256.116,78.287,3.47,16518391,19565677922.0
2008-06-24,'000016,上证５０,2256.116,2268.123,2197.807,2207.514,2220.083,36.033,1.623,12919811,15813675544.0
2008-06-23,'000016,上证５０,2220.083,2260.003,2203.812,2227.163,2273.707,-53.624,-2.3584,10084574,12474269163.0
2008-06-20,'000016,上证５０,2273.707,2343.347,2152.312,2227.364,2201.34,72.367,3.2874,23589850,30786763677.0
2008-06-19,'000016,上证５０,2201.34,2348.979,2197.01,2348.979,2368.71,-167.37,-7.0659,13927637,16419239458.0
2008-06-18,'000016,上证５０,2368.71,2383.272,2200.965,2244.102,2262.282,106.428,4.7045,17793167,21882650818.0
2008-06-17,'000016,上证５０,2262.282,2343.764,2244.638,2325.26,2323.689,-61.407,-2.6427,10716921,12705838537.0
2008-06-16,'000016,上证５０,2323.689,2365.815,2279.887,2329.583,2322.792,0.897,0.0386,11200880,13713535487.0
2008-06-13,'000016,上证５０,2322.792,2410.537,2319.905,2389.135,2387.758,-64.966,-2.7208,9903099,12539781356.0
2008-06-12,'000016,上证５０,2387.758,2446.819,2344.493,2432.64,2446.776,-59.018,-2.4121,13310837,17703500366.0
2008-06-11,'000016,上证５０,2446.776,2476.464,2412.436,2451.384,2480.763,-33.987,-1.37,12353121,16598446352.0
2008-06-10,'000016,上证５０,2480.763,2597.477,2464.44,2586.722,2701.789,-221.026,-8.1807,16037721,20908731535.0
2008-06-06,'000016,上证５０,2701.789,2740.252,2687.224,2730.771,2722.407,-20.618,-0.7573,8658505,11936900056.0
2008-06-05,'000016,上证５０,2722.407,2742.887,2693.266,2722.245,2736.826,-14.419,-0.5269,9623803,14860424797.0
2008-06-04,'000016,上证５０,2736.826,2794.489,2715.577,2789.765,2804.067,-67.241,-2.398,12799370,17139780167.0
2008-06-03,'000016,上证５０,2804.067,2834.495,2783.953,2809.444,2814.297,-10.23,-0.3635,17756743,22607530676.0
2008-06-02,'000016,上证５０,2814.297,2832.974,2774.601,2792.242,2800.791,13.506,0.4822,10814102,15885685202.0
2008-05-30,'000016,上证５０,2800.791,2813.925,2756.145,2774.079,2765.949,34.842,1.2597,10787253,17857036840.0
2008-05-29,'000016,上证５０,2765.949,2837.888,2764.795,2825.862,2836.263,-70.314,-2.4791,11144168,17200939411.0
2008-05-28,'000016,上证５０,2836.263,2855.68,2741.546,2760.648,2754.122,82.141,2.9825,11507552,18197738482.0
2008-05-27,'000016,上证５０,2754.122,2770.169,2726.86,2739.735,2745.086,9.036,0.3292,8758208,13826294843.0
2008-05-26,'000016,上证５０,2745.086,2812.514,2742.322,2812.514,2838.055,-92.969,-3.2758,9880808,14887865911.0
2008-05-23,'000016,上证５０,2838.055,2871.788,2805.692,2831.785,2841.154,-3.099,-0.1091,13695179,18992745403.0
2008-05-22,'000016,上证５０,2841.154,2891.901,2829.277,2848.523,2892.086,-50.932,-1.7611,14661807,21714939345.0
2008-05-21,'000016,上证５０,2892.086,2909.16,2752.154,2809.945,2835.825,56.261,1.9839,16214227,24293581795.0
2008-05-20,'000016,上证５０,2835.825,3008.033,2829.189,2976.032,2978.656,-142.831,-4.7951,14498774,22021948332.0
2008-05-19,'000016,上证５０,2978.656,3001.229,2945.387,2999.409,3009.207,-30.551,-1.0153,9974490,15698415271.0
2008-05-16,'000016,上证５０,3009.207,3036.001,2977.704,3008.205,3005.653,3.554,0.1182,13624068,21677391902.0
2008-05-15,'000016,上证５０,3005.653,3075.217,3004.779,3050.154,3027.382,-21.729,-0.7177,17039767,26703307755.0
2008-05-14,'000016,上证５０,3027.382,3027.801,2917.848,2917.848,2924.958,102.424,3.5017,18518867,29827084301.0
2008-05-13,'000016,上证５０,2924.958,2985.458,2891.731,2898.012,2991.32,-66.362,-2.2185,18299815,27840468486.0
2008-05-12,'000016,上证５０,2991.32,3033.54,2884.575,2915.262,2978.189,13.131,0.4409,16326627,28265050271.0
2008-05-09,'000016,上证５０,2978.189,3071.79,2932.142,3065.593,3037.504,-59.315,-1.9528,21887244,36571369766.0
2008-05-08,'000016,上证５０,3037.504,3038.772,2929.243,2940.343,2979.817,57.687,1.9359,18512848,30499623431.0
2008-05-07,'000016,上证５０,2979.817,3158.454,2979.507,3108.092,3128.807,-148.99,-4.7619,23005566,40940105327.0
2008-05-06,'000016,上证５０,3128.807,3184.107,3089.009,3136.373,3169.079,-40.272,-1.2708,24373993,43720456557.0
2008-05-05,'000016,上证５０,3169.079,3179.536,3112.016,3169.005,3125.533,43.546,1.3932,26033441,45344092389.0
2008-04-30,'000016,上证５０,3125.533,3135.716,2978.271,2981.779,2960.893,164.64,5.5605,35869983,58495824681.0
2008-04-29,'000016,上证５０,2960.893,2973.097,2894.648,2896.496,2918.611,42.282,1.4487,19455034,32541489971.0
2008-04-28,'000016,上证５０,2918.611,2975.342,2911.042,2936.426,2984.963,-66.352,-2.2229,22800948,39090112372.0
2008-04-25,'000016,上证５０,2984.963,3075.825,2948.17,2983.367,2981.186,3.777,0.1267,40764204,70696069435.0
2008-04-24,'000016,上证５０,2981.186,2987.516,2880.267,2948.969,2718.253,262.933,9.6729,51622553,73478071978.0
2008-04-23,'000016,上证５０,2718.253,2730.929,2546.147,2561.952,2595.693,122.56,4.7217,23333758,34681192113.0
2008-04-22,'000016,上证５０,2595.693,2596.857,2451.605,2501.545,2545.522,50.171,1.971,13734814,19105428204.0
2008-04-21,'000016,上证５０,2545.522,2707.597,2506.235,2707.597,2511.362,34.16,1.3602,17693240,27503876820.0
2008-04-18,'000016,上证５０,2511.362,2593.561,2482.919,2565.789,2588.758,-77.396,-2.9897,12310867,17932866978.0
2008-04-17,'000016,上证５０,2588.758,2705.513,2554.261,2650.122,2654.902,-66.144,-2.4914,12001253,17889600569.0
2008-04-16,'000016,上证５０,2654.902,2717.868,2644.442,2711.249,2715.74,-60.838,-2.2402,10920290,15818863604.0
2008-04-15,'000016,上证５０,2715.74,2716.943,2591.681,2672.37,2685.013,30.727,1.1444,12232207,18642781899.0
2008-04-14,'000016,上证５０,2685.013,2815.333,2675.904,2805.212,2865.45,-180.437,-6.297,14651723,22972167975.0
2008-04-11,'000016,上证５０,2865.45,2900.543,2843.053,2882.379,2840.552,24.898,0.8765,10426413,17067493476.0
2008-04-10,'000016,上证５０,2840.552,2846.243,2751.582,2780.602,2803.154,37.398,1.3341,11017523,16303757505.0
2008-04-09,'000016,上证５０,2803.154,2966.889,2802.348,2938.486,2969.609,-166.455,-5.6053,16207798,25136795569.0
2008-04-08,'000016,上证５０,2969.609,3011.42,2927.366,2956.508,2954.229,15.38,0.5206,19730328,33010952934.0
2008-04-07,'000016,上证５０,2954.229,2962.145,2778.405,2803.881,2828.626,125.603,4.4404,19047037,32124835363.0
2008-04-03,'000016,上证５０,2828.626,2833.803,2679.292,2719.9,2744.651,83.975,3.0596,15758976,25202365177.0
2008-04-02,'000016,上证５０,2744.651,2842.651,2698.26,2757.526,2713.487,31.164,1.1485,23878058,36377465389.0
2008-04-01,'000016,上证５０,2713.487,2847.564,2683.501,2812.51,2823.975,-110.488,-3.9125,16472967,25158523951.0
2008-03-31,'000016,上证５０,2823.975,2891.169,2804.434,2815.312,2910.511,-86.536,-2.9732,13913193,22606829218.0
2008-03-28,'000016,上证５０,2910.511,2922.075,2714.384,2736.587,2760.451,150.06,5.4361,21924670,34682161437.0
2008-03-27,'000016,上证５０,2760.451,2861.225,2757.387,2837.094,2896.689,-136.238,-4.7032,14980299,23514915952.0
2008-03-26,'000016,上证５０,2896.689,2965.261,2877.13,2904.342,2884.623,12.066,0.4183,12257436,21850559902.0
2008-03-25,'000016,上证５０,2884.623,2912.133,2781.821,2810.504,2869.284,15.339,0.5346,14312606,24683309361.0
2008-03-24,'000016,上证５０,2869.284,3063.89,2867.905,3056.434,3021.58,-152.296,-5.0403,14695017,26131754515.0
2008-03-21,'000016,上证５０,3021.58,3058.696,2975.702,3010.256,3011.785,9.795,0.3252,16909738,28149147415.0
2008-03-20,'000016,上证５０,3011.785,3050.087,2765.248,2904.839,2945.229,66.556,2.2598,19033982,32346777621.0
2008-03-19,'000016,上证５０,2945.229,2992.712,2876.958,2925.255,2869.614,75.615,2.635,15924119,28098329775.0
2008-03-18,'000016,上证５０,2869.614,3021.418,2821.112,2961.062,2984.056,-114.442,-3.8351,15874104,25708781847.0
2008-03-17,'000016,上证５０,2984.056,3075.739,2978.653,3065.425,3084.449,-100.393,-3.2548,12307505,22734428315.0
2008-03-14,'000016,上证５０,3084.449,3119.386,3028.328,3098.263,3111.837,-27.388,-0.8801,11434828,20941984524.0
2008-03-13,'000016,上证５０,3111.837,3163.646,3047.904,3133.622,3164.785,-52.948,-1.673,16524786,29039198442.0
2008-03-12,'000016,上证５０,3164.785,3355.982,3162.674,3343.406,3264.566,-99.781,-3.0565,11533436,22968894071.0
2008-03-11,'000016,上证５０,3264.566,3267.131,3187.826,3233.445,3256.444,8.122,0.2494,10525215,19398901923.0
2008-03-10,'000016,上证５０,3256.444,3366.965,3238.7,3366.965,3395.606,-139.162,-4.0983,14449284,25153231337.0
2008-03-07,'000016,上证５０,3395.606,3444.282,3370.468,3399.513,3445.748,-50.142,-1.4552,10114714,22311886813.0
2008-03-06,'000016,上证５０,3445.748,3504.826,3349.17,3398.418,3380.654,65.094,1.9255,16386828,32275827223.0
2008-03-05,'000016,上证５０,3380.654,3446.035,3317.345,3415.732,3424.791,-44.137,-1.2888,14711130,25259897583.0
2008-03-04,'000016,上证５０,3424.791,3566.156,3416.4,3559.05,3539.431,-114.64,-3.2389,18098440,32129193829.0
2008-03-03,'000016,上证５０,3539.431,3556.825,3410.411,3449.749,3470.602,68.829,1.9832,14225248,27918041553.0
2008-02-29,'000016,上证５０,3470.602,3490.931,3418.931,3431.395,3435.455,35.147,1.0231,8812858,16999611261.0
2008-02-28,'000016,上证５０,3435.455,3473.642,3409.948,3467.035,3459.782,-24.327,-0.7031,9404751,17742763212.0
2008-02-27,'000016,上证５０,3459.782,3484.741,3348.817,3384.554,3363.701,96.081,2.8564,14467417,28070111444.0
2008-02-26,'000016,上证５０,3363.701,3445.827,3275.843,3430.371,3331.99,31.711,0.9517,16916212,30020216273.0
2008-02-25,'000016,上证５０,3331.99,3472.087,3324.168,3460.864,3466.204,-134.214,-3.8721,17294253,29857881463.0
2008-02-22,'000016,上证５０,3466.204,3597.706,3434.759,3597.706,3620.846,-154.642,-4.2709,18817210,34671143691.0
2008-02-21,'000016,上证５０,3620.846,3663.156,3576.04,3653.811,3676.474,-55.628,-1.5131,15704083,28811183732.0
2008-02-20,'000016,上证５０,3676.474,3805.392,3670.852,3792.295,3787.029,-110.555,-2.9193,18958834,37811847809.0
2008-02-19,'000016,上证５０,3787.029,3787.219,3687.691,3722.936,3709.071,77.958,2.1018,16964570,31717112208.0
2008-02-18,'000016,上证５０,3709.071,3739.088,3661.42,3694.666,3646.176,62.895,1.725,14095291,26587598071.0
2008-02-15,'000016,上证５０,3646.176,3675.438,3593.167,3673.896,3706.966,-60.79,-1.6399,12527166,22672256250.0
2008-02-14,'000016,上证５０,3706.966,3737.765,3683.434,3699.298,3660.157,46.809,1.2789,9409913,17820810562.0
2008-02-13,'000016,上证５０,3660.157,3712.672,3649.235,3697.534,3766.163,-106.006,-2.8147,11043766,22025967545.0
2008-02-05,'000016,上证５０,3766.163,3817.614,3730.266,3783.803,3796.13,-29.967,-0.7894,16928131,35589670227.0
2008-02-04,'000016,上证５０,3796.13,3798.055,3598.503,3598.503,3500.053,296.077,8.4592,22539548,42088490507.0
2008-02-01,'000016,上证５０,3500.053,3549.328,3376.612,3502.225,3497.922,2.131,0.0609,17104802,29936431736.0
2008-01-31,'000016,上证５０,3497.922,3570.997,3485.263,3528.867,3541.082,-43.16,-1.2188,15512390,29507652442.0
2008-01-30,'000016,上证５０,3541.082,3674.366,3459.872,3653.73,3611.978,-70.896,-1.9628,16763307,32718690770.0
2008-01-29,'000016,上证５０,3611.978,3685.488,3554.524,3609.114,3597.264,14.714,0.409,13199143,24149339420.0
2008-01-28,'000016,上证５０,3597.264,3830.968,3589.795,3830.968,3875.578,-278.314,-7.1812,19029167,33873842357.0
2008-01-25,'000016,上证５０,3875.578,3913.739,3751.957,3814.984,3818.332,57.246,1.4992,20343038,38978977041.0
2008-01-24,'000016,上证５０,3818.332,3884.062,3750.152,3876.363,3822.816,-4.484,-0.1173,25900145,46038316742.0
2008-01-23,'000016,上证５０,3822.816,3824.521,3669.382,3712.848,3679.014,143.802,3.9087,25765134,45050765088.0
2008-01-22,'000016,上证５０,3679.014,3891.258,3636.474,3880.405,3975.71,-296.696,-7.4627,29040738,56188370091.0
2008-01-21,'000016,上证５０,3975.71,4212.012,3960.427,4203.505,4195.954,-220.244,-5.249,20366003,41078859130.0
2008-01-18,'000016,上证５０,4195.954,4213.714,4128.215,4170.014,4178.709,17.245,0.4127,18647573,37730740686.0
2008-01-17,'000016,上证５０,4178.709,4289.934,4072.684,4219.698,4274.021,-95.312,-2.23,27791669,56601430392.0
2008-01-16,'000016,上证５０,4274.021,4395.373,4267.01,4395.373,4440.819,-166.798,-3.756,24352892,53002290004.0
2008-01-15,'000016,上证５０,4440.819,4515.817,4421.671,4511.159,4499.139,-58.32,-1.2962,22028850,50181670528.0
2008-01-14,'000016,上证５０,4499.139,4524.289,4471.741,4503.675,4481.487,17.652,0.3939,21495766,44112607764.0
2008-01-11,'000016,上证５０,4481.487,4482.572,4417.05,4445.232,4431.461,50.026,1.1289,29691499,59047966075.0
2008-01-10,'000016,上证５０,4431.461,4456.105,4384.453,4420.324,4405.921,25.54,0.5797,29662177,61698523702.0
2008-01-09,'000016,上证５０,4405.921,4407.392,4324.908,4341.53,4358.095,47.826,1.0974,20328290,45320263145.0
2008-01-08,'000016,上证５０,4358.095,4437.566,4322.131,4349.485,4330.275,27.82,0.6425,30842049,64904094285.0
2008-01-07,'000016,上证５０,4330.275,4341.466,4255.499,4279.916,4282.686,47.589,1.1112,24440674,49372624390.0
2008-01-04,'000016,上证５０,4282.686,4296.024,4221.646,4231.351,4230.418,52.268,1.2355,23349877,47681382249.0
2008-01-03,'000016,上证５０,4230.418,4232.177,4123.119,4213.02,4219.686,10.732,0.2543,30732210,58982989591.0
2008-01-02,'000016,上证５０,4219.686,4242.187,4164.762,4230.806,4226.756,-7.07,-0.1673,18683938,37451390049.0
2007-12-28,'000016,上证５０,4226.756,4280.733,4214.692,4269.058,4258.549,-31.793,-0.7466,20673545,41459941172.0
2007-12-27,'000016,上证５０,4258.549,4258.68,4160.914,4191.33,4175.555,82.994,1.9876,22569587,43339998739.0
2007-12-26,'000016,上证５０,4175.555,4207.164,4121.611,4174.771,4162.079,13.476,0.3238,17547576,33222054624.0
2007-12-25,'000016,上证５０,4162.079,4200.82,4144.137,4179.84,4172.444,-10.365,-0.2484,15578497,30416145793.0
2007-12-24,'000016,上证５０,4172.444,4201.851,4096.67,4112.524,4081.005,91.439,2.2406,21313435,42150133065.0
2007-12-21,'000016,上证５０,4081.005,4096.242,4019.685,4022.447,4040.036,40.969,1.0141,14441946,27660968882.0
2007-12-20,'000016,上证５０,4040.036,4050.766,3942.631,3971.752,3953.055,86.981,2.2003,12205208,23265595370.0
2007-12-19,'000016,上证５０,3953.055,3967.667,3879.711,3893.219,3849.147,103.908,2.6995,13497557,23830607546.0
2007-12-18,'000016,上证５０,3849.147,3895.359,3826.917,3849.201,3876.139,-26.992,-0.6964,8728581,18981071104.0
2007-12-17,'000016,上证５０,3876.139,4003.263,3871.471,4002.988,4008.878,-132.739,-3.3111,14107972,29624600073.0
2007-12-14,'000016,上证５０,4008.878,4010.496,3881.5,3901.574,3948.737,60.141,1.523,11638616,23515465558.0
2007-12-13,'000016,上证５０,3948.737,4075.666,3944.81,4061.424,4083.594,-134.857,-3.3024,13572132,30080920973.0
2007-12-12,'000016,上证５０,4083.594,4132.107,4049.102,4130.769,4159.432,-75.838,-1.8233,15361746,34465983135.0
2007-12-11,'000016,上证５０,4159.432,4216.53,4097.266,4197.703,4165.864,-6.432,-0.1544,15639780,33090585482.0
2007-12-10,'000016,上证５０,4165.864,4172.174,4040.564,4052.375,4122.062,43.802,1.0626,17395469,33258077797.0
2007-12-07,'000016,上证５０,4122.062,4128.779,4075.447,4076.444,4070.157,51.905,1.2753,9954546,18475008453.0
2007-12-06,'000016,上证５０,4070.157,4094.251,4037.283,4085.037,4070.822,-0.665,-0.0163,9679349,18997677116.0
2007-12-05,'000016,上证５０,4070.822,4074.957,3954.691,3963.558,3963.187,107.635,2.7159,14022272,26756899573.0
2007-12-04,'000016,上证５０,3963.187,4018.647,3921.912,3921.912,3910.129,53.058,1.3569,10795978,20486812092.0
2007-12-03,'000016,上证５０,3910.129,3943.497,3838.487,3859.854,3880.339,29.79,0.7677,10377022,19827850855.0
2007-11-30,'000016,上证５０,3880.339,3968.674,3867.115,3968.674,3975.709,-95.37,-2.3988,13425769,26329346065.0
2007-11-29,'000016,上证５０,3975.709,3977.893,3796.248,3840.389,3784.279,191.43,5.0586,19505464,37106110837.0
2007-11-28,'000016,上证５０,3784.279,3873.785,3757.957,3839.511,3829.728,-45.449,-1.1867,11197348,21485377924.0
2007-11-27,'000016,上证５０,3829.728,3917.555,3827.415,3874.768,3910.457,-80.729,-2.0644,9133603,19888482955.0
2007-11-26,'000016,上证５０,3910.457,4038.478,3904.745,4020.645,3961.369,-50.912,-1.2852,10568205,21755567537.0
2007-11-23,'000016,上证５０,3961.369,3962.7,3844.179,3865.406,3895.945,65.424,1.6793,9675194,19815111947.0
2007-11-22,'000016,上证５０,3895.945,4039.704,3881.445,3988.144,4064.782,-168.837,-4.1537,12367238,25218771280.0
2007-11-21,'000016,上证５０,4064.782,4186.289,4061.828,4150.844,4136.078,-71.296,-1.7238,10726122,21349677843.0
2007-11-20,'000016,上证５０,4136.078,4167.594,4006.468,4059.188,4086.383,49.695,1.2161,14775299,29220860082.0
2007-11-19,'000016,上证５０,4086.383,4155.691,4066.75,4141.198,4133.351,-46.968,-1.1363,11361100,21777385158.0
2007-11-16,'000016,上证５０,4133.351,4163.957,4066.541,4124.422,4201.794,-68.443,-1.6289,9028172,18190386035.0
2007-11-15,'000016,上证５０,4201.794,4269.759,4190.734,4227.753,4247.162,-45.368,-1.0682,13399135,26901539470.0
2007-11-14,'000016,上证５０,4247.162,4249.403,4063.507,4142.518,4071.299,175.863,4.3196,17039511,34219689837.0
2007-11-13,'000016,上证５０,4071.299,4206.455,4006.056,4145.531,4107.336,-36.037,-0.8774,18493533,34949723290.0
2007-11-12,'000016,上证５０,4107.336,4143.325,3951.329,4025.828,4139.572,-32.236,-0.7787,19934395,36689622677.0
2007-11-09,'000016,上证５０,4139.572,4198.249,4058.88,4110.222,4154.969,-15.397,-0.3706,17815304,33016573603.0
2007-11-08,'000016,上证５０,4154.969,4353.186,4150.967,4353.186,4383.631,-228.662,-5.2163,17279657,32249035493.0
2007-11-07,'000016,上证５０,4383.631,4400.624,4276.761,4367.625,4344.886,38.745,0.8917,14431451,27464238846.0
2007-11-06,'000016,上证５０,4344.886,4428.317,4324.234,4371.912,4410.966,-66.08,-1.4981,13832815,27028998039.0
2007-11-05,'000016,上证５０,4410.966,4547.887,4389.495,4517.225,4543.163,-132.197,-2.9098,18090021,37775235758.0
2007-11-02,'000016,上证５０,4543.163,4599.392,4500.492,4536.216,4607.219,-64.056,-1.3903,23524190,48051331002.0
2007-11-01,'000016,上证５０,4607.219,4668.731,4602.513,4648.692,4627.776,-20.557,-0.4442,25190926,45144506882.0
2007-10-31,'000016,上证５０,4627.776,4667.321,4564.662,4652.959,4592.329,35.447,0.7719,24412557,46072103062.0
2007-10-30,'000016,上证５０,4592.329,4593.344,4476.284,4538.111,4527.122,65.207,1.4404,20207155,36840965909.0
2007-10-29,'000016,上证５０,4527.122,4534.71,4451.912,4453.327,4429.979,97.143,2.1929,17849736,32049790171.0
2007-10-26,'000016,上证５０,4429.979,4460.651,4313.801,4321.681,4364.123,65.856,1.509,15459279,31151592688.0
2007-10-25,'000016,上证５０,4364.123,4534.395,4352.942,4511.514,4550.561,-186.438,-4.097,23511746,44200925081.0
2007-10-24,'000016,上证５０,4550.561,4598.889,4486.681,4496.506,4475.44,75.121,1.6785,23219787,46791802842.0
2007-10-23,'000016,上证５０,4475.44,4478.728,4342.034,4388.24,4390.267,85.173,1.94,21038079,40113680350.0
2007-10-22,'000016,上证５０,4390.267,4479.048,4374.121,4441.531,4494.561,-104.294,-2.3204,15650272,27682585876.0
2007-10-19,'000016,上证５０,4494.561,4594.699,4454.149,4545.633,4508.662,-14.101,-0.3128,17655956,33418433942.0
2007-10-18,'000016,上证５０,4508.662,4684.863,4481.013,4676.519,4684.106,-175.444,-3.7455,23828147,46028572882.0
2007-10-17,'000016,上证５０,4684.106,4744.776,4647.886,4713.752,4731.826,-47.72,-1.0085,23614836,46865740272.0
2007-10-16,'000016,上证５０,4731.826,4772.933,4688.263,4726.083,4694.314,37.512,0.7991,37169523,65105251966.0
2007-10-15,'000016,上证５０,4694.314,4695.832,4572.428,4606.484,4578.686,115.628,2.5254,36665923,69777027473.0
2007-10-12,'000016,上证５０,4578.686,4633.814,4391.139,4601.985,4577.884,0.802,0.0175,38403481,69303274907.0
2007-10-11,'000016,上证５０,4577.884,4579.652,4439.239,4458.194,4445.956,131.928,2.9674,34248857,64444327800.0
2007-10-10,'000016,上证５０,4445.956,4524.451,4413.635,4444.667,4425.702,20.254,0.4576,32285308,55399751496.0
2007-10-09,'000016,上证５０,4425.702,4438.561,4351.9,4393.472,4401.282,24.42,0.5548,24981343,41960332137.0
2007-10-08,'000016,上证５０,4401.282,4444.687,4347.758,4407.5,4307.417,93.865,2.1791,35718103,55447664658.0
2007-09-28,'000016,上证５０,4307.417,4315.348,4229.598,4229.598,4189.122,118.295,2.8239,21020966,40060156268.0
2007-09-27,'000016,上证５０,4189.122,4190.401,4130.028,4142.066,4140.323,48.799,1.1786,13231802,25115426976.0
2007-09-26,'000016,上证５０,4140.323,4245.901,4128.262,4177.27,4193.062,-52.739,-1.2578,15044922,30553444576.0
2007-09-25,'000016,上证５０,4193.062,4265.373,4169.819,4246.898,4231.75,-38.688,-0.9142,17469340,32936019881.0
2007-09-24,'000016,上证５０,4231.75,4245.968,4134.27,4201.416,4197.038,34.712,0.8271,21801298,41804757225.0
2007-09-21,'000016,上证５０,4197.038,4232.095,4118.326,4227.329,4222.419,-25.381,-0.6011,25140903,44170985725.0
2007-09-20,'000016,上证５０,4222.419,4237.524,4169.907,4171.672,4161.587,60.832,1.4618,22526696,43015198256.0
2007-09-19,'000016,上证５０,4161.587,4226.365,4121.722,4212.186,4204.701,-43.114,-1.0254,22045152,41435634804.0
2007-09-18,'000016,上证５０,4204.701,4269.586,4145.843,4261.446,4237.923,-33.222,-0.7839,31320964,55115965847.0
2007-09-17,'000016,上证５０,4237.923,4244.977,4170.328,4170.95,4165.566,72.357,1.737,29968729,52640920014.0
2007-09-14,'000016,上证５０,4165.566,4177.871,4079.179,4148.081,4143.115,22.451,0.5419,24654007,45849506771.0
2007-09-13,'000016,上证５０,4143.115,4145.113,4042.957,4056.185,4035.72,107.395,2.6611,24461245,45443510298.0
2007-09-12,'000016,上证５０,4035.72,4056.167,3939.35,3977.025,3992.034,43.686,1.0943,24706759,41842017652.0
2007-09-11,'000016,上证５０,3992.034,4199.27,3968.23,4182.716,4172.815,-180.781,-4.3324,28029000,47716150522.0
2007-09-10,'000016,上证５０,4172.815,4182.19,4020.707,4052.549,4111.931,60.884,1.4807,26919102,44309440904.0
2007-09-07,'000016,上证５０,4111.931,4205.609,4099.739,4186.438,4204.797,-92.866,-2.2086,33351449,55045346068.0
2007-09-06,'000016,上证５０,4204.797,4243.076,4155.393,4166.909,4147.747,57.05,1.3754,31345976,50532398638.0
2007-09-05,'000016,上证５０,4147.747,4191.832,4074.293,4162.573,4166.852,-19.105,-0.4585,26620238,45453901626.0
2007-09-04,'000016,上证５０,4166.852,4245.944,4144.537,4226.935,4240.643,-73.791,-1.7401,34232428,57084660270.0
2007-09-03,'000016,上证５０,4240.643,4252.754,4176.864,4176.864,4150.167,90.476,2.1801,32231001,52861578575.0
2007-08-31,'000016,上证５０,4150.167,4158.988,4070.868,4118.815,4111.29,38.877,0.9456,25206734,46250272179.0
2007-08-30,'000016,上证５０,4111.29,4147.957,4086.617,4104.508,4080.079,31.211,0.765,22501004,40588958343.0
2007-08-29,'000016,上证５０,4080.079,4158.737,4059.012,4113.903,4147.86,-67.781,-1.6341,27731257,49625080342.0
2007-08-28,'000016,上证５０,4147.86,4164.82,4058.001,4119.237,4134.695,13.165,0.3184,31400321,52819668170.0
2007-08-27,'000016,上证５０,4134.695,4188.184,4091.612,4128.737,4104.658,30.037,0.7318,35351163,57435535111.0
2007-08-24,'000016,上证５０,4104.658,4120.752,4032.254,4037.176,4013.344,91.314,2.2753,30170218,50508392137.0
2007-08-23,'000016,上证５０,4013.344,4033.738,3925.238,3962.636,3949.827,63.517,1.6081,24520087,43040096755.0
2007-08-22,'000016,上证５０,3949.827,3972.029,3830.499,3839.102,3903.66,46.167,1.1827,27213196,46000709771.0
2007-08-21,'000016,上证５０,3903.66,3924.82,3849.423,3851.379,3831.053,72.607,1.8952,32191542,50675144237.0
2007-08-20,'000016,上证５０,3831.053,3831.496,3709.517,3718.195,3606.528,224.525,6.2255,30273396,46421979223.0
2007-08-17,'000016,上证５０,3606.528,3758.543,3597.593,3674.419,3698.951,-92.423,-2.4986,30543699,48099208216.0
2007-08-16,'000016,上证５０,3698.951,3782.848,3660.607,3775.363,3799.237,-100.286,-2.6396,30289202,45982556856.0
2007-08-15,'000016,上证５０,3799.237,3823.939,3712.865,3782.623,3787.108,12.129,0.3203,29071694,45008029235.0
2007-08-14,'000016,上证５０,3787.108,3793.678,3715.257,3740.013,3740.566,46.542,1.2443,29190284,45829757923.0
2007-08-13,'000016,上证５０,3740.566,3796.169,3690.624,3717.529,3707.916,32.65,0.8805,48317192,68612582708.0
2007-08-10,'000016,上证５０,3707.916,3739.019,3634.992,3700.924,3704.584,3.332,0.0899,35559207,50866451433.0
2007-08-09,'000016,上证５０,3704.584,3723.483,3596.184,3598.209,3596.282,108.302,3.0115,37378079,49978970162.0
2007-08-08,'000016,上证５０,3596.282,3654.443,3533.768,3578.239,3612.701,-16.419,-0.4545,48866785,59052675720.0
2007-08-07,'000016,上证５０,3612.701,3641.228,3562.477,3606.592,3595.033,17.668,0.4915,34724435,58296284660.0
2007-08-06,'000016,上证５０,3595.033,3608.399,3539.074,3552.003,3520.144,74.889,2.1274,31452482,51855506990.0
2007-08-03,'000016,上证５０,3520.144,3521.968,3390.013,3390.013,3362.457,157.687,4.6896,36883469,59137838289.0
2007-08-02,'000016,上证５０,3362.457,3388.51,3279.474,3298.628,3281.34,81.117,2.4721,25344111,39102490011.0
2007-08-01,'000016,上证５０,3281.34,3430.051,3267.683,3408.526,3391.858,-110.518,-3.2583,32070205,45269659085.0
2007-07-31,'000016,上证５０,3391.858,3394.881,3314.762,3347.621,3359.707,32.151,0.957,27215960,40446227605.0
2007-07-30,'000016,上证５０,3359.707,3372.608,3290.846,3294.682,3293.38,66.327,2.0139,32022499,45231715738.0
2007-07-27,'000016,上证５０,3293.38,3306.151,3249.354,3285.682,3315.022,-21.642,-0.6528,26206951,38175498866.0
2007-07-26,'000016,上证５０,3315.022,3336.944,3286.494,3323.374,3304.747,10.275,0.3109,25945946,37872386486.0
2007-07-25,'000016,上证５０,3304.747,3305.908,3229.242,3229.288,3226.958,77.789,2.4106,28083524,40934807920.0
2007-07-24,'000016,上证５０,3226.958,3280.746,3210.003,3242.2,3225.639,1.319,0.0409,32048824,42601307126.0
2007-07-23,'000016,上证５０,3225.639,3227.485,3133.28,3133.28,3102.789,122.85,3.9593,40967784,53951208568.0
2007-07-20,'000016,上证５０,3102.789,3104.77,2972.682,2972.682,2972.502,130.287,4.3831,25710131,34019410404.0
2007-07-19,'000016,上证５０,2972.502,2998.419,2953.835,2971.355,2978.901,-6.399,-0.2148,13434580,18700805819.0
2007-07-18,'000016,上证５０,2978.901,3017.908,2932.116,2944.071,2956.496,22.405,0.7578,23460964,30510264372.0
2007-07-17,'000016,上证50,2956.496,2969.198,2847.404,2872.812,2878.356,78.14,2.7147,14008484,19792833658.0
2007-07-16,'000016,上证50,2878.356,2980.919,2877.541,2974.922,2970.342,-91.986,-3.0968,11347292,15770556115.0
2007-07-13,'000016,上证50,2970.342,2981.48,2939.784,2976.536,2969.573,0.769,0.0259,11825452,15708389280.0
2007-07-12,'000016,上证50,2969.573,2985.04,2932.425,2945.137,2937.598,31.975,1.0885,13449964,18323074453.0
2007-07-11,'000016,上证50,2937.598,2944.946,2897.315,2920.737,2936.938,0.66,0.0225,13209131,18030122385.0
2007-07-10,'000016,上证50,2936.938,2997.782,2927.727,2957.064,2939.097,-2.159,-0.0735,22359120,29753098563.0
2007-07-09,'000016,上证５０,2939.097,2953.133,2858.922,2883.538,2860.735,78.362,2.7392,21534582,28011522602.0
2007-07-06,'000016,上证５０,2860.735,2862.121,2700.756,2733.688,2745.974,114.761,4.1792,19178215,24721609936.0
2007-07-05,'000016,上证５０,2745.974,2860.095,2743.422,2843.688,2877.802,-131.828,-4.5809,17272978,22061335839.0
2007-07-04,'000016,上证５０,2877.802,2965.606,2864.996,2961.384,2955.207,-77.405,-2.6193,15252622,20484363849.0
2007-07-03,'000016,上证５０,2955.207,2960.636,2903.298,2922.099,2910.886,44.321,1.5226,20359094,27139570156.0
2007-07-02,'000016,上证５０,2910.886,2943.73,2828.359,2906.138,2915.882,-4.996,-0.1713,21783536,28974786008.0
2007-06-29,'000016,上证５０,2915.882,2986.007,2889.638,2904.355,2969.494,-53.612,-1.8054,22461983,30579192800.0
2007-06-28,'000016,上证５０,2969.494,3099.159,2968.991,3063.236,3057.337,-87.843,-2.8732,28983914,38438490923.0
2007-06-27,'000016,上证５０,3057.337,3068.32,2956.808,2977.194,2966.244,91.093,3.071,24177650,35279962507.0
2007-06-26,'000016,上证５０,2966.244,2968.395,2860.716,2892.034,2942.286,23.958,0.8143,20064191,29610920636.0
2007-06-25,'000016,上证５０,2942.286,3082.819,2927.785,3054.281,3037.509,-95.223,-3.1349,26834446,41270688705.0
2007-06-22,'000016,上证５０,3037.509,3146.0,2982.231,3114.819,3109.915,-72.406,-2.3282,28717924,44192970239.0
2007-06-21,'000016,上证５０,3109.915,3118.666,3043.298,3048.374,3059.16,50.755,1.6591,26187423,41712031588.0
2007-06-20,'000016,上证５０,3059.16,3150.487,3050.427,3133.307,3132.305,-73.145,-2.3352,28110119,41299604597.0
2007-06-19,'000016,上证５０,3132.305,3155.969,3100.833,3123.886,3133.531,-1.226,-0.0391,29323732,43534264165.0
2007-06-18,'000016,上证５０,3133.531,3154.26,3087.803,3090.167,3035.778,97.753,3.22,36491335,53624723779.0
2007-06-15,'000016,上证５０,3035.778,3046.714,2973.962,2984.268,3010.165,25.613,0.8509,25335183,37841262480.0
2007-06-14,'000016,上证５０,3010.165,3050.992,2982.806,3036.346,3045.944,-35.779,-1.1746,29068949,42577977307.0
2007-06-13,'000016,上证５０,3045.944,3058.494,3000.915,3007.651,2982.901,63.043,2.1135,42017030,57785605233.0
2007-06-12,'000016,上证５０,2982.901,2984.07,2859.601,2930.428,2918.305,64.596,2.2135,34702675,52275384613.0
2007-06-11,'000016,上证５０,2918.305,2924.18,2856.993,2875.106,2856.019,62.286,2.1809,33671249,47137518431.0
2007-06-08,'000016,上证５０,2856.019,2875.504,2812.94,2861.813,2856.539,-0.52,-0.0182,30917610,44694200974.0
2007-06-07,'000016,上证５０,2856.539,2857.308,2786.773,2797.231,2781.319,75.22,2.7045,33261002,46360014717.0
2007-06-06,'000016,上证５０,2781.319,2814.062,2713.08,2788.971,2778.658,2.661,0.0958,32093064,44642868135.0
2007-06-05,'000016,上证５０,2778.658,2780.751,2493.312,2638.421,2695.765,82.893,3.0749,42908891,53903153271.0
2007-06-04,'000016,上证５０,2695.765,2935.876,2685.726,2923.411,2906.588,-210.823,-7.2533,40329137,52522134301.0
2007-06-01,'000016,上证５０,2906.588,3055.873,2885.52,2963.468,2940.374,-33.786,-1.149,51653338,77769533397.0
2007-05-31,'000016,上证５０,2940.374,2986.533,2748.056,2838.097,2857.002,83.372,2.9182,55066955,75453362820.0
2007-05-30,'000016,上证５０,2857.002,3000.944,2828.856,2875.79,3050.437,-193.435,-6.3412,57231270,79810495572.0
2007-05-29,'000016,上证５０,3050.437,3051.065,3002.907,3009.441,2998.859,51.578,1.7199,44126343,60405841531.0
2007-05-28,'000016,上证５０,2998.859,3012.596,2968.905,2976.756,2942.513,56.346,1.9149,45005924,63830707180.0
2007-05-25,'000016,上证５０,2942.513,2958.739,2881.495,2894.703,2906.815,35.698,1.2281,34208738,48864293428.0
2007-05-24,'000016,上证５０,2906.815,2949.882,2866.943,2927.485,2919.943,-13.128,-0.4496,42211406,57690157475.0
2007-05-23,'000016,上证５０,2919.943,2920.756,2862.494,2887.64,2882.665,37.278,1.2932,35205365,47408577193.0
2007-05-22,'000016,上证５０,2882.665,2903.846,2869.008,2873.308,2864.699,17.966,0.6272,38477551,50647122322.0
2007-05-21,'000016,上证５０,2864.699,2875.017,2757.567,2763.768,2854.318,10.381,0.3637,39162670,51781999238.0
2007-05-18,'000016,上证５０,2854.318,2875.621,2835.981,2862.939,2872.787,-18.469,-0.6429,28400646,38087388231.0
2007-05-17,'000016,上证５０,2872.787,2888.446,2825.208,2837.722,2828.525,44.262,1.5648,31849112,44421314939.0
2007-05-16,'000016,上证５０,2828.525,2829.528,2731.82,2764.261,2770.655,57.87,2.0887,31148045,42997543395.0
2007-05-15,'000016,上证５０,2770.655,2895.321,2768.928,2888.914,2885.505,-114.85,-3.9802,38858526,51671191688.0
2007-05-14,'000016,上证５０,2885.505,2919.44,2803.525,2823.464,2867.972,17.533,0.6113,39575927,55014117473.0
2007-05-11,'000016,上证５０,2867.972,2880.86,2809.695,2868.633,2885.717,-17.745,-0.6149,36816421,52946039343.0
2007-05-10,'000016,上证５０,2885.717,2903.708,2844.489,2864.096,2860.312,25.405,0.8882,51744391,60806247738.0
2007-05-09,'000016,上证５０,2860.312,2867.095,2760.216,2833.335,2831.262,29.05,1.026,65656454,77418733028.0
2007-05-08,'000016,上证５０,2831.262,2849.591,2795.739,2827.122,2757.827,73.435,2.6628,40866868,54679351122.0
2007-04-30,'000016,上证５０,2757.827,2768.945,2694.239,2715.886,2681.3,76.527,2.8541,34906778,49700893348.0
2007-04-27,'000016,上证５０,2681.3,2717.97,2654.95,2706.357,2702.128,-20.828,-0.7708,30780101,41574194293.0
2007-04-26,'000016,上证５０,2702.128,2711.412,2664.759,2696.396,2679.083,23.045,0.8602,30739285,38832641340.0
2007-04-25,'000016,上证５０,2679.083,2695.394,2608.735,2649.674,2659.213,19.87,0.7472,43693220,50469880571.0
2007-04-24,'000016,上证５０,2659.213,2693.583,2640.273,2673.984,2651.43,7.783,0.2935,43205998,51451966414.0
2007-04-23,'000016,上证５０,2651.43,2651.613,2570.481,2573.995,2547.501,103.929,4.0796,46972100,52224098641.0
2007-04-20,'000016,上证５０,2547.501,2553.528,2465.741,2465.741,2452.547,94.954,3.8716,35429024,42079468478.0
2007-04-19,'000016,上证５０,2452.547,2558.794,2380.32,2555.077,2558.519,-105.972,-4.1419,45058193,51958377329.0
2007-04-18,'000016,上证５０,2558.519,2578.848,2530.406,2578.848,2577.015,-18.496,-0.7177,37657666,44092798173.0
2007-04-17,'000016,上证５０,2577.015,2603.704,2504.101,2595.051,2585.343,-8.328,-0.3221,35573346,42905482347.0
2007-04-16,'000016,上证５０,2585.343,2586.801,2519.328,2519.657,2517.789,67.554,2.6831,33186637,40349250785.0
2007-04-13,'000016,上证５０,2517.789,2551.061,2507.584,2538.403,2535.098,-17.309,-0.6828,37492052,45612466110.0
2007-04-12,'000016,上证５０,2535.098,2540.543,2502.185,2513.846,2508.472,26.626,1.0614,33726349,41302454285.0
2007-04-11,'000016,上证５０,2508.472,2514.023,2464.212,2486.974,2473.758,34.714,1.4033,41932808,48095031407.0
2007-04-10,'000016,上证５０,2473.758,2479.2,2419.84,2459.411,2442.926,30.832,1.2621,42501665,47928733197.0
2007-04-09,'000016,上证５０,2442.926,2443.1,2398.856,2398.856,2390.642,52.284,2.187,34727816,38381324022.0
2007-04-06,'000016,上证５０,2390.642,2399.829,2361.365,2369.892,2392.64,-1.998,-0.0835,29400402,33129721600.0
2007-04-05,'000016,上证５０,2392.64,2398.472,2352.922,2367.424,2372.657,19.983,0.8422,28839586,31925758292.0
2007-04-04,'000016,上证５０,2372.657,2386.149,2350.857,2367.924,2362.982,9.675,0.4094,29674533,33114753983.0
2007-04-03,'000016,上证５０,2362.982,2367.709,2337.77,2352.384,2342.525,20.457,0.8733,30845514,32589455793.0
2007-04-02,'000016,上证５０,2342.525,2343.199,2299.493,2299.493,2288.263,54.262,2.3713,30412660,32137389232.0
2007-03-30,'000016,上证５０,2288.263,2313.483,2274.715,2287.71,2301.483,-13.22,-0.5744,28424342,29101347609.0
2007-03-29,'000016,上证５０,2301.483,2351.348,2281.247,2285.021,2277.965,23.518,1.0324,58079052,59017950052.0
2007-03-28,'000016,上证５０,2277.965,2280.572,2184.4,2240.239,2237.22,40.745,1.8212,51856368,49291846978.0
2007-03-27,'000016,上证５０,2237.22,2244.21,2216.799,2234.626,2230.004,7.216,0.3236,30136279,30135059509.0
2007-03-26,'000016,上证５０,2230.004,2230.833,2188.916,2204.769,2200.042,29.962,1.3619,28624441,28132724955.0
2007-03-23,'000016,上证５０,2200.042,2220.367,2151.879,2206.543,2208.47,-8.428,-0.3816,28095872,27560983540.0
2007-03-22,'000016,上证５０,2208.47,2228.316,2199.779,2212.155,2192.931,15.539,0.7086,31888936,32133778915.0
2007-03-21,'000016,上证５０,2192.931,2204.07,2170.931,2182.451,2175.131,17.8,0.8183,21396051,23331086712.0
2007-03-20,'000016,上证５０,2175.131,2187.234,2152.963,2184.313,2176.152,-1.021,-0.0469,22179740,22572195945.0
2007-03-19,'000016,上证５０,2176.152,2195.276,2054.926,2060.765,2107.627,68.525,3.2513,34140703,33494751703.0
2007-03-16,'000016,上证５０,2107.627,2154.734,2085.363,2145.919,2138.05,-30.423,-1.4229,27803552,28749842355.0
2007-03-15,'000016,上证５０,2138.05,2138.919,2098.638,2098.638,2100.56,37.49,1.7848,21057070,21355668639.0
2007-03-14,'000016,上证５０,2100.56,2123.012,2074.501,2119.868,2149.972,-49.412,-2.2983,23143192,22274593263.0
2007-03-13,'000016,上证５０,2149.972,2152.001,2125.963,2145.178,2140.528,9.444,0.4412,22130556,20733398728.0
2007-03-12,'000016,上证５０,2140.528,2148.292,2105.845,2146.979,2144.218,-3.69,-0.1721,22930439,21590513668.0
2007-03-09,'000016,上证５０,2144.218,2171.84,2125.559,2154.508,2150.153,-5.935,-0.276,28613510,25843456225.0
2007-03-08,'000016,上证５０,2150.153,2150.948,2105.661,2134.759,2129.48,20.673,0.9708,18285949,17736812920.0
2007-03-07,'000016,上证５０,2129.48,2143.592,2084.029,2086.624,2076.871,52.609,2.5331,23233433,21999929725.0
2007-03-06,'000016,上证５０,2076.871,2100.998,2004.382,2015.689,2019.727,57.144,2.8293,21665084,20740075298.0
2007-03-05,'000016,上证５０,2019.727,2088.469,1978.57,2062.032,2069.074,-49.347,-2.385,25596094,22921298951.0
2007-03-02,'000016,上证５０,2069.074,2082.049,2022.855,2033.899,2039.678,29.396,1.4412,21465010,19900444332.0
2007-03-01,'000016,上证５０,2039.678,2097.103,2009.53,2097.103,2096.226,-56.548,-2.6976,28301494,26719127992.0
2007-02-28,'000016,上证５０,2096.226,2104.576,1996.564,1996.564,2030.357,65.869,3.2442,31087440,28479196013.0
2007-02-27,'000016,上证５０,2030.357,2253.474,2027.749,2251.204,2242.764,-212.407,-9.4708,40614465,37912949319.0
2007-02-26,'000016,上证５０,2242.764,2248.38,2197.368,2225.869,2232.978,9.786,0.4382,31427468,29513545400.0
2007-02-16,'000016,上证５０,2232.978,2266.426,2217.794,2255.576,2235.447,-2.469,-0.1104,28965360,26447385979.0
2007-02-15,'000016,上证５０,2235.447,2236.825,2192.896,2192.896,2174.002,61.445,2.8264,27136518,25557776642.0
2007-02-14,'000016,上证５０,2174.002,2181.84,2105.592,2112.677,2108.626,65.376,3.1004,24463064,23306229927.0
2007-02-13,'000016,上证５０,2108.626,2114.513,2081.33,2091.303,2082.402,26.224,1.2593,19728032,18559698072.0
2007-02-12,'000016,上证５０,2082.402,2083.111,2001.342,2004.216,2003.324,79.078,3.9473,21809220,20789295546.0
2007-02-09,'000016,上证５０,2003.324,2027.854,1987.008,2024.902,2023.178,-19.854,-0.9813,21407546,19956851416.0
2007-02-08,'000016,上证５０,2023.178,2031.536,1980.317,2006.752,2001.373,21.805,1.0895,22538144,21169477514.0
2007-02-07,'000016,上证５０,2001.373,2029.992,1964.255,1964.255,1954.155,47.218,2.4163,31967917,30187390134.0
2007-02-06,'000016,上证５０,1954.155,1955.708,1824.599,1901.576,1906.03,48.125,2.5249,33062005,29123076555.0
2007-02-05,'000016,上证５０,1906.03,1956.788,1899.682,1943.056,1954.966,-48.936,-2.5032,20245250,17918375804.0
2007-02-02,'000016,上证５０,1954.966,2057.162,1945.098,2052.953,2051.662,-96.696,-4.7131,25412577,22792346857.0
2007-02-01,'000016,上证５０,2051.662,2064.611,1981.558,2021.442,2052.905,-1.243,-0.0605,27000412,23725516560.0
2007-01-31,'000016,上证５０,2052.905,2193.83,2034.355,2186.416,2197.193,-144.288,-6.5669,36488460,31271164758.0
2007-01-30,'000016,上证５０,2197.193,2251.567,2176.999,2232.204,2222.414,-25.221,-1.1348,34654404,31350825208.0
2007-01-29,'000016,上证５０,2222.414,2238.433,2175.845,2181.872,2164.514,57.9,2.675,37522301,34670456048.0
2007-01-26,'000016,上证５０,2164.514,2176.347,2026.114,2066.515,2098.181,66.333,3.1615,32471582,30693694325.0
2007-01-25,'000016,上证５０,2098.181,2160.887,2088.931,2124.167,2145.694,-47.513,-2.2143,32723074,32276271554.0
2007-01-24,'000016,上证５０,2145.694,2170.333,2106.141,2111.708,2105.99,39.704,1.8853,35859937,35259504342.0
2007-01-23,'000016,上证５０,2105.99,2113.397,2025.827,2095.221,2075.537,30.453,1.4672,42660214,39411490807.0
2007-01-22,'000016,上证５０,2075.537,2076.691,2020.0,2020.0,1995.532,80.005,4.0092,36297927,31017599503.0
2007-01-19,'000016,上证５０,1995.532,1997.155,1937.038,1937.038,1936.921,58.611,3.026,29118399,26004575383.0
2007-01-18,'000016,上证５０,1936.921,1964.552,1884.388,1942.988,1955.742,-18.821,-0.9623,30851151,26842802349.0
2007-01-17,'000016,上证５０,1955.742,2033.923,1927.12,1997.807,1992.096,-36.354,-1.8249,32812867,29260824517.0
2007-01-16,'000016,上证５０,1992.096,2005.511,1950.024,1989.222,1963.163,28.933,1.4738,31053243,26997689491.0
2007-01-15,'000016,上证５０,1963.163,1963.845,1872.078,1872.078,1876.143,87.02,4.6382,26504607,22186985316.0
2007-01-12,'000016,上证５０,1876.143,1941.507,1861.553,1911.508,1927.219,-51.076,-2.6502,29073153,23832066139.0
2007-01-11,'000016,上证５０,1927.219,1977.879,1922.323,1964.652,1963.633,-36.414,-1.8544,31261786,26144990535.0
2007-01-10,'000016,上证５０,1963.633,1964.347,1915.809,1945.296,1932.277,31.356,1.6227,34810267,28485628332.0
2007-01-09,'000016,上证５０,1932.277,1933.321,1852.469,1858.093,1856.616,75.661,4.0752,35648459,28364687397.0
2007-01-08,'000016,上证５０,1856.616,1862.839,1804.409,1813.619,1815.12,41.496,2.2861,37053974,28444112060.0
2007-01-05,'000016,上证５０,1815.12,1844.228,1791.638,1814.702,1836.136,-21.016,-1.1446,45845544,33274113492.0
2007-01-04,'000016,上证５０,1836.136,1924.922,1821.476,1842.633,1805.314,30.822,1.7073,54778663,42475425830.0
2006-12-29,'000016,上证５０,1805.314,1819.035,1751.405,1751.405,1737.161,68.153,3.9232,39686345,28775585239.0
2006-12-28,'000016,上证５０,1737.161,1773.321,1723.535,1730.797,1726.433,10.728,0.6214,33758446,23041981684.0
2006-12-27,'000016,上证５０,1726.433,1726.582,1676.474,1678.019,1673.88,52.553,3.1396,30400427,19528071651.0
2006-12-26,'000016,上证５０,1673.88,1692.829,1650.796,1666.073,1665.159,8.721,0.5237,29664044,18984144583.0
2006-12-25,'000016,上证５０,1665.159,1683.444,1619.569,1619.569,1614.238,50.921,3.1545,28552325,20033829614.0
2006-12-22,'000016,上证５０,1614.238,1634.946,1602.402,1610.828,1620.241,-6.003,-0.3705,19182150,14307393720.0
2006-12-21,'000016,上证５０,1620.241,1654.118,1618.614,1643.909,1643.971,-23.73,-1.4435,24208295,16702974318.0
2006-12-20,'000016,上证５０,1643.971,1649.346,1611.197,1632.663,1643.141,0.83,0.0505,22112443,15022735933.0
2006-12-19,'000016,上证５０,1643.141,1666.214,1613.983,1645.41,1637.142,5.999,0.3664,31476506,21305058669.0
2006-12-18,'000016,上证５０,1637.142,1638.241,1602.593,1602.593,1597.116,40.026,2.5061,26902454,18712147944.0
2006-12-15,'000016,上证５０,1597.116,1599.081,1566.007,1578.796,1573.478,23.638,1.5023,18761374,13679558350.0
2006-12-14,'000016,上证５０,1573.478,1574.149,1544.913,1547.602,1544.158,29.32,1.8988,19844825,13799080868.0
2006-12-13,'000016,上证５０,1544.158,1558.426,1523.07,1548.22,1544.908,-0.75,-0.0485,24461610,15806542536.0
2006-12-12,'000016,上证５０,1544.908,1560.234,1517.38,1533.973,1524.965,19.943,1.3078,31376402,18960215696.0
2006-12-11,'000016,上证５０,1524.965,1525.871,1447.255,1447.255,1453.918,71.047,4.8866,26079225,15422615686.0
2006-12-08,'000016,上证５０,1453.918,1511.746,1451.844,1486.711,1507.857,-53.939,-3.5772,32453434,19137982215.0
2006-12-07,'000016,上证５０,1507.857,1552.444,1495.662,1496.741,1498.312,9.545,0.6371,38377591,23230085232.0
2006-12-06,'000016,上证５０,1498.312,1521.44,1445.753,1500.562,1500.475,-2.163,-0.1442,35855588,21830683630.0
2006-12-05,'000016,上证５０,1500.475,1517.256,1488.726,1490.847,1486.531,13.944,0.938,27790667,18244932275.0
2006-12-04,'000016,上证５０,1486.531,1486.999,1431.039,1431.039,1430.363,56.168,3.9268,32494948,20161314213.0
2006-12-01,'000016,上证５０,1430.363,1440.299,1420.604,1427.754,1425.211,5.152,0.3615,21423472,14811943390.0
2006-11-30,'000016,上证５０,1425.211,1425.794,1386.693,1386.693,1382.717,42.494,3.0732,24263220,15506470602.0
2006-11-29,'000016,上证５０,1382.717,1389.052,1333.14,1343.019,1367.515,15.202,1.1117,18940349,11801524804.0
2006-11-28,'000016,上证５０,1367.515,1385.957,1354.098,1378.653,1381.325,-13.81,-0.9998,19358367,11699132923.0
2006-11-27,'000016,上证５０,1381.325,1387.212,1366.256,1378.476,1385.939,-4.614,-0.3329,21186748,13171470879.0
2006-11-24,'000016,上证５０,1385.939,1390.49,1369.78,1387.991,1395.678,-9.739,-0.6978,23931611,13830399384.0
2006-11-23,'000016,上证５０,1395.678,1403.871,1380.687,1382.915,1382.235,13.443,0.9726,26545498,14740346376.0
2006-11-22,'000016,上证５０,1382.235,1400.771,1362.236,1372.681,1376.632,5.603,0.407,28674673,17962053136.0
2006-11-21,'000016,上证５０,1376.632,1376.881,1338.966,1359.357,1362.451,14.181,1.0408,23585539,14530692746.0
2006-11-20,'000016,上证５０,1362.451,1362.836,1327.123,1327.123,1321.011,41.44,3.137,28495016,15624513831.0
2006-11-17,'000016,上证５０,1321.011,1321.96,1286.715,1292.509,1299.116,21.895,1.6854,22811896,12610246001.0
2006-11-16,'000016,上证５０,1299.116,1322.096,1296.408,1298.629,1293.253,5.863,0.4534,34915586,18194798393.0
2006-11-15,'000016,上证５０,1293.253,1293.799,1255.331,1263.349,1262.158,31.095,2.4636,20863527,12155338392.0
2006-11-14,'000016,上证５０,1262.158,1263.734,1227.624,1246.449,1245.828,16.33,1.3108,18882935,10304827963.0
2006-11-13,'000016,上证５０,1245.828,1274.933,1237.264,1259.1,1262.529,-16.701,-1.3228,21533032,12002878912.0
2006-11-10,'000016,上证５０,1262.529,1293.351,1251.902,1267.142,1268.332,-5.803,-0.4575,31014923,17107264097.0
2006-11-09,'000016,上证５０,1268.332,1273.26,1232.784,1234.562,1241.444,26.888,2.1659,16426880,9763380906.0
2006-11-08,'000016,上证５０,1241.444,1255.404,1240.31,1253.474,1258.646,-17.202,-1.3667,12513136,8018777551.0
2006-11-07,'000016,上证５０,1258.646,1259.29,1235.454,1252.017,1245.694,12.952,1.0397,18091595,11211118972.0
2006-11-06,'000016,上证５０,1245.694,1245.987,1205.582,1210.056,1219.003,26.691,2.1896,18865496,10749400185.0
2006-11-03,'000016,上证５０,1219.003,1227.783,1209.255,1211.446,1208.272,10.731,0.8881,18679775,10229462551.0
2006-11-02,'000016,上证５０,1208.272,1214.135,1197.262,1213.178,1211.553,-3.281,-0.2708,19052458,10698162331.0
2006-11-01,'000016,上证５０,1211.553,1211.812,1191.878,1194.636,1193.843,17.71,1.4834,17245489,9556925816.0
2006-10-31,'000016,上证５０,1193.843,1194.173,1177.983,1177.983,1175.796,18.047,1.5349,16473364,8704378416.0
2006-10-30,'000016,上证５０,1175.796,1176.764,1160.242,1163.184,1164.574,11.222,0.9636,15302368,7896198741.0
2006-10-27,'000016,上证５０,1164.574,1181.061,1160.34,1178.077,1178.077,-13.503,-1.1462,19219263,9698182200.0
2006-10-26,'000016,上证５０,1178.077,1178.631,1157.295,1166.176,1166.248,11.829,1.0143,21541651,10144448579.0
2006-10-25,'000016,上证５０,1166.248,1180.478,1157.343,1161.276,1159.133,7.115,0.6138,13683011,8494298595.0
2006-10-24,'000016,上证５０,1159.133,1159.423,1132.126,1132.126,1132.686,26.447,2.3349,10350174,6006091318.0
2006-10-23,'000016,上证５０,1132.686,1157.952,1130.21,1151.39,1152.313,-19.627,-1.7033,10682744,5977921770.0
2006-10-20,'000016,上证５０,1152.313,1161.298,1149.097,1149.926,1148.405,3.908,0.3403,9129232,5437710380.0
2006-10-19,'000016,上证５０,1148.405,1154.795,1144.347,1148.714,1146.926,1.479,0.129,8278639,4658461755.0
2006-10-18,'000016,上证５０,1146.926,1147.151,1124.159,1124.725,1125.442,21.484,1.9089,8364665,4914580824.0
2006-10-17,'000016,上证５０,1125.442,1138.48,1122.217,1132.235,1135.483,-10.041,-0.8843,8172174,4704951983.0
2006-10-16,'000016,上证５０,1135.483,1152.541,1133.108,1150.83,1149.579,-14.096,-1.2262,10143046,5791241049.0
2006-10-13,'000016,上证５０,1149.579,1155.685,1142.374,1145.828,1147.229,2.35,0.2048,11383976,6220404487.0
2006-10-12,'000016,上证５０,1147.229,1158.855,1144.229,1153.03,1152.414,-5.185,-0.4499,14304432,7467843055.0
2006-10-11,'000016,上证５０,1152.414,1155.913,1139.861,1151.948,1152.238,0.176,0.0153,12913167,6913561640.0
2006-10-10,'000016,上证５０,1152.238,1160.619,1144.992,1152.148,1151.433,0.805,0.0699,15935107,9404478053.0
2006-10-09,'000016,上证５０,1151.433,1151.706,1131.352,1134.402,1115.718,35.715,3.2011,18422810,9920940060.0
2006-09-29,'000016,上证５０,1115.718,1117.574,1103.422,1103.52,1101.972,13.746,1.2474,9916399,6031801314.0
2006-09-28,'000016,上证５０,1101.972,1102.615,1085.762,1089.621,1088.749,13.223,1.2145,7916432,4727446275.0
2006-09-27,'000016,上证５０,1088.749,1089.476,1076.19,1076.493,1077.302,11.447,1.0626,5831209,3423294006.0
2006-09-26,'000016,上证５０,1077.302,1091.465,1072.322,1090.847,1091.717,-14.415,-1.3204,7305084,4217116388.0
2006-09-25,'000016,上证５０,1091.717,1099.449,1082.472,1092.407,1094.179,-2.462,-0.225,9634932,5970127514.0
2006-09-22,'000016,上证５０,1094.179,1116.256,1093.392,1110.327,1106.873,-12.694,-1.1468,11494079,7279262708.0
2006-09-21,'000016,上证５０,1106.873,1109.92,1098.766,1098.766,1098.929,7.944,0.7229,10166960,5947101997.0
2006-09-20,'000016,上证５０,1098.929,1101.826,1090.446,1100.27,1101.956,-3.027,-0.2747,8725589,4995286815.0
2006-09-19,'000016,上证５０,1101.956,1108.723,1095.483,1098.307,1096.466,5.49,0.5007,9598097,5693571082.0
2006-09-18,'000016,上证５０,1096.466,1102.674,1091.986,1098.612,1094.149,2.317,0.2118,13654724,7596149850.0
2006-09-15,'000016,上证５０,1094.149,1094.816,1070.392,1070.392,1070.108,24.041,2.2466,20120937,9960018815.0
2006-09-14,'000016,上证５０,1070.108,1077.872,1060.169,1071.134,1069.011,1.097,0.1026,9425336,5621452561.0
2006-09-13,'000016,上证５０,1069.011,1084.208,1067.785,1068.417,1066.823,2.188,0.2051,16649135,8792777924.0
2006-09-12,'000016,上证５０,1066.823,1070.018,1056.96,1058.313,1057.853,8.97,0.8479,12658500,6607902648.0
2006-09-11,'000016,上证５０,1057.853,1058.002,1045.18,1051.751,1050.8,7.053,0.6712,7625074,4381018133.0
2006-09-08,'000016,上证５０,1050.8,1051.18,1042.471,1045.148,1045.154,5.646,0.5402,5920797,3459139748.0
2006-09-07,'000016,上证５０,1045.154,1059.147,1041.681,1059.121,1056.264,-11.11,-1.0518,8152386,4687540199.0
2006-09-06,'000016,上证５０,1056.264,1057.141,1047.323,1052.913,1052.166,4.098,0.3895,6877365,3546987975.0
2006-09-05,'000016,上证５０,1052.166,1056.807,1045.378,1048.062,1046.141,6.025,0.5759,9079965,5180219167.0
2006-09-04,'000016,上证５０,1046.141,1046.322,1032.532,1032.636,1033.739,12.402,1.1997,6124974,3369344271.0
2006-09-01,'000016,上证５０,1033.739,1049.693,1032.715,1047.812,1048.577,-14.838,-1.4151,7925549,4542776394.0
2006-08-31,'000016,上证５０,1048.577,1053.517,1044.462,1049.118,1048.776,-0.199,-0.019,6831951,4060649920.0
2006-08-30,'000016,上证５０,1048.776,1051.734,1041.424,1047.561,1049.64,-0.864,-0.0823,5774807,3569476012.0
2006-08-29,'000016,上证５０,1049.64,1060.61,1048.161,1050.31,1048.853,0.787,0.075,10047112,6339720235.0
2006-08-28,'000016,上证５０,1048.853,1049.346,1030.818,1030.98,1028.287,20.566,2.0,8552666,5371407107.0
2006-08-25,'000016,上证５０,1028.287,1033.822,1027.034,1029.722,1028.243,0.044,0.0043,5971569,3479303025.0
2006-08-24,'000016,上证５０,1028.243,1028.545,1014.17,1021.929,1021.873,6.37,0.6234,5267042,3263356948.0
2006-08-23,'000016,上证５０,1021.873,1028.086,1017.464,1017.464,1018.508,3.365,0.3304,6932734,4478493542.0
2006-08-22,'000016,上证５０,1018.508,1023.693,1008.008,1008.164,1008.31,10.198,1.0114,5956729,3800169600.0
2006-08-21,'000016,上证５０,1008.31,1008.56,982.896,986.454,1008.047,0.263,0.0261,4862398,2746857297.0
2006-08-18,'000016,上证５０,1008.047,1018.291,1006.037,1010.719,1009.311,-1.264,-0.1252,5325816,2809838868.0
2006-08-17,'000016,上证５０,1009.311,1016.184,1004.406,1016.184,1018.894,-9.583,-0.9405,5144127,2884826762.0
2006-08-16,'000016,上证５０,1018.894,1018.907,1004.281,1008.473,1007.798,11.096,1.101,7685408,4305356688.0
2006-08-15,'000016,上证５０,1007.798,1008.183,989.578,990.542,992.453,15.345,1.5462,5094588,3039344440.0
2006-08-14,'000016,上证５０,992.453,1016.708,988.988,1011.974,1011.639,-19.186,-1.8965,5836061,3386520134.0
2006-08-11,'000016,上证５０,1011.639,1015.405,1005.724,1011.265,1011.644,-0.005,-0.0005,5242413,3005085519.0
2006-08-10,'000016,上证５０,1011.644,1011.924,993.34,993.459,993.658,17.986,1.8101,7438685,3987617353.0
2006-08-09,'000016,上证５０,993.658,999.923,990.211,996.449,994.537,-0.879,-0.0884,4445287,2546022969.0
2006-08-08,'000016,上证５０,994.537,995.0,977.842,977.842,978.085,16.452,1.6821,5327039,3125615649.0
2006-08-07,'000016,上证５０,978.085,992.223,974.844,984.261,990.834,-12.749,-1.2867,5570511,2949024731.0
2006-08-04,'000016,上证５０,990.834,1015.142,988.863,1009.364,1008.183,-17.349,-1.7208,5747006,3301132047.0
2006-08-03,'000016,上证５０,1008.183,1013.129,999.364,1009.502,1007.596,0.587,0.0583,4820822,2769339954.0
2006-08-02,'000016,上证５０,1007.596,1016.686,997.015,1011.165,1011.146,-3.55,-0.3511,6474219,3429300333.0
2006-08-01,'000016,上证５０,1011.146,1025.661,1009.372,1018.682,1020.541,-9.395,-0.9206,5747454,3103948030.0
2006-07-31,'000016,上证５０,1020.541,1049.695,1019.463,1049.695,1050.639,-30.098,-2.8647,7406088,4047594156.0
2006-07-28,'000016,上证５０,1050.639,1062.483,1041.835,1060.107,1060.585,-9.946,-0.9378,6451301,4064748279.0
2006-07-27,'000016,上证５０,1060.585,1077.085,1055.066,1068.418,1069.444,-8.859,-0.8284,8109240,4574258460.0
2006-07-26,'000016,上证５０,1069.444,1073.635,1063.968,1070.261,1068.106,1.338,0.1253,6010414,3544923706.0
2006-07-25,'000016,上证５０,1068.106,1071.939,1059.668,1059.668,1058.071,10.035,0.9484,6845686,4174907720.0
2006-07-24,'000016,上证５０,1058.071,1059.718,1037.342,1044.865,1056.627,1.444,0.1367,6209876,3543813223.0
2006-07-21,'000016,上证５０,1056.627,1057.305,1047.236,1047.447,1046.987,9.64,0.9207,6203989,3549269146.0
2006-07-20,'000016,上证５０,1046.987,1048.17,1034.739,1039.233,1040.586,6.401,0.6151,5479106,3331287844.0
2006-07-19,'000016,上证５０,1040.586,1063.532,1036.422,1063.162,1064.746,-24.16,-2.2691,7600512,4598348068.0
2006-07-18,'000016,上证５０,1064.746,1067.423,1056.847,1067.423,1067.531,-2.785,-0.2609,6276949,4041565807.0
2006-07-17,'000016,上证５０,1067.531,1068.567,1051.026,1057.245,1059.255,8.276,0.7813,6966726,4569216711.0
2006-07-14,'000016,上证５０,1059.255,1067.332,1038.468,1043.763,1051.979,7.276,0.6916,9260284,5710249614.0
2006-07-13,'000016,上证５０,1051.979,1099.21,1049.593,1098.449,1100.592,-48.613,-4.417,14433392,8920160312.0
2006-07-12,'000016,上证５０,1100.592,1106.655,1096.616,1102.797,1101.82,-1.228,-0.1115,9164664,6121011934.0
2006-07-11,'000016,上证５０,1101.82,1102.776,1092.607,1100.479,1098.813,3.007,0.2737,7506699,4715178596.0
2006-07-10,'000016,上证５０,1098.813,1101.377,1089.357,1098.769,1099.06,-0.247,-0.0225,7691872,5238439178.0
2006-07-07,'000016,上证５０,1099.06,1114.637,1094.969,1112.128,1109.827,-10.767,-0.9702,9623213,6491399952.0
2006-07-06,'000016,上证５０,1109.827,1110.169,1090.233,1091.438,1092.818,17.009,1.5564,9207779,6083515934.0
2006-07-05,'000016,上证５０,1092.818,1114.561,1082.715,1114.561,1115.169,-22.351,-2.0043,10990532,6913378979.0
2006-07-04,'000016,上证５０,1115.169,1129.543,1106.745,1128.079,1125.358,-10.189,-0.9054,13715452,8845173851.0
2006-07-03,'000016,上证５０,1125.358,1125.703,1104.727,1108.026,1102.696,22.662,2.0551,14159881,8321917080.0
2006-06-30,'000016,上证５０,1102.696,1117.054,1096.349,1110.566,1105.048,-2.352,-0.2128,11884475,7237296673.0
2006-06-29,'000016,上证５０,1105.048,1105.344,1082.51,1082.51,1080.608,24.44,2.2617,13225241,7474706836.0
2006-06-28,'000016,上证５０,1080.608,1083.773,1073.185,1080.012,1081.131,-0.523,-0.0484,6835037,4232683685.0
2006-06-27,'000016,上证５０,1081.131,1088.837,1075.171,1084.826,1083.046,-1.915,-0.1768,7215446,4736363203.0
2006-06-26,'000016,上证５０,1083.046,1084.351,1063.086,1063.086,1061.412,21.634,2.0382,9680949,6120928133.0
2006-06-23,'000016,上证５０,1061.412,1064.121,1048.303,1056.231,1057.231,4.181,0.3955,7213344,4432902576.0
2006-06-22,'000016,上证５０,1057.231,1066.233,1051.986,1054.238,1056.501,0.73,0.0691,7973817,4903314916.0
2006-06-21,'000016,上证５０,1056.501,1067.865,1043.739,1060.539,1060.542,-4.041,-0.381,10196575,5867682523.0
2006-06-20,'000016,上证５０,1060.542,1062.228,1049.01,1055.665,1056.636,3.906,0.3697,8616451,5423193778.0
2006-06-19,'000016,上证５０,1056.636,1061.483,1027.558,1036.968,1047.332,9.304,0.8884,9085143,5822339830.0
2006-06-16,'000016,上证５０,1047.332,1047.456,1025.415,1025.415,1021.992,25.34,2.4795,8344294,5120049713.0
2006-06-15,'000016,上证５０,1021.992,1033.816,1018.878,1022.547,1022.12,-0.128,-0.0125,5583165,3586753499.0
2006-06-14,'000016,上证５０,1022.12,1027.189,1011.895,1027.189,1032.618,-10.498,-1.0166,7718394,4863324119.0
2006-06-13,'000016,上证５０,1032.618,1045.441,1023.791,1035.234,1034.681,-2.063,-0.1994,8011612,5318851671.0
2006-06-12,'000016,上证５０,1034.681,1045.52,1017.844,1024.272,1031.458,3.223,0.3125,8794631,5671505503.0
2006-06-09,'000016,上证５０,1031.458,1058.545,1030.568,1053.367,1057.083,-25.625,-2.4241,11750228,7384799018.0
2006-06-08,'000016,上证５０,1057.083,1059.994,1026.317,1039.231,1046.422,10.661,1.0188,15775919,9878875559.0
2006-06-07,'000016,上证５０,1046.422,1102.151,1045.173,1102.151,1100.56,-54.138,-4.9191,19081251,11873949666.0
2006-06-06,'000016,上证５０,1100.56,1114.252,1093.733,1101.538,1102.904,-2.344,-0.2125,15331517,8609846956.0
2006-06-05,'000016,上证５０,1102.904,1103.24,1072.853,1097.531,1097.509,5.395,0.4916,18346253,9573545034.0
2006-06-02,'000016,上证５０,1097.509,1113.948,1090.794,1110.191,1106.233,-8.724,-0.7886,18869648,11437028951.0
2006-06-01,'000016,上证５０,1106.233,1107.175,1073.489,1076.787,1078.863,27.37,2.5369,16576810,9928417621.0
2006-05-31,'000016,上证５０,1078.863,1093.675,1070.9,1091.389,1092.251,-13.388,-1.2257,13154248,8189982665.0
2006-05-30,'000016,上证５０,1092.251,1099.662,1083.469,1098.457,1090.571,1.68,0.154,12737449,8207679108.0
2006-05-29,'000016,上证５０,1090.571,1090.592,1063.226,1069.881,1064.128,26.443,2.4849,14196884,8833215263.0
2006-05-26,'000016,上证５０,1064.128,1065.284,1049.285,1053.583,1050.696,13.432,1.2784,12726544,7349715821.0
2006-05-25,'000016,上证５０,1050.696,1060.843,1034.222,1056.545,1055.809,-5.113,-0.4843,11440620,7211718550.0
2006-05-24,'000016,上证５０,1055.809,1081.428,1035.455,1062.889,1058.991,-3.182,-0.3005,16788943,9675244165.0
2006-05-23,'000016,上证５０,1058.991,1088.075,1055.163,1088.075,1095.568,-36.577,-3.3386,21213438,12036142963.0
2006-05-22,'000016,上证５０,1095.568,1107.661,1089.423,1096.449,1096.206,-0.638,-0.0582,23671662,13412106508.0
2006-05-19,'000016,上证５０,1096.206,1101.622,1068.374,1072.164,1068.202,28.004,2.6216,27811552,13425826138.0
2006-05-18,'000016,上证５０,1068.202,1076.426,1046.89,1069.442,1080.965,-12.763,-1.1807,15469640,10453447637.0
2006-05-17,'000016,上证５０,1080.965,1097.204,1058.795,1079.364,1079.705,1.26,0.1167,17463969,12338564299.0
2006-05-16,'000016,上证５０,1079.705,1117.431,1068.723,1096.241,1086.001,-6.296,-0.5797,25634678,16589322535.0
2006-05-15,'000016,上证５０,1086.001,1086.348,1049.938,1059.773,1050.958,35.043,3.3344,23833003,15458113934.0
2006-05-12,'000016,上证５０,1050.958,1051.116,1012.267,1015.394,1012.9,38.058,3.7573,18021253,12151384941.0
2006-05-11,'000016,上证５０,1012.9,1042.781,1012.559,1022.245,1022.999,-10.099,-0.9872,17647404,11459974960.0
2006-05-10,'000016,上证５０,1022.999,1029.406,1008.489,1021.32,1017.619,5.38,0.5287,15722201,10151346742.0
2006-05-09,'000016,上证５０,1017.619,1019.643,995.26,999.112,996.235,21.384,2.1465,18431253,11376939682.0
2006-05-08,'000016,上证５０,996.235,996.908,968.919,968.919,964.446,31.789,3.2961,16147479,9918043325.0
2006-04-28,'000016,上证５０,964.446,966.321,934.056,939.503,943.343,21.103,2.237,14807951,9017330804.0
2006-04-27,'000016,上证５０,943.343,953.394,939.052,949.493,948.207,-4.864,-0.513,9250964,5702847092.0
2006-04-26,'000016,上证５０,948.207,950.294,928.915,930.683,931.323,16.884,1.8129,13142027,7867473307.0
2006-04-25,'000016,上证５０,931.323,938.364,924.454,938.243,940.902,-9.579,-1.0181,10991972,6619994212.0
2006-04-24,'000016,上证５０,940.902,955.869,933.853,949.675,939.873,1.029,0.1095,16392602,9304368197.0
2006-04-21,'000016,上证５０,939.873,942.234,919.458,921.865,922.05,17.823,1.933,13881640,7633540106.0
2006-04-20,'000016,上证５０,922.05,934.447,916.937,931.444,930.833,-8.783,-0.9436,12381211,6873218790.0
2006-04-19,'000016,上证５０,930.833,937.045,922.806,932.469,927.478,3.355,0.3617,12514289,6707823946.0
2006-04-18,'000016,上证５０,927.478,931.959,916.762,924.927,921.21,6.268,0.6804,11034040,5443406881.0
2006-04-17,'000016,上证５０,921.21,924.955,908.705,915.535,910.633,10.577,1.1615,14029486,6715727435.0
2006-04-14,'000016,上证５０,910.633,910.818,889.757,889.757,892.133,18.5,2.0737,10547150,5442625885.0
2006-04-13,'000016,上证５０,892.133,911.466,891.545,908.253,908.948,-16.815,-1.8499,8967079,4850927375.0
2006-04-12,'000016,上证５０,908.948,914.102,907.813,912.68,912.391,-3.443,-0.3774,7866846,4457305917.0
2006-04-11,'000016,上证５０,912.391,916.267,906.149,909.915,909.281,3.11,0.342,10126045,5893687469.0
2006-04-10,'000016,上证５０,909.281,909.528,896.142,898.005,897.312,11.969,1.3339,8680735,4927134557.0
2006-04-07,'000016,上证５０,897.312,903.174,891.389,901.485,901.647,-4.335,-0.4808,9004836,4999448462.0
2006-04-06,'000016,上证５０,901.647,910.536,900.361,907.148,906.301,-4.654,-0.5135,9776176,5743301137.0
2006-04-05,'000016,上证５０,906.301,908.068,900.666,901.675,900.84,5.461,0.6062,9560866,5425445423.0
2006-04-04,'000016,上证５０,900.84,901.04,890.905,892.404,891.556,9.284,1.0413,9608057,5563671014.0
2006-04-03,'000016,上证５０,891.556,891.598,879.544,879.544,878.366,13.19,1.5017,7806568,4502396150.0
2006-03-31,'000016,上证５０,878.366,879.552,873.594,876.27,877.781,0.585,0.0666,6696754,3547835669.0
2006-03-30,'000016,上证５０,877.781,889.37,877.413,885.15,885.291,-7.51,-0.8483,7282054,4072285759.0
2006-03-29,'000016,上证５０,885.291,891.019,878.748,879.918,874.773,10.518,1.2024,11032530,6064720683.0
2006-03-28,'000016,上证５０,874.773,877.292,871.392,872.755,872.557,2.216,0.254,6384208,3370833936.0
2006-03-27,'000016,上证５０,872.557,872.557,864.392,869.537,869.439,3.118,0.3586,5923461,3201640577.0
2006-03-24,'000016,上证５０,869.439,876.52,867.924,874.706,875.108,-5.669,-0.6478,6442295,3399865450.0
2006-03-23,'000016,上证５０,875.108,875.924,869.075,875.338,875.823,-0.715,-0.0816,6528492,3510599876.0
2006-03-22,'000016,上证５０,875.823,876.517,869.65,875.096,875.232,0.591,0.0675,5030650,2633507561.0
2006-03-21,'000016,上证５０,875.232,881.282,872.892,875.016,875.126,0.106,0.0121,6195650,3313542996.0
2006-03-20,'000016,上证５０,875.126,875.547,858.96,863.558,863.267,11.859,1.3737,5837754,3087384378.0
2006-03-17,'000016,上证５０,863.267,866.943,859.3,865.245,865.722,-2.455,-0.2836,5156161,2692276892.0
2006-03-16,'000016,上证５０,865.722,869.1,864.497,868.068,868.324,-2.602,-0.2997,5212405,2868193252.0
2006-03-15,'000016,上证５０,868.324,868.582,859.807,860.704,860.874,7.45,0.8654,5019333,2754142141.0
2006-03-14,'000016,上证５０,860.874,866.022,855.817,864.448,863.677,-2.803,-0.3245,4275559,2243194489.0
2006-03-13,'000016,上证５０,863.677,864.946,856.743,857.208,857.143,6.534,0.7623,4042034,2206738716.0
2006-03-10,'000016,上证５０,857.143,860.491,853.477,853.944,853.381,3.762,0.4408,4201121,2456991366.0
2006-03-09,'000016,上证５０,853.381,859.941,852.086,856.308,859.32,-5.939,-0.6911,4513320,2610167267.0
2006-03-08,'000016,上证５０,859.32,862.104,852.234,860.122,861.865,-2.545,-0.2953,6754091,3483841758.0
2006-03-07,'000016,上证５０,861.865,879.326,860.451,879.289,879.33,-17.465,-1.9862,7378372,3788534627.0
2006-03-06,'000016,上证５０,879.33,884.214,876.616,880.11,880.371,-1.041,-0.1182,7692508,3694547996.0
2006-03-03,'000016,上证５０,880.371,880.834,869.84,876.433,876.621,3.75,0.4278,8416669,4673736777.0
2006-03-02,'000016,上证５０,876.621,891.765,873.27,890.67,895.626,-19.005,-2.122,9098945,5175364042.0
2006-03-01,'000016,上证５０,895.626,897.103,891.213,893.49,892.904,2.722,0.3048,7280151,3979255423.0
2006-02-28,'000016,上证５０,892.904,893.493,874.692,886.789,887.616,5.288,0.5958,7542235,4271423456.0
2006-02-27,'000016,上证５０,887.616,894.829,886.829,893.211,882.777,4.839,0.5482,10980055,6155730931.0
2006-02-24,'000016,上证５０,882.777,883.02,877.4,878.106,877.654,5.123,0.5837,6475498,3577469455.0
2006-02-23,'000016,上证５０,877.654,877.895,866.759,870.508,870.097,7.557,0.8685,6490820,3543910038.0
2006-02-22,'000016,上证５０,870.097,878.225,868.162,873.373,872.565,-2.468,-0.2828,10029996,5093874591.0
2006-02-21,'000016,上证５０,872.565,872.739,854.364,857.65,857.973,14.592,1.7008,9334674,5034637283.0
2006-02-20,'000016,上证５０,857.973,865.687,856.76,858.652,857.994,-0.021,-0.0024,5705999,3048679226.0
2006-02-17,'000016,上证５０,857.994,864.623,853.147,855.701,856.05,1.944,0.2271,6883400,3773933054.0
2006-02-16,'000016,上证５０,856.05,869.13,854.08,869.129,868.021,-11.971,-1.3791,9145743,4806376697.0
2006-02-15,'000016,上证５０,868.021,872.414,864.769,865.223,862.648,5.373,0.6228,9490856,4782417174.0
2006-02-14,'000016,上证５０,862.648,863.074,857.158,859.974,859.598,3.05,0.3548,4738596,2554083964.0
2006-02-13,'000016,上证５０,859.598,863.209,852.592,862.487,859.97,-0.372,-0.0433,6257763,3342150585.0
2006-02-10,'000016,上证５０,859.97,860.296,848.432,850.932,850.802,9.168,1.0776,6805958,3560998015.0
2006-02-09,'000016,上证５０,850.802,862.049,848.781,862.049,862.575,-11.773,-1.3649,8617234,4117262935.0
2006-02-08,'000016,上证５０,862.575,863.445,854.171,856.937,856.669,5.906,0.6894,11398788,5653861355.0
2006-02-07,'000016,上证５０,856.669,863.964,848.494,861.666,861.07,-4.401,-0.5111,11633911,6180448799.0
2006-02-06,'000016,上证５０,861.07,861.426,849.371,849.51,846.989,14.081,1.6625,9209656,4676352364.0
2006-01-25,'000016,上证５０,846.989,847.161,837.47,838.195,838.46,8.529,1.0172,6843001,3729054517.0
2006-01-24,'000016,上证５０,838.46,843.778,834.749,841.729,840.128,-1.668,-0.1985,7490155,4664090011.0
2006-01-23,'000016,上证５０,840.128,843.093,835.674,840.962,840.376,-0.248,-0.0295,7109687,3482126238.0
2006-01-20,'000016,上证５０,840.376,844.43,836.678,840.089,840.591,-0.215,-0.0256,8711861,4201753739.0
2006-01-19,'000016,上证５０,840.591,842.74,830.581,835.932,835.15,5.441,0.6515,8913612,4245242674.0
2006-01-18,'000016,上证５０,835.15,836.205,817.542,818.029,818.355,16.795,2.0523,7434485,3735509700.0
2006-01-17,'000016,上证５０,818.355,819.952,813.122,813.88,814.891,3.464,0.4251,5350481,2794019582.0
2006-01-16,'000016,上证５０,814.891,830.478,814.57,830.478,831.136,-16.245,-1.9546,6985723,3505395845.0
2006-01-13,'000016,上证５０,831.136,840.678,828.338,838.376,836.579,-5.443,-0.6506,6744537,3527432891.0
2006-01-12,'000016,上证５０,836.579,837.974,827.496,830.694,832.276,4.303,0.517,6447275,3271603287.0
2006-01-11,'000016,上证５０,832.276,842.062,829.321,837.971,838.563,-6.287,-0.7497,9125046,5018799469.0
2006-01-10,'000016,上证５０,838.563,838.85,826.965,837.944,838.292,0.271,0.0323,8754121,5035340982.0
2006-01-09,'000016,上证５０,838.292,841.132,832.33,837.76,836.895,1.397,0.1669,9037866,4933678764.0
2006-01-06,'000016,上证５０,836.895,842.692,824.53,828.878,827.836,9.059,1.0943,12112499,6483148080.0
2006-01-05,'000016,上证５０,827.836,829.087,813.247,815.47,812.597,15.239,1.8753,11536327,6274597087.0
2006-01-04,'000016,上证５０,812.597,812.843,800.214,801.413,796.396,16.201,2.0343,9973073,5495885380.0
2005-12-30,'000016,上证５０,796.396,804.61,793.77,804.057,801.899,-5.503,-0.6862,7204531,3754507553.0
2005-12-29,'000016,上证５０,801.899,802.101,793.12,793.316,793.54,8.359,1.0534,6946292,3468721998.0
2005-12-28,'000016,上证５０,793.54,793.65,787.871,792.094,792.155,1.385,0.1748,5256192,2500006029.0
2005-12-27,'000016,上证５０,792.155,797.023,790.399,796.656,795.559,-3.404,-0.4279,4880138,2351807281.0
2005-12-26,'000016,上证５０,795.559,798.339,790.985,791.388,791.441,4.118,0.5203,5825367,2845016018.0
2005-12-23,'000016,上证５０,791.441,791.651,786.766,788.103,787.388,4.053,0.5147,4344149,2048038184.0
2005-12-22,'000016,上证５０,787.388,788.454,781.937,783.155,783.984,3.404,0.4342,3084027,1589421180.0
2005-12-21,'000016,上证５０,783.984,791.636,783.036,787.058,787.234,-3.25,-0.4128,3920170,1934272452.0
2005-12-20,'000016,上证５０,787.234,787.234,779.901,781.496,781.804,5.43,0.6945,3923968,1867567293.0
2005-12-19,'000016,上证５０,781.804,783.481,777.861,781.931,782.04,-0.236,-0.0302,3496177,1572123568.0
2005-12-16,'000016,上证５０,782.04,782.856,776.014,777.93,778.233,3.807,0.4892,4213598,1952211758.0
2005-12-15,'000016,上证５０,778.233,784.175,777.1,778.474,778.494,-0.261,-0.0335,6170657,2814602660.0
2005-12-14,'000016,上证５０,778.494,780.694,768.634,773.038,773.589,4.905,0.6341,5053779,2611225129.0
2005-12-13,'000016,上证５０,773.589,774.8,767.612,774.064,774.709,-1.12,-0.1446,3729903,1847858821.0
2005-12-12,'000016,上证５０,774.709,777.464,772.611,776.193,777.031,-2.322,-0.2988,3465475,1743956020.0
2005-12-09,'000016,上证５０,777.031,777.649,762.986,765.247,765.555,11.476,1.499,5037545,2349406691.0
2005-12-08,'000016,上证５０,765.555,772.741,762.462,767.782,767.543,-1.988,-0.259,4112508,2016711760.0
2005-12-07,'000016,上证５０,767.543,767.714,758.673,760.014,760.202,7.341,0.9657,4593752,2118098167.0
2005-12-06,'000016,上证５０,760.202,762.003,748.013,750.156,751.353,8.849,1.1777,5008981,2331706362.0
2005-12-05,'000016,上证５０,751.353,756.065,750.178,756.037,757.021,-5.668,-0.7487,3803362,1688297948.0
2005-12-02,'000016,上证５０,757.021,762.603,753.38,758.69,758.936,-1.915,-0.2523,3821218,1770303121.0
2005-12-01,'000016,上证５０,758.936,763.651,756.526,759.346,759.633,-0.697,-0.0918,3244926,1495920542.0
2005-11-30,'000016,上证５０,759.633,759.962,751.9,754.487,755.293,4.34,0.5746,4132642,1769678041.0
2005-11-29,'000016,上证５０,755.293,763.098,753.917,761.923,762.905,-7.612,-0.9978,4527584,1763663524.0
2005-11-28,'000016,上证５０,762.905,770.842,760.213,765.27,766.678,-3.773,-0.4921,5273204,2133708554.0
2005-11-25,'000016,上证５０,766.678,766.787,758.455,761.554,761.662,5.016,0.6586,7782026,2913015334.0
2005-11-24,'000016,上证５０,761.662,765.618,752.713,753.435,754.156,7.506,0.9953,7838338,3107948244.0
2005-11-23,'000016,上证５０,754.156,755.53,744.405,746.395,747.307,6.849,0.9165,5223614,1815135104.0
2005-11-22,'000016,上证５０,747.307,758.42,747.259,758.42,758.555,-11.248,-1.4828,4910246,1868941339.0
2005-11-21,'000016,上证５０,758.555,760.822,754.985,758.234,760.566,-2.011,-0.2644,4651110,1908845526.0
2005-11-18,'000016,上证５０,760.566,765.042,743.303,743.926,743.799,16.767,2.2542,6702009,3095545705.0
2005-11-17,'000016,上证５０,743.799,745.971,739.579,743.8,744.138,-0.339,-0.0456,2918399,1229085087.0
2005-11-16,'000016,上证５０,744.138,744.169,733.032,739.069,739.234,4.904,0.6634,3101622,1438925183.0
2005-11-15,'000016,上证５０,739.234,748.555,737.438,743.366,743.345,-4.111,-0.553,2856562,1394150726.0
2005-11-14,'000016,上证５０,743.345,746.993,740.978,746.057,746.45,-3.105,-0.416,1909156,837873549.0
2005-11-11,'000016,上证５０,746.45,748.517,740.094,745.173,746.352,0.098,0.0131,3132113,1369896022.0
2005-11-10,'000016,上证５０,746.352,756.562,745.048,756.21,756.171,-9.819,-1.2985,3901463,1743964100.0
2005-11-09,'000016,上证５０,756.171,763.737,755.299,758.505,758.322,-2.151,-0.2837,4684700,2128667459.0
2005-11-08,'000016,上证５０,758.322,759.667,749.392,753.323,754.201,4.121,0.5464,3538182,1533887018.0
2005-11-07,'000016,上证５０,754.201,758.729,749.212,758.45,758.924,-4.723,-0.6223,2738298,1337065263.0
2005-11-04,'000016,上证５０,758.924,760.343,753.547,755.543,755.777,3.147,0.4164,3337208,1637186549.0
2005-11-03,'000016,上证５０,755.777,767.118,753.535,763.06,762.938,-7.161,-0.9386,4956626,2290128545.0
2005-11-02,'000016,上证５０,762.938,768.098,757.927,757.927,757.053,5.885,0.7774,4612656,2010973294.0
2005-11-01,'000016,上证５０,757.053,759.531,748.721,758.268,759.239,-2.186,-0.2879,3423567,1623590431.0
2005-10-31,'000016,上证５０,759.239,761.79,747.727,749.192,749.964,9.275,1.2367,4863889,2100633058.0
2005-10-28,'000016,上证５０,749.964,756.157,742.228,751.21,751.261,-1.297,-0.1726,5045932,2218747204.0
2005-10-27,'000016,上证５０,751.261,753.734,744.08,747.505,749.125,2.136,0.2851,5380312,2493844674.0
2005-10-26,'000016,上证５０,749.125,763.119,747.002,763.119,765.029,-15.904,-2.0789,5422567,2415615353.0
2005-10-25,'000016,上证５０,765.029,771.374,763.786,771.019,771.154,-6.125,-0.7943,4252178,2072605262.0
2005-10-24,'000016,上证５０,771.154,774.581,767.041,774.581,774.058,-2.904,-0.3752,5040261,2281164973.0
2005-10-21,'000016,上证５０,774.058,777.857,770.806,773.522,773.676,0.382,0.0494,4146275,2004008541.0
2005-10-20,'000016,上证５０,773.676,774.055,764.426,768.619,769.682,3.994,0.5189,3470598,1732261875.0
2005-10-19,'000016,上证５０,769.682,777.751,767.653,771.037,771.448,-1.766,-0.2289,3790934,1823896316.0
2005-10-18,'000016,上证５０,771.448,773.775,767.141,769.572,769.321,2.127,0.2765,4581334,2220501075.0
2005-10-17,'000016,上证５０,769.321,777.245,765.707,776.262,777.492,-8.171,-1.0509,3912253,1946012129.0
2005-10-14,'000016,上证５０,777.492,790.793,775.308,788.398,788.361,-10.869,-1.3787,3195982,1773646714.0
2005-10-13,'000016,上证５０,788.361,797.594,787.824,795.053,795.324,-6.963,-0.8755,3626515,2097107342.0
2005-10-12,'000016,上证５０,795.324,797.971,791.727,796.045,796.071,-0.747,-0.0938,3957832,2252258695.0
2005-10-11,'000016,上证５０,796.071,796.379,785.742,787.274,787.748,8.323,1.0566,2204381,1167697592.0
2005-10-10,'000016,上证５０,787.748,793.809,787.041,792.759,793.652,-5.904,-0.7439,2241973,1137788009.0
2005-09-30,'000016,上证５０,793.652,794.936,789.688,792.788,792.251,1.401,0.1768,2782926,1427884263.0
2005-09-29,'000016,上证５０,792.251,792.711,784.151,784.151,782.998,9.253,1.1817,4611854,2227871095.0
2005-09-28,'000016,上证５０,782.998,787.857,780.765,781.727,782.235,0.763,0.0975,3096059,1629223575.0
2005-09-27,'000016,上证５０,782.235,796.371,781.126,793.714,793.73,-11.495,-1.4482,3995392,2078401581.0
2005-09-26,'000016,上证５０,793.73,796.475,790.442,793.307,793.163,0.567,0.0715,3266694,1723709908.0
2005-09-23,'000016,上证５０,793.163,800.678,791.514,796.09,796.939,-3.776,-0.4738,3681381,1859362222.0
2005-09-22,'000016,上证５０,796.939,809.352,789.936,808.892,811.135,-14.196,-1.7501,6373339,3180658135.0
2005-09-21,'000016,上证５０,811.135,827.009,810.106,827.009,827.266,-16.131,-1.9499,6779820,3212568018.0
2005-09-20,'000016,上证５０,827.266,833.1,824.093,832.218,831.569,-4.303,-0.5175,5807454,2849099223.0
2005-09-19,'000016,上证５０,831.569,832.566,828.222,831.04,830.621,0.948,0.1141,4474206,2482396305.0
2005-09-16,'000016,上证５０,830.621,834.972,828.635,833.56,833.509,-2.888,-0.3465,4267717,2179638417.0
2005-09-15,'000016,上证５０,833.509,834.999,831.063,834.444,834.013,-0.504,-0.0604,5019059,2509809041.0
2005-09-14,'000016,上证５０,834.013,834.265,828.165,831.193,829.92,4.093,0.4932,6734940,3366341853.0
2005-09-13,'000016,上证５０,829.92,830.345,819.601,821.542,821.978,7.942,0.9662,5185633,2438424552.0
2005-09-12,'000016,上证５０,821.978,826.055,818.965,824.441,823.639,-1.661,-0.2017,3894781,1957629102.0
2005-09-09,'000016,上证５０,823.639,832.116,820.943,827.0,827.116,-3.477,-0.4204,5484767,2714519055.0
2005-09-08,'000016,上证５０,827.116,830.672,822.118,826.648,825.118,1.998,0.2421,7123565,3906819921.0
2005-09-07,'000016,上证５０,825.118,825.599,812.989,815.033,815.753,9.365,1.148,5939641,3102557081.0
2005-09-06,'000016,上证５０,815.753,830.052,815.152,829.55,829.341,-13.588,-1.6384,6135587,3176387532.0
2005-09-05,'000016,上证５０,829.341,832.454,823.365,829.773,829.463,-0.122,-0.0147,5762091,2714440426.0
2005-09-02,'000016,上证５０,829.463,831.664,825.678,829.244,827.9,1.563,0.1888,5531768,2795105229.0
2005-09-01,'000016,上证５０,827.9,828.971,814.598,817.229,816.755,11.145,1.3645,6638056,3329067089.0
2005-08-31,'000016,上证５０,816.755,817.51,806.577,809.555,809.063,7.692,0.9507,3929366,2031461420.0
2005-08-30,'000016,上证５０,809.063,814.562,807.442,809.977,811.312,-2.249,-0.2772,4130860,1960544324.0
2005-08-29,'000016,上证５０,811.312,822.49,808.49,821.791,822.197,-10.885,-1.3239,5781239,2788725309.0
2005-08-26,'000016,上证５０,822.197,825.001,817.869,823.762,823.576,-1.379,-0.1674,5969516,2841920883.0
2005-08-25,'000016,上证５０,823.576,828.738,816.436,825.547,825.453,-1.877,-0.2274,6891055,3340115541.0
2005-08-24,'000016,上证５０,825.453,830.538,818.189,818.189,818.053,7.4,0.9046,7428816,3646750937.0
2005-08-23,'000016,上证５０,818.053,823.448,811.138,823.195,823.083,-5.03,-0.6111,6462631,3179673176.0
2005-08-22,'000016,上证５０,823.083,824.773,814.638,819.357,817.685,5.398,0.6602,8259903,4150542403.0
2005-08-19,'000016,上证５０,817.685,820.779,809.222,813.113,814.291,3.394,0.4168,8313833,3980049571.0
2005-08-18,'000016,上证５０,814.291,843.322,812.014,841.703,833.838,-19.547,-2.3442,15465823,7564720352.0
2005-08-17,'000016,上证５０,833.838,834.029,817.846,828.223,828.229,5.609,0.6772,7151731,3798211137.0
2005-08-16,'000016,上证５０,828.229,842.841,824.45,840.066,839.512,-11.283,-1.344,8278171,4600222760.0
2005-08-15,'000016,上证５０,839.512,839.868,826.455,832.149,822.329,17.183,2.0896,9933655,5518804501.0
2005-08-12,'000016,上证５０,822.329,834.985,817.79,833.955,832.238,-9.909,-1.1906,10085244,4885669416.0
2005-08-11,'000016,上证５０,832.238,832.892,821.714,822.571,822.164,10.074,1.2253,9549257,4770407972.0
2005-08-10,'000016,上证５０,822.164,822.242,812.884,814.675,814.611,7.553,0.9272,7003216,3289040497.0
2005-08-09,'000016,上证５０,814.611,815.124,806.511,811.904,812.722,1.889,0.2324,5508797,2838443461.0
2005-08-08,'000016,上证５０,812.722,818.977,811.362,814.123,812.329,0.393,0.0484,6508898,3370386224.0
2005-08-05,'000016,上证５０,812.329,812.655,797.884,798.202,795.145,17.184,2.1611,6853864,3675673140.0
2005-08-04,'000016,上证５０,795.145,798.529,792.622,796.072,797.744,-2.599,-0.3258,4620920,1988638928.0
2005-08-03,'000016,上证５０,797.744,805.123,797.049,798.392,797.348,0.396,0.0497,7745970,3492760896.0
2005-08-02,'000016,上证５０,797.348,797.527,787.818,790.306,789.996,7.352,0.9306,4606458,2153594895.0
2005-08-01,'000016,上证５０,789.996,796.523,786.878,788.217,788.632,1.364,0.173,4227431,1898200604.0
2005-07-29,'000016,上证５０,788.632,792.452,785.785,788.737,789.853,-1.221,-0.1546,5635019,2400946824.0
2005-07-28,'000016,上证５０,789.853,797.395,787.864,792.546,792.489,-2.636,-0.3326,7084350,3451296910.0
2005-07-27,'000016,上证５０,792.489,792.737,780.448,781.079,780.753,11.736,1.5032,7873262,3641296869.0
2005-07-26,'000016,上证５０,780.753,785.239,764.598,764.598,764.647,16.106,2.1063,9982260,4586133637.0
2005-07-25,'000016,上证５０,764.647,770.329,764.159,767.302,768.724,-4.077,-0.5304,4065982,2123323104.0
2005-07-22,'000016,上证５０,768.724,774.805,756.326,761.123,756.981,11.743,1.5513,10027352,4799998170.0
2005-07-21,'000016,上证５０,756.981,757.38,750.74,753.448,753.546,3.435,0.4558,3574120,1853936105.0
2005-07-20,'000016,上证５０,753.546,755.664,744.988,747.585,747.485,6.061,0.8109,3900027,1821115017.0
2005-07-19,'000016,上证５０,747.485,752.144,743.536,745.291,746.921,0.564,0.0755,3156551,1507667753.0
2005-07-18,'000016,上证５０,746.921,750.755,743.132,746.768,748.519,-1.598,-0.2135,2937647,1361770598.0
2005-07-15,'000016,上证５０,748.519,757.788,744.927,752.865,753.639,-5.12,-0.6794,3338828,1618061653.0
2005-07-14,'000016,上证５０,753.639,759.27,745.073,746.671,748.55,5.089,0.6798,4195496,2139333848.0
2005-07-13,'000016,上证５０,748.55,754.098,745.844,751.889,753.06,-4.51,-0.5989,3964952,1998032032.0
2005-07-12,'000016,上证５０,753.06,756.252,721.854,724.164,726.905,26.155,3.5981,7264520,3661268958.0
2005-07-11,'000016,上证５０,726.905,744.93,725.58,734.719,727.556,-0.651,-0.0895,3297888,1566829120.0
2005-07-08,'000016,上证５０,727.556,733.929,725.371,733.929,735.554,-7.998,-1.0873,2627786,1283627553.0
2005-07-07,'000016,上证５０,735.554,739.208,731.648,733.871,734.768,0.786,0.107,2444907,1122976414.0
2005-07-06,'000016,上证５０,734.768,744.075,732.471,742.138,741.205,-6.437,-0.8685,2857625,1531219284.0
2005-07-05,'000016,上证５０,741.205,745.983,736.237,743.722,747.086,-5.881,-0.7872,3806804,2319025347.0
2005-07-04,'000016,上证５０,747.086,747.667,738.315,744.286,748.046,-0.96,-0.1283,2952028,1292418605.0
2005-07-01,'000016,上证５０,748.046,756.24,746.743,756.24,758.717,-10.671,-1.4065,3281977,1652947994.0
2005-06-30,'000016,上证５０,758.717,770.961,755.886,770.961,772.02,-13.303,-1.7231,4295351,1894108359.0
2005-06-29,'000016,上证５０,772.02,782.879,771.423,782.567,775.634,-3.614,-0.4659,5250680,2508147349.0
2005-06-28,'000016,上证５０,775.634,779.685,773.383,779.685,782.382,-6.748,-0.8625,3609530,1573392598.0
2005-06-27,'000016,上证５０,782.382,786.482,776.596,776.596,772.319,10.063,1.303,6072547,2855106902.0
2005-06-24,'000016,上证５０,772.319,772.704,764.424,766.598,768.331,3.988,0.519,3815350,1700632995.0
2005-06-23,'000016,上证５０,768.331,776.209,767.746,773.584,774.15,-5.819,-0.7517,3173398,1525477706.0
2005-06-22,'000016,上证５０,774.15,774.528,766.027,768.017,770.295,3.855,0.5005,4022904,1884644597.0
2005-06-21,'000016,上证５０,770.295,779.887,769.307,779.887,780.291,-9.996,-1.2811,4617271,2068236181.0
2005-06-20,'000016,上证５０,780.291,781.812,759.338,764.102,762.178,18.113,2.3765,8045943,3592672006.0
2005-06-17,'000016,上证５０,762.178,765.334,756.189,761.093,757.392,4.786,0.6319,6396261,3399416239.0
2005-06-16,'000016,上证５０,757.392,757.872,742.96,745.202,745.216,12.176,1.6339,5083836,2795728477.0
2005-06-15,'000016,上证５０,745.216,754.463,743.55,752.296,754.548,-9.332,-1.2368,4724394,2490159628.0
2005-06-14,'000016,上证５０,754.548,772.858,753.852,761.982,759.917,-5.369,-0.7065,6257422,3217174393.0
2005-06-13,'000016,上证５０,759.917,765.596,747.419,762.001,766.663,-6.746,-0.8799,6756939,3304680389.0
2005-06-10,'000016,上证５０,766.663,777.98,761.977,777.98,778.577,-11.914,-1.5302,10095507,5267284016.0
2005-06-09,'000016,上证５０,778.577,790.391,762.372,774.301,772.134,6.443,0.8344,14480813,7174503169.0
2005-06-08,'000016,上证５０,772.134,775.001,720.397,729.805,713.62,58.514,8.1996,14244825,7039428484.0
2005-06-07,'000016,上证５０,713.62,731.749,712.135,718.397,717.213,-3.593,-0.501,4671384,2291755842.0
2005-06-06,'000016,上证５０,717.213,717.283,693.528,699.266,700.434,16.779,2.3955,3560221,1666013658.0
2005-06-03,'000016,上证５０,700.434,706.879,693.553,699.419,701.373,-0.939,-0.1339,3341607,1618448883.0
2005-06-02,'000016,上证５０,701.373,718.507,697.015,716.797,719.025,-17.652,-2.455,4256310,2100347020.0
2005-06-01,'000016,上证５０,719.025,735.559,717.68,730.121,730.997,-11.972,-1.6378,2999512,1469356808.0
2005-05-31,'000016,上证５０,730.997,737.944,728.448,729.887,729.067,1.93,0.2647,2920559,1367840958.0
2005-05-30,'000016,上证５０,729.067,731.859,717.823,723.104,724.522,4.545,0.6273,2508439,1183167255.0
2005-05-27,'000016,上证５０,724.522,736.159,723.321,726.94,728.697,-4.175,-0.5729,3337227,1624355385.0
2005-05-26,'000016,上证５０,728.697,741.355,727.238,737.098,737.538,-8.841,-1.1987,2354867,1137997125.0
2005-05-25,'000016,上证５０,737.538,744.515,731.725,737.121,737.35,0.188,0.0255,2507115,1217550315.0
2005-05-24,'000016,上证５０,737.35,740.233,726.274,734.533,737.741,-0.391,-0.053,3870226,1786858175.0
2005-05-23,'000016,上证５０,737.741,749.827,736.469,749.827,753.071,-15.33,-2.0357,2602150,1268098676.0
2005-05-20,'000016,上证５０,753.071,760.016,749.711,754.165,754.785,-1.714,-0.2271,2956331,1410323550.0
2005-05-19,'000016,上证５０,754.785,757.737,742.781,752.981,752.662,2.123,0.2821,3475075,1664489408.0
2005-05-18,'000016,上证５０,752.662,760.535,743.895,751.56,750.711,1.951,0.2599,2943064,1651839058.0
2005-05-17,'000016,上证５０,750.711,757.878,741.83,745.846,747.871,2.84,0.3797,3157596,1513152159.0
2005-05-16,'000016,上证５０,747.871,756.622,742.409,754.779,757.304,-9.433,-1.2456,3262005,1722534602.0
2005-05-13,'000016,上证５０,757.304,768.403,749.838,752.323,753.875,3.429,0.4548,4818310,2343460972.0
2005-05-12,'000016,上证５０,753.875,771.573,753.573,770.818,771.586,-17.711,-2.2954,4285749,2481779328.0
2005-05-11,'000016,上证５０,771.586,782.214,770.085,778.275,779.099,-7.513,-0.9643,3105299,1690750284.0
2005-05-10,'000016,上证５０,779.099,780.078,764.848,772.609,775.321,3.778,0.4873,4223893,2392585440.0
2005-05-09,'000016,上证５０,775.321,795.092,775.321,790.825,789.732,-14.411,-1.8248,3032140,1590645280.0
2005-04-29,'000016,上证５０,789.732,798.212,786.392,793.452,793.878,-4.146,-0.5222,4109545,2238532620.0
2005-04-28,'000016,上证５０,793.878,797.743,773.383,779.699,782.432,11.446,1.4629,5350775,2886503387.0
2005-04-27,'000016,上证５０,782.432,791.224,781.946,790.471,792.303,-9.871,-1.2459,4126604,2187345876.0
2005-04-26,'000016,上证５０,792.303,797.697,784.932,789.887,790.749,1.554,0.1965,3810025,1954558773.0
2005-04-25,'000016,上证５０,790.749,794.457,783.598,792.944,794.819,-4.07,-0.5121,4026407,1975297910.0
2005-04-22,'000016,上证５０,794.819,800.164,791.636,792.201,793.445,1.374,0.1732,3721833,2098667955.0
2005-04-21,'000016,上证５０,793.445,803.413,790.104,796.117,798.517,-5.072,-0.6352,3720094,2049040846.0
2005-04-20,'000016,上证５０,798.517,808.621,793.902,808.621,809.361,-10.844,-1.3398,2911894,1567213790.0
2005-04-19,'000016,上证５０,809.361,811.066,802.589,805.523,806.389,2.972,0.3686,3609092,2113496998.0
2005-04-18,'000016,上证５０,806.389,815.472,803.234,814.551,817.094,-10.705,-1.3101,3618395,2095877353.0
2005-04-15,'000016,上证５０,817.094,822.127,814.976,822.127,826.005,-8.911,-1.0788,3656982,2112808199.0
2005-04-14,'000016,上证５０,826.005,841.171,825.38,840.241,835.628,-9.623,-1.1516,4631111,2517325210.0
2005-04-13,'000016,上证５０,835.628,842.477,826.907,826.907,818.467,17.161,2.0967,5734974,3142352562.0
2005-04-12,'000016,上证５０,818.467,830.278,817.889,828.413,830.908,-12.441,-1.4973,3213688,1780077799.0
2005-04-11,'000016,上证５０,830.908,841.643,827.799,838.29,838.056,-7.148,-0.8529,5495105,3185414623.0
2005-04-08,'000016,上证５０,838.056,838.508,818.902,824.321,824.609,13.447,1.6307,4854740,2901295463.0
2005-04-07,'000016,上证５０,824.609,840.371,815.216,819.034,816.879,7.73,0.9463,8194266,4802386564.0
2005-04-06,'000016,上证５０,816.879,820.859,796.365,800.891,801.885,14.994,1.8698,5417600,3158757925.0
2005-04-05,'000016,上证５０,801.885,813.883,800.089,806.509,808.591,-6.706,-0.8293,4022176,2280359972.0
2005-04-04,'000016,上证５０,808.591,818.799,805.846,814.585,822.91,-14.319,-1.74,4581910,2565520008.0
2005-04-01,'000016,上证５０,822.91,834.557,791.097,794.95,795.667,27.243,3.4239,7201383,3846584065.0
2005-03-31,'000016,上证５０,795.667,795.792,783.982,788.006,790.58,5.087,0.6435,3299892,1708517954.0
2005-03-30,'000016,上证５０,790.58,800.961,790.192,800.961,802.739,-12.159,-1.5147,3389530,1859165192.0
2005-03-29,'000016,上证５０,802.739,812.33,802.13,805.477,805.556,-2.817,-0.3497,2791488,1578168399.0
2005-03-28,'000016,上证５０,805.556,805.905,795.463,805.41,806.425,-0.869,-0.1078,2199636,1257124870.0
2005-03-25,'000016,上证５０,806.425,810.452,802.61,807.654,808.18,-1.755,-0.2172,2741211,1407812741.0
2005-03-24,'000016,上证５０,808.18,808.873,795.84,800.805,801.981,6.199,0.773,3680114,2103397032.0
2005-03-23,'000016,上证５０,801.981,812.283,798.005,806.404,808.104,-6.123,-0.7577,4033777,2284393000.0
2005-03-22,'000016,上证５０,808.104,823.225,805.505,822.609,823.129,-15.025,-1.8254,4212965,2181712034.0
2005-03-21,'000016,上证５０,823.129,825.855,818.27,820.421,821.028,2.101,0.2559,2710832,1452285477.0
2005-03-18,'000016,上证５０,821.028,830.198,818.8,826.057,826.683,-5.655,-0.6841,3402967,1958062392.0
2005-03-17,'000016,上证５０,826.683,835.686,826.157,833.711,832.823,-6.14,-0.7373,3483096,2038527363.0
2005-03-16,'000016,上证５０,832.823,840.592,829.399,839.601,840.955,-8.132,-0.967,3904396,2322844904.0
2005-03-15,'000016,上证５０,840.955,857.625,839.446,857.337,857.614,-16.659,-1.9425,4667624,2752373557.0
2005-03-14,'000016,上证５０,857.614,865.822,844.176,853.355,853.898,3.716,0.4352,5537534,3548545136.0
2005-03-11,'000016,上证５０,853.898,857.271,847.811,850.907,851.531,2.367,0.278,4661695,2669410222.0
2005-03-10,'000016,上证５０,851.531,869.099,850.038,869.024,869.403,-17.872,-2.0557,5591643,2948232889.0
2005-03-09,'000016,上证５０,869.403,880.494,867.065,878.358,876.344,-6.941,-0.792,6973993,3872790925.0
2005-03-08,'000016,上证５０,876.344,876.878,863.596,867.834,863.704,12.64,1.4635,5257464,3158969746.0
2005-03-07,'000016,上证５０,863.704,865.529,859.517,859.659,859.489,4.215,0.4904,2797013,1693090958.0
2005-03-04,'000016,上证５０,859.489,866.58,858.132,862.112,861.688,-2.199,-0.2552,2983023,1788447913.0
2005-03-03,'000016,上证５０,861.688,863.1,851.434,854.789,855.879,5.809,0.6787,3339214,1823063553.0
2005-03-02,'000016,上证５０,855.879,875.069,855.283,866.078,866.258,-10.379,-1.1981,5951922,3591714424.0
2005-03-01,'000016,上证５０,866.258,871.421,863.492,868.367,868.886,-2.628,-0.3025,3179948,1886264154.0
2005-02-28,'000016,上证５０,868.886,878.657,864.65,878.553,878.503,-9.617,-1.0947,4847487,2822666898.0
2005-02-25,'000016,上证５０,878.503,888.791,877.098,878.216,877.345,1.158,0.132,6543358,3923305702.0
2005-02-24,'000016,上证５０,877.345,878.14,870.04,875.726,877.914,-0.569,-0.0648,5475889,3099816301.0
2005-02-23,'000016,上证５０,877.914,886.668,872.561,886.668,887.07,-9.156,-1.0322,7459593,4155038972.0
2005-02-22,'000016,上证５０,887.07,889.982,870.586,874.946,874.021,13.049,1.493,6674490,3748027747.0
2005-02-21,'000016,上证５０,874.021,874.096,856.954,856.954,856.212,17.809,2.08,4329100,2395829415.0
2005-02-18,'000016,上证５０,856.212,870.529,855.416,869.398,870.085,-13.873,-1.5944,3521323,1919298220.0
2005-02-17,'000016,上证５０,870.085,876.636,861.447,876.636,875.46,-5.375,-0.614,3634848,2082719031.0
2005-02-16,'000016,上证５０,875.46,884.986,871.375,877.97,872.884,2.576,0.2951,5056844,2827036330.0
2005-02-04,'000016,上证５０,872.884,877.391,845.446,847.617,848.486,24.398,2.8755,7331555,4193941398.0
2005-02-03,'000016,上证５０,848.486,867.199,846.407,856.77,860.504,-12.018,-1.3966,7120290,3920720189.0
2005-02-02,'000016,上证５０,860.504,860.879,819.245,819.245,817.872,42.632,5.2126,7774033,4262551034.0
2005-02-01,'000016,上证５０,817.872,824.11,812.152,812.563,813.753,4.119,0.5062,2732303,1465250787.0
2005-01-31,'000016,上证５０,813.753,819.347,810.722,817.93,820.689,-6.936,-0.8451,2588408,1331737139.0
2005-01-28,'000016,上证５０,820.689,822.822,816.539,819.656,821.705,-1.016,-0.1236,2339918,1189618540.0
2005-01-27,'000016,上证５０,821.705,833.752,820.933,831.832,834.669,-12.964,-1.5532,3029540,1531173879.0
2005-01-26,'000016,上证５０,834.669,844.071,833.642,840.821,841.64,-6.971,-0.8283,3018077,1677342219.0
2005-01-25,'000016,上证５０,841.64,842.192,832.092,839.715,842.414,-0.774,-0.0919,4119281,2248890591.0
2005-01-24,'000016,上证５０,842.414,851.244,831.084,847.07,831.847,10.567,1.2703,6486124,3443129365.0
2005-01-21,'000016,上证５０,831.847,835.236,798.354,803.091,805.081,26.766,3.3246,7407806,3793339735.0
2005-01-20,'000016,上证５０,805.081,810.87,801.072,807.395,810.989,-5.908,-0.7285,3649395,1794369342.0
2005-01-19,'000016,上证５０,810.989,817.165,809.493,816.644,817.309,-6.32,-0.7733,3297547,1465256090.0
2005-01-18,'000016,上证５０,817.309,817.688,805.374,811.316,811.554,5.755,0.7091,3719265,1756768049.0
2005-01-17,'000016,上证５０,811.554,825.541,810.002,821.189,829.042,-17.488,-2.1094,3252217,1694630703.0
2005-01-14,'000016,上证５０,829.042,845.548,828.046,834.354,834.221,-5.179,-0.6208,3627087,1655199286.0
2005-01-13,'000016,上证５０,834.221,838.192,833.099,836.17,837.244,-3.023,-0.3611,2096694,1050540719.0
2005-01-12,'000016,上证５０,837.244,837.805,831.183,837.357,837.861,-0.617,-0.0736,1632751,913345079.0
2005-01-11,'000016,上证５０,837.861,839.686,831.383,833.209,832.986,4.875,0.5852,2450098,1384285975.0
2005-01-10,'000016,上证５０,832.986,833.65,820.996,823.766,823.616,9.37,1.1377,2479411,1402314275.0
2005-01-07,'000016,上证５０,823.616,832.95,819.44,822.669,822.499,1.117,0.1358,3066086,1640665371.0
2005-01-06,'000016,上证５０,822.499,833.07,820.335,831.989,831.428,-8.929,-1.0739,2753574,1519686788.0
2005-01-05,'000016,上证５０,831.428,836.428,822.966,825.707,827.071,4.357,0.5268,3020863,1705649112.0
2005-01-04,'000016,上证５０,827.071,836.988,824.008,836.988,842.728,-15.657,-1.8579,4031697,2136408535.0
2004-12-31,'000016,上证５０,842.728,850.85,841.701,846.116,843.529,-0.801,-0.095,2978720,1680221908.0
2004-12-30,'000016,上证５０,843.529,848.162,837.205,842.356,843.781,-0.252,-0.0299,3582315,1928677792.0
2004-12-29,'000016,上证５０,843.781,854.331,842.274,847.876,848.63,-4.849,-0.5714,3604329,1811252639.0
2004-12-28,'000016,上证５０,848.63,852.655,843.625,849.421,848.194,0.436,0.0514,2893512,1576055083.0
2004-12-27,'000016,上证５０,848.194,859.089,846.015,851.782,851.775,-3.581,-0.4204,3169635,1808642590.0
2004-12-24,'000016,上证５０,851.775,856.494,848.081,848.574,850.7,1.075,0.1264,2457726,1480691584.0
2004-12-23,'000016,上证５０,850.7,865.317,850.032,865.317,865.077,-14.377,-1.6619,2359376,1417125297.0
2004-12-22,'000016,上证５０,865.077,865.171,842.322,848.165,845.382,19.695,2.3297,5298284,2770593761.0
2004-12-21,'000016,上证５０,845.382,855.08,842.651,847.352,845.678,-0.296,-0.035,2644310,1364565726.0
2004-12-20,'000016,上证５０,845.678,853.16,842.72,853.0,857.251,-11.573,-1.35,2791119,1623449488.0
2004-12-17,'000016,上证５０,857.251,866.041,855.632,865.515,866.998,-9.747,-1.1242,2360692,1321624413.0
2004-12-16,'000016,上证５０,866.998,875.756,861.172,867.381,867.604,-0.606,-0.0698,3414475,1832529651.0
2004-12-15,'000016,上证５０,867.604,872.115,854.853,862.262,862.056,5.548,0.6436,3944491,2119208433.0
2004-12-14,'000016,上证５０,862.056,870.077,860.348,865.383,865.762,-3.706,-0.4281,2560084,1385973373.0
2004-12-13,'000016,上证５０,865.762,867.741,859.003,864.351,868.427,-2.665,-0.3069,2270801,1323523721.0
2004-12-10,'000016,上证５０,868.427,881.445,867.739,877.155,878.716,-10.289,-1.1709,2988533,1690101638.0
2004-12-09,'000016,上证５０,878.716,890.5,861.821,869.007,868.904,9.812,1.1292,5684878,2954707951.0
2004-12-08,'000016,上证５０,868.904,878.486,867.071,874.602,868.292,0.612,0.0705,2037744,1152966117.0
2004-12-07,'000016,上证５０,868.292,878.186,867.735,875.436,874.998,-6.706,-0.7664,2164087,1298700279.0
2004-12-06,'000016,上证５０,874.998,877.898,865.962,872.279,871.558,3.44,0.3947,1828539,1124055427.0
2004-12-03,'000016,上证５０,871.558,878.27,869.571,870.57,871.125,0.433,0.0497,2335736,1427372675.0
2004-12-02,'000016,上证５０,871.125,875.047,865.126,874.879,875.397,-4.272,-0.488,3010871,1932301131.0
2004-12-01,'000016,上证５０,875.397,881.773,874.655,880.072,879.308,-3.911,-0.4448,1909957,1159091302.0
2004-11-30,'000016,上证５０,879.308,882.501,875.889,878.353,879.258,0.05,0.0057,2094155,1175614865.0
2004-11-29,'000016,上证５０,879.258,889.286,877.981,887.762,889.083,-9.825,-1.1051,2315849,1295307350.0
2004-11-26,'000016,上证５０,889.083,893.464,888.206,890.378,890.777,-1.694,-0.1902,2130382,1182153764.0
2004-11-25,'000016,上证５０,890.777,893.891,883.686,889.429,889.118,1.659,0.1866,3499111,1840650054.0
2004-11-24,'000016,上证５０,889.118,902.688,888.214,893.391,893.285,-4.167,-0.4665,3688191,2140211194.0
2004-11-23,'000016,上证５０,893.285,905.79,892.649,905.79,905.841,-12.556,-1.3861,3242435,2042679819.0
2004-11-22,'000016,上证５０,905.841,910.053,901.674,907.051,906.991,-1.15,-0.1268,3468375,2114586263.0
2004-11-19,'000016,上证５０,906.991,907.573,898.242,902.476,900.816,6.175,0.6855,3370416,2014624536.0
2004-11-18,'000016,上证５０,900.816,901.222,893.481,894.317,896.105,4.711,0.5257,2569917,1569540104.0
2004-11-17,'000016,上证５０,896.105,906.88,892.926,906.303,906.734,-10.629,-1.1722,2814596,1658436647.0
2004-11-16,'000016,上证５０,906.734,911.099,901.11,908.489,906.985,-0.251,-0.0277,3617668,2108219045.0
2004-11-15,'000016,上证５０,906.985,909.548,899.625,900.663,898.166,8.819,0.9819,3977228,2440231608.0
2004-11-12,'000016,上证５０,898.166,902.979,890.35,893.172,894.112,4.054,0.4534,4457515,2542837237.0
2004-11-11,'000016,上证５０,894.112,914.36,893.299,900.345,897.765,-3.653,-0.4069,8506183,5031483266.0
2004-11-10,'000016,上证５０,897.765,904.272,860.957,867.1,864.565,33.2,3.8401,8588036,4734148363.0
2004-11-09,'000016,上证５０,864.565,871.218,860.275,864.887,864.34,0.225,0.026,1788275,1072761557.0
2004-11-08,'000016,上证５０,864.34,866.145,853.309,860.63,862.261,2.079,0.2411,1998289,1230129021.0
2004-11-05,'000016,上证５０,862.261,870.064,857.456,864.711,860.814,1.447,0.1681,3029204,1841079391.0
2004-11-04,'000016,上证５０,860.814,885.608,858.141,877.764,877.53,-16.716,-1.9049,4641808,2880399970.0
2004-11-03,'000016,上证５０,877.53,879.056,862.05,864.358,862.246,15.284,1.7726,4218236,2859490054.0
2004-11-02,'000016,上证５０,862.246,865.188,853.389,861.96,862.827,-0.581,-0.0673,3505454,2123590518.0
2004-11-01,'000016,上证５０,862.827,875.432,862.42,869.171,870.79,-7.963,-0.9145,3896209,2212848230.0
2004-10-29,'000016,上证５０,870.79,881.243,860.683,867.574,882.912,-12.122,-1.373,6156771,3746724231.0
2004-10-28,'000016,上证５０,882.912,892.777,879.472,885.412,884.85,-1.938,-0.219,5923453,3650357116.0
2004-10-27,'000016,上证５０,884.85,885.105,866.556,876.978,875.855,8.995,1.027,7450793,4359400740.0
2004-10-26,'000016,上证５０,875.855,875.956,851.452,864.428,865.653,10.202,1.1785,5815649,3687137679.0
2004-10-25,'000016,上证５０,865.653,893.107,864.421,886.053,878.74,-13.087,-1.4893,5931402,3696518562.0
2004-10-22,'000016,上证５０,878.74,881.187,858.604,864.381,864.307,14.433,1.6699,5223963,3418105697.0
2004-10-21,'000016,上证５０,864.307,885.561,861.612,879.664,879.385,-15.078,-1.7146,6055731,4023164944.0
2004-10-20,'000016,上证５０,879.385,884.542,867.598,884.542,884.929,-5.544,-0.6265,3347707,2238481067.0
2004-10-19,'000016,上证５０,884.929,901.294,882.851,885.375,882.663,2.266,0.2567,3456122,2289001724.0
2004-10-18,'000016,上证５０,882.663,887.643,869.036,880.267,879.718,2.945,0.3348,2558552,1805715808.0
2004-10-15,'000016,上证５０,879.718,884.778,867.299,873.761,876.818,2.9,0.3307,4002423,2882171232.0
2004-10-14,'000016,上证５０,876.818,903.478,874.701,902.47,901.97,-25.152,-2.7886,4972227,3487964612.0
2004-10-13,'000016,上证５０,901.97,909.132,894.673,901.272,902.718,-0.748,-0.0829,4251093,3012747016.0
2004-10-12,'000016,上证５０,902.718,921.422,900.191,920.779,923.217,-20.499,-2.2204,5108732,3339712218.0
2004-10-11,'000016,上证５０,923.217,938.644,920.604,936.476,936.008,-12.791,-1.3665,6302681,4238534467.0
2004-10-08,'000016,上证５０,936.008,936.239,904.981,922.799,924.355,11.653,1.2607,4731583,3030504542.0
2004-09-30,'000016,上证５０,924.355,938.691,920.539,936.38,936.462,-12.107,-1.2928,4317368,2600394979.0
2004-09-29,'000016,上证５０,936.462,950.993,934.951,948.51,947.773,-11.311,-1.1934,3887717,2445125211.0
2004-09-28,'000016,上证５０,947.773,954.099,937.304,948.184,946.137,1.636,0.1729,4336172,2713172890.0
2004-09-27,'000016,上证５０,946.137,971.354,940.372,964.018,951.091,-4.954,-0.5209,6380104,3967508423.0
2004-09-24,'000016,上证５０,951.091,991.735,950.337,975.12,967.323,-16.232,-1.678,13635412,9451564848.0
2004-09-23,'000016,上证５０,967.323,967.758,926.368,931.668,933.101,34.222,3.6676,6197820,4001841745.0
2004-09-22,'000016,上证５０,933.101,957.472,929.849,951.843,955.001,-21.9,-2.2932,9021499,5655622840.0
2004-09-21,'000016,上证５０,955.001,967.782,947.783,967.556,965.109,-10.108,-1.0473,9068592,5622232888.0
2004-09-20,'000016,上证５０,965.109,965.287,938.455,939.422,932.315,32.794,3.5175,13134290,7945315642.0
2004-09-17,'000016,上证５０,932.315,932.817,901.654,905.569,903.403,28.912,3.2003,9875806,5755648231.0
2004-09-16,'000016,上证５０,903.403,909.907,893.376,899.898,892.769,10.634,1.1911,6511723,3628404854.0
2004-09-15,'000016,上证５０,892.769,905.625,859.893,862.572,860.097,32.672,3.7986,8520692,4849469438.0
2004-09-14,'000016,上证５０,860.097,864.656,838.548,838.548,834.104,25.993,3.1163,3962947,2148503645.0
2004-09-13,'000016,上证５０,834.104,850.225,833.093,850.225,851.969,-17.865,-2.0969,1863476,1039460266.0
2004-09-10,'000016,上证５０,851.969,852.653,839.927,846.379,848.455,3.514,0.4142,1800976,993716674.0
2004-09-09,'000016,上证５０,848.455,862.537,847.073,862.363,864.59,-16.135,-1.8662,2960520,1563017827.0
2004-09-08,'000016,上证５０,864.59,877.75,858.859,877.143,877.773,-13.183,-1.5019,3834097,1650678497.0
2004-09-07,'000016,上证５０,877.773,878.861,869.872,874.1,874.691,3.082,0.3524,1597379,873013689.0
2004-09-06,'000016,上证５０,874.691,879.269,871.148,878.401,879.417,-4.726,-0.5374,1700447,890875356.0
2004-09-03,'000016,上证５０,879.417,884.155,875.375,882.081,881.567,-2.15,-0.2439,1597271,888022574.0
2004-09-02,'000016,上证５０,881.567,882.63,867.019,878.63,880.542,1.025,0.1164,3159288,1755491139.0
2004-09-01,'000016,上证５０,880.542,894.623,879.395,894.623,895.783,-15.241,-1.7014,2020124,1210200557.0
2004-08-31,'000016,上证５０,895.783,908.205,888.366,896.86,882.046,13.737,1.5574,2910152,1758483486.0
2004-08-30,'000016,上证５０,882.046,884.706,876.552,880.645,883.704,-1.658,-0.1876,1639113,875080163.0
2004-08-27,'000016,上证５０,883.704,894.892,879.665,891.986,892.098,-8.394,-0.9409,2079712,1246730322.0
2004-08-26,'000016,上证５０,892.098,895.653,886.427,893.454,894.368,-2.27,-0.2538,1530230,971337060.0
2004-08-25,'000016,上证５０,894.368,899.257,892.144,897.646,897.767,-3.399,-0.3786,1545016,910583445.0
2004-08-24,'000016,上证５０,897.767,900.306,883.257,887.906,889.658,8.109,0.9115,2423679,1407404484.0
2004-08-23,'000016,上证５０,889.658,903.206,889.032,903.186,904.827,-15.169,-1.6765,2073584,1388248799.0
2004-08-20,'000016,上证５０,904.827,909.52,896.704,900.846,903.316,1.511,0.1673,2524753,1585797144.0
2004-08-19,'000016,上证５０,903.316,911.485,898.986,911.485,911.846,-8.53,-0.9355,2478489,1588466127.0
2004-08-18,'000016,上证５０,911.846,922.169,910.408,910.932,910.86,0.986,0.1082,2593997,1827817754.0
2004-08-17,'000016,上证５０,910.86,912.697,898.87,903.781,904.008,6.852,0.758,2079082,1355623357.0
2004-08-16,'000016,上证５０,904.008,912.12,901.448,905.518,907.001,-2.993,-0.33,2578844,1591172636.0
2004-08-13,'000016,上证５０,907.001,914.54,898.733,901.26,907.827,-0.826,-0.091,3755422,2447547129.0
2004-08-12,'000016,上证５０,907.827,909.684,899.659,909.684,914.606,-6.779,-0.7412,2661774,1539754250.0
2004-08-11,'000016,上证５０,914.606,926.944,911.861,926.481,926.537,-11.931,-1.2877,2506016,1450838920.0
2004-08-10,'000016,上证５０,926.537,927.932,918.077,921.7,920.755,5.782,0.628,2537302,1594622269.0
2004-08-09,'000016,上证５０,920.755,922.938,906.657,909.424,911.555,9.2,1.0093,2936670,1762248719.0
2004-08-06,'000016,上证５０,911.555,920.024,904.555,908.33,909.077,2.478,0.2726,3389741,2125442885.0
2004-08-05,'000016,上证５０,909.077,929.258,907.695,919.839,923.019,-13.942,-1.5105,4403874,2575705867.0
2004-08-04,'000016,上证５０,923.019,938.235,888.793,893.06,893.301,29.718,3.3268,7671835,4394513358.0
2004-08-03,'000016,上证５０,893.301,905.3,891.757,898.489,900.018,-6.717,-0.7463,2333146,1636258738.0
2004-08-02,'000016,上证５０,900.018,905.902,897.613,901.812,906.265,-6.247,-0.6893,1996493,1368181415.0
2004-07-30,'000016,上证５０,906.265,920.523,905.629,919.942,918.792,-12.527,-1.3634,3201300,1906124568.0
2004-07-29,'000016,上证５０,918.792,918.858,905.538,905.672,906.054,12.738,1.4059,4066012,2257106083.0
2004-07-28,'000016,上证５０,906.054,914.042,891.723,904.29,903.321,2.733,0.3026,3524551,2092747447.0
2004-07-27,'000016,上证５０,903.321,909.436,896.237,902.902,903.751,-0.43,-0.0476,2956938,1838285179.0
2004-07-26,'000016,上证５０,903.751,914.244,899.637,910.306,915.043,-11.292,-1.234,2626175,1605693313.0
2004-07-23,'000016,上证５０,915.043,915.945,901.757,910.208,913.138,1.905,0.2086,4391591,2693614747.0
2004-07-22,'000016,上证５０,913.138,941.756,910.211,940.377,940.508,-27.37,-2.9101,4832675,3174565344.0
2004-07-21,'000016,上证５０,940.508,943.11,932.283,937.452,939.225,1.283,0.1366,2326508,1564224863.0
2004-07-20,'000016,上证５０,939.225,946.013,934.725,945.73,947.424,-8.199,-0.8654,3715869,2443010167.0
2004-07-19,'000016,上证５０,947.424,954.162,938.688,946.339,946.178,1.246,0.1317,4251248,2691093108.0
2004-07-16,'000016,上证５０,946.178,948.848,926.434,927.402,925.678,20.5,2.2146,8371489,5033078400.0
2004-07-15,'000016,上证５０,925.678,926.25,909.654,912.924,912.191,13.487,1.4785,4554943,3066440290.0
2004-07-14,'000016,上证５０,912.191,914.708,897.232,907.517,906.966,5.225,0.5761,3050080,1875739815.0
2004-07-13,'000016,上证５０,906.966,909.93,898.076,902.27,904.553,2.413,0.2668,2118867,1347094435.0
2004-07-12,'000016,上证５０,904.553,919.786,901.518,919.786,923.202,-18.649,-2.02,2528343,1611869365.0
2004-07-09,'000016,上证５０,923.202,936.921,922.276,927.22,927.035,-3.833,-0.4135,2256253,1465359315.0
2004-07-08,'000016,上证５０,927.035,927.372,917.47,922.633,923.864,3.171,0.3432,2079327,1223529965.0
2004-07-07,'000016,上证５０,923.864,930.739,921.237,930.684,931.883,-8.019,-0.8605,2119085,1355974934.0
2004-07-06,'000016,上证５０,931.883,944.287,928.386,928.763,928.666,3.217,0.3464,4226025,2620930339.0
2004-07-05,'000016,上证５０,928.666,928.747,919.002,925.369,926.617,2.049,0.2211,3307349,2111429211.0
2004-07-02,'000016,上证５０,926.617,931.416,917.039,924.081,925.001,1.616,0.1747,3160892,2032093065.0
2004-07-01,'000016,上证５０,925.001,927.623,896.012,896.378,897.707,27.294,3.0404,4460071,2891951000.0
2004-06-30,'000016,上证５０,897.707,907.373,894.19,900.342,901.048,-3.341,-0.3708,2700638,1597220086.0
2004-06-29,'000016,上证５０,901.048,901.389,877.324,885.062,883.755,17.293,1.9568,3139659,1837818791.0
2004-06-28,'000016,上证５０,883.755,892.581,880.53,887.16,891.79,-8.035,-0.901,2246053,1344801499.0
2004-06-25,'000016,上证５０,891.79,912.883,890.222,904.475,906.417,-14.627,-1.6137,2448648,1529802288.0
2004-06-24,'000016,上证５０,906.417,918.322,905.002,911.364,912.853,-6.436,-0.705,2311606,1452108249.0
2004-06-23,'000016,上证５０,912.853,918.433,905.414,918.433,918.798,-5.945,-0.647,2227283,1390556925.0
2004-06-22,'000016,上证５０,918.798,924.617,905.941,908.856,909.046,9.752,1.0728,2503213,1619832423.0
2004-06-21,'000016,上证５０,909.046,913.912,899.215,904.953,910.187,-1.141,-0.1254,2125600,1377606469.0
2004-06-18,'000016,上证５０,910.187,922.342,899.268,922.342,926.036,-15.849,-1.7115,3572027,2423699639.0
2004-06-17,'000016,上证５０,926.036,948.365,924.791,946.559,947.163,-21.127,-2.2306,2590711,1730966541.0
2004-06-16,'000016,上证５０,947.163,958.997,933.48,943.362,942.679,4.484,0.4757,3362611,2174803698.0
2004-06-15,'000016,上证５０,942.679,948.28,919.959,922.931,924.594,18.085,1.956,3057255,2012642986.0
2004-06-14,'000016,上证５０,924.594,941.039,919.529,941.039,942.862,-18.268,-1.9375,2891000,1871260637.0
2004-06-11,'000016,上证５０,942.862,961.57,941.545,947.5,944.254,-1.392,-0.1474,2948907,1948677757.0
2004-06-10,'000016,上证５０,944.254,951.348,936.641,939.497,941.304,2.95,0.3134,2851585,1976829929.0
2004-06-09,'000016,上证５０,941.304,956.681,938.961,952.189,954.77,-13.466,-1.4104,3092361,2182544126.0
2004-06-08,'000016,上证５０,954.77,974.648,952.842,971.027,973.22,-18.45,-1.8958,3290360,2191539097.0
2004-06-07,'000016,上证５０,973.22,984.084,967.639,984.036,986.225,-13.005,-1.3187,2163271,1456315548.0
2004-06-04,'000016,上证５０,986.225,992.033,981.615,985.548,986.446,-0.221,-0.0224,2090802,1490411261.0
2004-06-03,'000016,上证５０,986.446,1001.136,985.104,1000.998,1001.687,-15.241,-1.5215,2088334,1542200333.0
2004-06-02,'000016,上证５０,1001.687,1014.713,999.221,1014.309,1014.174,-12.487,-1.2312,2656618,1929636378.0
2004-06-01,'000016,上证５０,1014.174,1014.212,999.332,1000.277,1001.194,12.98,1.2965,2904102,2269399926.0
2004-05-31,'000016,上证５０,1001.194,1003.76,994.683,995.834,995.637,5.557,0.5581,1787674,1243435743.0
2004-05-28,'000016,上证５０,995.637,1005.88,994.412,1003.931,1003.286,-7.649,-0.7624,2102534,1485279800.0
2004-05-27,'000016,上证５０,1003.286,1006.686,977.728,984.581,984.998,18.288,1.8567,4014933,2728369357.0
2004-05-26,'000016,上证５０,984.998,986.94,972.408,976.523,978.595,6.403,0.6543,1774624,1280284170.0
2004-05-25,'000016,上证５０,978.595,991.998,977.222,991.774,991.847,-13.252,-1.3361,2311801,1642335890.0
2004-05-24,'000016,上证５０,991.847,997.722,989.207,995.075,994.45,-2.603,-0.2618,2052458,1540019063.0
2004-05-21,'000016,上证５０,994.45,995.179,985.136,985.928,985.931,8.519,0.8641,2583703,1798512031.0
2004-05-20,'000016,上证５０,985.931,1000.274,981.279,988.989,988.922,-2.991,-0.3025,2613296,1916713818.0
2004-05-19,'000016,上证５０,988.922,1001.896,981.121,989.866,989.207,-0.285,-0.0288,3852344,2707214720.0
2004-05-18,'000016,上证５０,989.207,989.497,966.061,978.299,981.737,7.47,0.7609,5222881,3990088878.0
2004-05-17,'000016,上证５０,981.737,999.452,980.672,993.14,997.947,-16.21,-1.6243,2975704,2112824131.0
2004-05-14,'000016,上证５０,997.947,1021.308,994.952,1020.902,1020.998,-23.051,-2.2577,2675899,1859103878.0
2004-05-13,'000016,上证５０,1020.998,1026.817,1016.249,1026.669,1025.02,-4.022,-0.3924,2105181,1611706388.0
2004-05-12,'000016,上证５０,1025.02,1025.413,1001.967,1004.796,1003.898,21.122,2.104,3201942,2256198840.0
2004-05-11,'000016,上证５０,1003.898,1006.166,989.314,994.055,996.164,7.734,0.7764,2133186,1583534921.0
2004-05-10,'000016,上证５０,996.164,1031.017,993.643,1028.457,1025.954,-29.79,-2.9036,2797285,2017385657.0
2004-04-30,'000016,上证５０,1025.954,1029.62,1011.209,1017.641,1016.513,9.441,0.9288,4781896,3631128478.0
2004-04-29,'000016,上证５０,1016.513,1037.751,1015.497,1028.585,1029.806,-13.293,-1.2908,4811469,3833891295.0
2004-04-28,'000016,上证５０,1029.806,1034.912,1015.867,1028.458,1031.217,-1.411,-0.1368,3733429,2926455857.0
2004-04-27,'000016,上证５０,1031.217,1045.245,1027.613,1040.915,1038.999,-7.782,-0.749,3599316,2718657863.0
2004-04-26,'000016,上证５０,1038.999,1041.591,1030.058,1034.044,1034.409,4.59,0.4437,2507986,1895935759.0
2004-04-23,'000016,上证５０,1034.409,1048.268,1032.868,1048.233,1050.757,-16.348,-1.5558,3236350,2428809078.0
2004-04-22,'000016,上证５０,1050.757,1055.21,1039.351,1042.47,1043.533,7.224,0.6923,4135647,3094117949.0
2004-04-21,'000016,上证５０,1043.533,1061.653,1040.373,1053.377,1052.244,-8.711,-0.8278,4492805,3406300980.0
2004-04-20,'000016,上证５０,1052.244,1059.417,1045.205,1053.437,1054.738,-2.494,-0.2365,3393887,2559575773.0
2004-04-19,'000016,上证５０,1054.738,1073.398,1052.502,1072.499,1071.228,-16.49,-1.5394,4078683,2964938216.0
2004-04-16,'000016,上证５０,1071.228,1071.551,1049.025,1056.795,1055.889,15.339,1.4527,4437637,3409113103.0
2004-04-15,'000016,上证５０,1055.889,1072.238,1053.078,1066.18,1065.682,-9.793,-0.9189,3601203,2762241150.0
2004-04-14,'000016,上证５０,1065.682,1074.627,1052.917,1072.199,1072.726,-7.044,-0.6566,4838037,3806044083.0
2004-04-13,'000016,上证５０,1072.726,1087.322,1070.843,1081.053,1080.08,-7.354,-0.6809,4958853,3738541002.0
2004-04-12,'000016,上证５０,1080.08,1087.479,1071.116,1082.449,1088.157,-8.077,-0.7423,5021174,3920294084.0
2004-04-09,'000016,上证５０,1088.157,1119.148,1083.332,1113.72,1112.839,-24.682,-2.2179,6921967,5577014950.0
2004-04-08,'000016,上证５０,1112.839,1118.475,1109.779,1117.117,1117.44,-4.601,-0.4117,5758736,4997167504.0
2004-04-07,'000016,上证５０,1117.44,1125.63,1116.128,1124.251,1123.856,-6.416,-0.5709,4674499,4104683825.0
2004-04-06,'000016,上证５０,1123.856,1124.017,1106.6,1117.886,1118.273,5.583,0.4993,5545980,4525595373.0
2004-04-05,'000016,上证５０,1118.273,1129.815,1112.291,1128.506,1127.805,-9.532,-0.8452,6259749,5142214408.0
2004-04-02,'000016,上证５０,1127.805,1133.437,1122.642,1125.361,1123.435,4.37,0.389,5788955,4954578189.0
2004-04-01,'000016,上证５０,1123.435,1124.254,1108.914,1109.72,1108.54,14.895,1.3437,4682707,3975839852.0
2004-03-31,'000016,上证５０,1108.54,1113.737,1097.868,1102.286,1101.271,7.269,0.6601,4247860,3468943518.0
2004-03-30,'000016,上证５０,1101.271,1106.01,1093.119,1100.799,1101.659,-0.388,-0.0352,4158677,3465947282.0
2004-03-29,'000016,上证５０,1101.659,1115.054,1100.428,1112.276,1112.782,-11.123,-0.9996,5336270,4156404720.0
2004-03-26,'000016,上证５０,1112.782,1118.724,1105.554,1115.493,1115.239,-2.457,-0.2203,5394547,4629500173.0
2004-03-25,'000016,上证５０,1115.239,1126.187,1108.179,1114.748,1115.512,-0.273,-0.0245,4609216,3777134579.0
2004-03-24,'000016,上证５０,1115.512,1125.06,1109.334,1120.206,1121.332,-5.82,-0.519,4800140,4213864129.0
2004-03-23,'000016,上证５０,1121.332,1134.126,1115.67,1133.993,1134.787,-13.455,-1.1857,5587535,4644463952.0
2004-03-22,'000016,上证５０,1134.787,1141.812,1126.193,1130.868,1129.775,5.012,0.4436,5093687,4319534600.0
2004-03-19,'000016,上证５０,1129.775,1130.264,1107.103,1110.442,1111.849,17.926,1.6123,5885994,4782877132.0
2004-03-18,'000016,上证５０,1111.849,1141.809,1110.318,1134.926,1135.167,-23.318,-2.0541,6869806,5785905282.0
2004-03-17,'000016,上证５０,1135.167,1139.276,1124.6,1136.453,1135.571,-0.404,-0.0356,5489802,4842844317.0
2004-03-16,'000016,上证５０,1135.571,1139.486,1127.851,1136.273,1131.675,3.896,0.3443,7329359,6223977129.0
2004-03-15,'000016,上证５０,1131.675,1134.283,1100.149,1100.404,1099.081,32.594,2.9656,10252069,8500648458.0
2004-03-12,'000016,上证５０,1099.081,1102.126,1088.441,1096.348,1095.564,3.517,0.321,5236097,4158684024.0
2004-03-11,'000016,上证５０,1095.564,1102.221,1086.547,1092.741,1091.097,4.467,0.4094,5761792,4817175725.0
2004-03-10,'000016,上证５０,1091.097,1091.346,1062.976,1062.976,1061.159,29.938,2.8213,6113973,4768362429.0
2004-03-09,'000016,上证５０,1061.159,1075.22,1056.883,1057.358,1057.102,4.057,0.3838,6918022,4876685815.0
2004-03-08,'000016,上证５０,1057.102,1075.748,1056.044,1070.114,1071.581,-14.479,-1.3512,4599850,3706593743.0
2004-03-05,'000016,上证５０,1071.581,1083.14,1070.302,1080.338,1078.348,-6.767,-0.6275,3365028,2754915384.0
2004-03-04,'000016,上证５０,1078.348,1079.269,1061.888,1070.9,1072.639,5.709,0.5322,4810434,3854363358.0
2004-03-03,'000016,上证５０,1072.639,1093.742,1067.944,1093.358,1093.391,-20.752,-1.8979,5214820,4177177058.0
2004-03-02,'000016,上证５０,1093.391,1099.714,1086.724,1096.105,1094.242,-0.851,-0.0778,5577318,4608231808.0
2004-03-01,'000016,上证５０,1094.242,1095.233,1076.076,1089.653,1088.725,5.517,0.5067,6441716,5297533596.0
2004-02-27,'000016,上证５０,1088.725,1090.892,1079.934,1081.715,1079.897,8.828,0.8175,7293070,5654382402.0
2004-02-26,'000016,上证５０,1079.897,1080.232,1061.197,1068.125,1070.362,9.535,0.8908,8100891,6041586122.0
2004-02-25,'000016,上证５０,1070.362,1104.349,1067.127,1094.431,1093.102,-22.74,-2.0803,8064056,6373129920.0
2004-02-24,'000016,上证５０,1093.102,1095.937,1072.329,1090.25,1093.137,-0.035,-0.0032,8449382,6881090367.0
2004-02-23,'000016,上证５０,1093.137,1129.52,1092.014,1126.231,1124.661,-31.524,-2.803,8802509,7258275895.0
2004-02-20,'000016,上证５０,1124.661,1125.372,1112.944,1122.93,1122.38,2.281,0.2032,5988759,5258601253.0
2004-02-19,'000016,上证５０,1122.38,1138.082,1119.669,1130.396,1129.275,-6.895,-0.6106,7130805,6217181258.0
2004-02-18,'000016,上证５０,1129.275,1136.532,1119.628,1123.701,1123.618,5.657,0.5035,8093712,7208809236.0
2004-02-17,'000016,上证５０,1123.618,1132.714,1121.277,1127.098,1123.748,-0.13,-0.0116,8815897,7856931164.0
2004-02-16,'000016,上证５０,1123.748,1124.355,1098.858,1098.858,1096.362,27.386,2.4979,7623411,6197794455.0
2004-02-13,'000016,上证５０,1096.362,1105.819,1088.859,1094.002,1094.112,2.25,0.2056,6904822,5758474874.0
2004-02-12,'000016,上证５０,1094.112,1122.482,1092.293,1110.835,1110.061,-15.949,-1.4368,9581597,7735862225.0
2004-02-11,'000016,上证５０,1110.061,1123.769,1100.237,1121.807,1120.961,-10.9,-0.9724,9246320,7161101296.0
2004-02-10,'000016,上证５０,1120.961,1141.994,1116.929,1137.717,1134.611,-13.65,-1.2031,8662780,7084279413.0
2004-02-09,'000016,上证５０,1134.611,1134.91,1122.275,1122.285,1122.084,12.527,1.1164,8598305,7038850173.0
2004-02-06,'000016,上证５０,1122.084,1139.088,1108.909,1125.488,1127.897,-5.813,-0.5154,11140337,9086959709.0
2004-02-05,'000016,上证５０,1127.897,1136.423,1118.168,1135.616,1128.443,-0.546,-0.0484,9774314,8521830200.0
2004-02-04,'000016,上证５０,1128.443,1130.139,1104.74,1104.74,1102.954,25.489,2.311,10534990,8915089429.0
2004-02-03,'000016,上证５０,1102.954,1103.244,1084.391,1091.865,1091.729,11.225,1.0282,8411107,6827915398.0
2004-02-02,'000016,上证５０,1091.729,1116.314,1069.967,1107.49,1067.553,24.176,2.2646,15432922,11668205473.0
2004-01-30,'000016,上证５０,1067.553,1103.699,1066.445,1102.17,1100.604,-33.051,-3.003,7761118,5943973870.0
2004-01-29,'000016,上证５０,1100.604,1101.027,1084.455,1086.657,1083.652,16.952,1.5643,5791230,4529581998.0
2004-01-16,'000016,上证５０,1083.652,1087.817,1067.847,1076.636,1073.977,9.675,0.9009,7174167,5520318130.0
2004-01-15,'000016,上证５０,1073.977,1088.67,1070.727,1078.533,1079.72,-5.743,-0.5319,6179207,4755875010.0
2004-01-14,'000016,上证５０,1079.72,1101.666,1076.869,1101.445,1102.341,-22.621,-2.0521,7120499,5343577668.0
2004-01-13,'000016,上证５０,1102.341,1123.656,1089.633,1120.149,1116.799,-14.458,-1.2946,9837189,7989281144.0
2004-01-12,'000016,上证５０,1116.799,1117.505,1079.773,1081.807,1081.785,35.014,3.2367,10233943,8376568721.0
2004-01-09,'000016,上证５０,1081.785,1115.461,1079.072,1105.77,1102.662,-20.877,-1.8933,13467442,10548445392.0
2004-01-08,'000016,上证５０,1102.662,1108.291,1082.509,1087.68,1086.303,16.359,1.5059,10780427,8188926758.0
2004-01-07,'000016,上证５０,1086.303,1095.841,1070.98,1075.562,1075.656,10.647,0.9898,13729419,10352534788.0
2004-01-06,'000016,上证５０,1075.656,1086.694,1059.095,1059.141,1060.801,14.855,1.4004,16991334,12416997345.0
2004-01-05,'000016,上证５０,1060.801,1060.898,1008.279,1008.279,1011.347,49.454,4.8899,14468180,10706463941.0
2004-01-02,'000016,上证５０,1011.347,1021.568,993.892,996.996,1000.0,11.347,1.1347,8064652,5742758967.0
