日期,融资余额(元),融资买入额(元),融资偿还额(元),融券余量,融券卖出量,融券偿还量
2021-02-23,37449025,42065824,4616799,0,0,0
2021-02-24,42922034,25605995,20132986,0,0,0
2021-02-25,53361405,22789868,12350497,0,0,0
2021-02-26,68727251,37032930,21667084,0,0,0
2021-03-01,70004002,30871025,29594274,0,0,0
2021-03-02,57454906,20272586,32821682,0,0,0
2021-03-03,56193209,15265544,16527241,0,0,0
2021-03-04,53418773,9531896,12306332,0,0,0
2021-03-05,54257046,7277846,6439573,0,0,0
2021-03-08,56902589,13832390,11186847,0,0,0
2021-03-09,56699735,9939113,10141967,0,0,0
2021-03-10,54098727,2067415,4668423,0,0,0
2021-03-11,54224839,4460605,4334493,0,0,0
2021-03-12,54039913,5109153,5294079,0,0,0
2021-03-15,48244042,4279132,10075003,0,0,0
2021-03-16,46748154,1384092,2879980,0,0,0
2021-03-17,46987314,2674558,2435398,0,0,0
2021-03-18,45290335,885171,2582150,0,0,0
2021-03-19,43829281,3565113,5026167,0,0,0
2021-03-22,44720848,5253602,4362035,46838,46838,0
2021-03-23,42704787,2631633,4647694,46838,0,0
2021-03-24,43662791,2814804,1856800,46838,0,0
2021-03-25,42800282,1692104,2554613,46838,0,0
2021-03-26,42281804,1371308,1889786,51838,5000,0
2021-03-29,42163769,1833584,1951619,51838,0,0
2021-03-30,41990467,1545217,1718519,69438,17600,0
2021-03-31,40995336,1562622,2557753,69438,0,0
2021-04-01,39557895,1115094,2552535,69638,200,0
2021-04-02,37322691,1285811,3521015,70738,1100,0
2021-04-06,36681014,1279631,1921308,70738,0,0
2021-04-07,38620243,3031504,1092275,72338,1600,0
2021-04-08,39247210,3293374,2666407,151538,79200,0
2021-04-09,38247518,1069942,2079102,154338,2800,0
2021-04-12,37213180,1006284,2040622,154538,200,0
2021-04-13,36761723,739289,1190746,154538,0,0
2021-04-14,37302863,1898027,1356887,79838,4500,79200
2021-04-15,38057752,2058173,1303284,79338,13100,13600
2021-04-16,37080760,3051619,4028611,64838,500,15000
2021-04-19,36115361,4746941,5712340,64838,2100,2100
2021-04-20,39971520,7505074,3648915,144038,98500,19300
2021-04-21,40729514,3506335,2748341,124738,0,19300
2021-04-22,38319099,1773419,4183834,45538,0,79200
2021-04-23,39889257,4394279,2824121,31838,0,13700
2021-04-26,41263495,4674571,3300333,31838,0,0
2021-04-27,40945650,7010191,7328036,111038,79200,0
2021-04-28,42817387,6249397,4377660,111038,0,0
2021-04-29,41369708,3229186,4676865,111038,0,0
2021-04-30,41636057,3036021,2769672,111038,0,0
2021-05-06,41445720,2652476,2842813,104938,0,6100
2021-05-07,39699677,1402794,3148837,104938,0,0
2021-05-10,40167215,2429214,1961676,104938,0,0
2021-05-11,40436102,1842708,1573821,104938,0,0
2021-05-12,40951288,1658805,1143619,118538,13600,0
2021-05-13,41875302,2581281,1657267,45438,0,73100
2021-05-14,42190181,2023429,1708550,45438,0,0
2021-05-17,39824203,1659049,4025027,45438,0,0
2021-05-18,41609425,3965467,2180245,45438,0,0
2021-05-19,43261137,3610126,1958414,45438,0,0
2021-05-20,43293199,2954954,2922892,45438,0,0
2021-05-21,38498156,1532901,6327944,45438,0,0
2021-05-24,37501875,2714253,3710534,45438,0,0
2021-05-25,39338896,4179557,2342536,31838,0,13600
2021-05-26,40301465,4284373,3321804,31838,0,0
2021-05-27,42420567,7053854,4934752,31838,0,0
2021-05-28,42145257,4107604,4382914,31838,0,0
2021-05-31,44288511,6723830,4580576,104938,73100,0
2021-06-01,47872586,7431780,3847705,104938,0,0
2021-06-02,51608498,12656143,8920231,104938,0,0
2021-06-03,54613750,9938889,6933637,104938,0,0
2021-06-04,60717908,11287422,5183264,106568,1630,0
2021-06-07,62696264,4849245,2870889,106568,0,0
2021-06-08,56827747,6505235,12373752,106568,0,0
2021-06-09,55461040,5180181,6546888,126375,19807,0
2021-06-10,57213488,12697620,10945172,126375,0,0
2021-06-11,56928732,10005057,10289813,126375,0,0
2021-06-15,56100873,6001653,6829512,126375,0,0
2021-06-16,55303615,5806739,6603997,126375,0,0
2021-06-17,52575891,4424659,7152383,126375,0,0
2021-06-18,53064849,7329200,6840242,126375,0,0
2021-06-21,50138604,3633251,6559496,126375,0,0
2021-06-22,52186711,7469708,5421601,51645,0,74730
2021-06-23,53001632,8301294,7486373,53045,1400,0
2021-06-24,53803270,8696706,7895068,53045,0,0
2021-06-25,55971466,5770983,3602787,127945,74900,0
2021-06-28,56466200,6032881,5538147,133945,6000,0
2021-06-29,56601186,5516111,5381125,154945,21000,0
2021-06-30,58425245,8314006,6489947,151375,0,3570
2021-07-01,54823410,3693527,7295362,152476,1101,0
2021-07-02,57008724,5512003,3326689,218079,65603,0
2021-07-05,57971088,3591260,2628896,219276,1400,203
2021-07-06,57388379,3535584,4118293,198269,300,21307
2021-07-07,58446559,3703482,2645302,198269,0,0
2021-07-08,61652953,10490323,7283929,198269,0,0
2021-07-09,61521744,5818400,5949609,192269,0,6000
2021-07-12,66528521,9178754,4171977,190269,0,2000
2021-07-13,67591279,15344452,14281694,190269,0,0
2021-07-14,67391973,7316110,7515416,190269,0,0
2021-07-15,64221119,5922051,9092905,186869,0,3400
2021-07-16,63306638,3405411,4319892,185469,0,1400
2021-07-19,63824763,4035018,3516893,185469,0,0
2021-07-20,63514618,3920420,4230565,196669,11200,0
2021-07-21,63627413,3987468,3808569,199669,3000,0
2021-07-22,61586200,3253277,5294490,210969,11300,0
2021-07-23,62049775,10203093,9739518,209438,0,1531
2021-07-26,62740830,3223214,2532159,210948,1510,0
2021-07-27,62117427,4099351,4722754,214448,3500,0
2021-07-28,62018620,2926080,3024887,206948,0,7500
2021-07-29,61484918,3552263,4085965,183648,3100,26400
2021-07-30,60822250,2720458,3383126,379938,196290,0
2021-08-02,61690536,5552711,4684425,368738,0,11200
2021-08-03,62369996,4349539,3670079,368738,0,0
2021-08-04,61192067,1521141,2694024,362438,5000,11300
2021-08-05,60697885,4763348,5257530,362438,0,0
2021-08-06,62277236,3052743,1473392,363438,1000,0
2021-08-09,61007232,2348351,3618355,363438,0,0
2021-08-10,60625638,5657032,6038626,381238,17800,0
2021-08-11,58077810,3283568,5778003,391738,13800,3300
2021-08-12,58467008,4596825,4207627,387738,200,4200
2021-08-13,61436231,14383224,11414001,387738,0,0
2021-08-16,58430727,2436654,5442158,387738,0,0
2021-08-17,55913025,1250849,3768551,384738,0,3000
2021-08-18,56731027,3551082,2733080,384738,0,0
2021-08-19,55589596,801573,1943004,369838,0,14900
2021-08-20,56358305,3121512,2352803,366338,0,3500
2021-08-23,57061409,4017554,3314450,343438,0,22900
2021-08-24,57814070,3918184,3165523,143638,0,199800
2021-08-25,56802040,1705383,2717413,31838,0,111800
2021-08-26,57098944,2544312,2247408,31838,0,0
2021-08-27,56030163,1696773,2765554,31838,0,0
2021-08-30,55537026,1791503,2284640,31838,0,0
2021-08-31,54655297,1595752,2477481,31838,0,0
2021-09-01,55150981,2672506,2176822,31838,0,0
2021-09-02,55584209,1172948,739720,0,0,31838
2021-09-03,54427973,1672154,2828390,0,0,0
2021-09-06,55274311,3181647,2335309,0,0,0
2021-09-07,57055326,3975305,2194290,0,0,0
2021-09-08,56375781,3383334,4062879,0,0,0
2021-09-09,55735679,2952877,3592979,0,0,0
2021-09-10,54679092,1129343,2185930,0,0,0
2021-09-13,55651682,2484898,1512308,0,0,0
2021-09-14,54675027,1517031,2493686,0,0,0
2021-09-15,53683844,2012702,3151986,0,0,0
2021-09-16,52108751,828898,2403991,0,0,0
2021-09-17,49719623,1713220,4102348,0,0,0
2021-09-22,49363120,729017,1085520,0,0,0
2021-09-23,49450284,789131,701967,0,0,0
2021-09-24,47968455,763097,2244926,0,0,0
2021-09-27,47484361,920796,1404890,0,0,0
2021-09-28,46792916,335151,1026596,0,0,0
2021-09-29,46403081,979841,1369676,0,0,0
2021-09-30,45597491,509150,1314740,0,0,0
2021-10-08,45366768,716609,947332,0,0,0
2021-10-11,45701097,647130,312801,0,0,0
2021-10-12,45196040,731635,1236692,0,0,0
2021-10-13,44301826,384968,1279182,0,0,0
2021-10-14,44555466,858704,605064,0,0,0
2021-10-15,44090727,658932,1123671,0,0,0
2021-10-18,44117242,980672,954157,0,0,0
2021-10-19,43710781,237606,644067,0,0,0
2021-10-20,44072067,569501,208215,0,0,0
2021-10-21,44462018,934530,544579,0,0,0
2021-10-22,43614564,1262007,2109461,0,0,0
2021-10-25,43482705,832929,964788,0,0,0
2021-10-26,44052300,1454300,884705,0,0,0
2021-10-27,44280286,1463930,1235944,0,0,0
2021-10-28,44727429,1610253,1163110,0,0,0
2021-10-29,44518269,1324267,1533427,0,0,0
2021-11-01,44439250,753968,832987,0,0,0
2021-11-02,44196372,1246936,1489814,0,0,0
2021-11-03,44655569,1457128,997931,0,0,0
2021-11-04,43214119,908566,2350016,0,0,0
2021-11-05,43674307,1592598,1132410,0,0,0
2021-11-08,43333898,305893,646302,0,0,0
2021-11-09,44075845,1319347,577400,0,0,0
2021-11-10,44328685,1571776,1318936,0,0,0
2021-11-11,44158211,1135311,1305785,0,0,0
2021-11-12,42267668,578223,2468766,0,0,0
2021-11-15,40469230,704964,2503402,0,0,0
2021-11-16,39442301,782539,1809468,0,0,0
2021-11-17,39549896,759202,651607,0,0,0
2021-11-18,39276924,649498,922470,0,0,0
2021-11-19,39908788,1492207,860343,0,0,0
2021-11-22,40331657,1192135,769266,0,0,0
2021-11-23,40331534,3114044,3105816,0,0,0
2021-11-24,41697608,4457092,3091018,0,0,0
2021-11-25,42258454,2534618,1973772,0,0,0
2021-11-26,42065743,2307505,2500216,0,0,0
2021-11-29,41187163,846527,1725107,0,0,0
2021-11-30,41943519,1929294,1172938,0,0,0
2021-12-01,40577329,718874,2085064,0,0,0
2021-12-02,40428012,1358264,1704951,0,0,0
2021-12-03,41524926,1416720,319806,0,0,0
2021-12-06,41242062,2112725,2395589,0,0,0
2021-12-07,40691381,448111,998792,0,0,0
2021-12-08,42396247,4065474,2360608,0,0,0
2021-12-09,41628067,1507976,2276156,0,0,0
2021-12-10,41694309,873041,806799,0,0,0
2021-12-13,43109029,1974456,559736,0,0,0
2021-12-14,41433131,1191668,2509025,0,0,0
2021-12-15,40711706,725895,1447320,0,0,0
2021-12-16,45266970,7015354,2355263,0,0,0
2021-12-17,53456325,14822565,6633210,0,0,0
2021-12-20,54832560,3177517,1801282,0,0,0
2021-12-21,55194293,2284500,1940498,0,0,0
2021-12-22,55041661,2181441,2334073,0,0,0
2021-12-23,55156042,1923639,1809258,0,0,0
2021-12-24,55748387,4262054,3669709,0,0,0
