日期,融资余额(元),融资买入额(元),融资偿还额(元),融券余量,融券卖出量,融券偿还量
2021-12-14,70735307,72951505,2216198,1182174,1182174,0
2021-12-15,53880516,53599880,70454671,915190,66614,333598
2021-12-16,62381042,45951252,34931725,792519,117416,240087
2021-12-17,65314581,40103060,37169521,765482,71479,98516
2021-12-20,61415427,14619860,18519014,754845,70842,81479
2021-12-21,63721798,17852501,15775293,707478,36175,83542
2021-12-22,68841220,13775996,8656574,724366,55063,38175
2021-12-23,69316713,13603459,13127966,713774,54100,64692
2021-12-24,69057701,9141710,9400722,600103,50329,164000
