日期,融资余额(元),融资买入额(元),融资偿还额(元),融券余量,融券卖出量,融券偿还量
2020-12-24,68441932,74329830,5887898,2493965,2493965,0
2020-12-25,68847905,45407571,45001598,1901959,116363,708369
2020-12-28,77617237,25667942,16898610,1890945,138255,149269
2020-12-29,76858804,12394784,13153217,1806663,57426,141708
2020-12-30,79689999,14273022,11385434,1509899,45768,342532
2020-12-31,78052943,13078935,14715991,1428014,103797,185682
2021-01-04,78060618,13350975,13343300,1353106,49394,124302
2021-01-05,76013725,17304585,19374585,1250128,124039,227017
2021-01-06,78469233,11854239,9398731,993247,44772,301653
2021-01-07,77698865,14960922,16027791,1053575,179557,119229
2021-01-08,79449970,9526759,7775653,972232,46453,127796
2021-01-11,83641905,11224355,7149792,976137,80514,76609
2021-01-12,80828273,3811636,6625268,932512,31946,75571
2021-01-13,82126422,9539755,8241606,933100,54072,53484
2021-01-14,84252689,8428913,6272335,879680,71147,124567
2021-01-15,81167779,7054800,10139710,906727,125719,98672
2021-01-18,79770263,6729648,8127164,822974,30734,114487
2021-01-19,80536765,7766409,6999907,682713,35405,175666
2021-01-20,78722425,3425894,5240234,238000,0,444713
2021-01-21,76259875,7814453,10277003,194000,0,44000
2021-01-22,76442115,8861552,8662156,194000,0,0
2021-01-25,76960891,5324141,4805365,194000,0,0
2021-01-26,78039132,4518753,3440512,194000,0,0
2021-01-27,78901598,4029094,3166628,211500,17500,0
2021-01-28,78273892,3895404,4523110,211500,0,0
2021-01-29,78834166,6883197,6322923,211500,0,0
2021-02-01,79382557,8090886,7542495,211500,0,0
2021-02-02,79600351,4808204,4779669,211500,0,0
2021-02-03,80267294,4583562,3916619,209315,1815,4000
2021-02-04,78041942,2201010,4426362,326315,117000,0
2021-02-05,77021653,2741680,3761969,326315,0,0
2021-02-08,76315859,3020642,3726436,351315,25000,0
2021-02-09,71486120,2349702,5760787,482028,130713,0
2021-02-10,70098932,3100574,4487762,681613,244400,44815
2021-02-18,72977784,7328965,4450113,681613,0,0
2021-02-19,73738342,9525271,8764713,683348,1735,0
2021-02-22,77389734,10186401,6535009,682348,0,1000
2021-02-23,75151311,3082424,5320847,682648,300,0
2021-02-24,75381881,4636079,4405509,619215,0,63433
2021-02-25,76950758,7076183,5529396,682648,63433,0
2021-02-26,78455934,3971252,2466076,682648,0,0
2021-03-01,87912026,17015283,7559191,682648,0,0
2021-03-02,88290657,3706222,3327591,680632,0,2016
2021-03-03,88538214,5239508,4991951,680632,0,0
2021-03-04,88433313,3336995,3441896,928897,250000,1735
2021-03-05,88061164,9637922,10010071,901897,0,27000
2021-03-08,90895099,12888548,10054613,911897,10000,0
2021-03-09,89574373,8584791,9905517,944002,32105,0
2021-03-10,90342514,5725804,4957663,1300854,356852,0
2021-03-11,91680661,6600898,5262751,1441254,140400,0
2021-03-12,92227677,5836982,5289966,1431254,400,10400
2021-03-15,92679679,4787274,4312812,1601254,170400,400
2021-03-16,91639830,3276638,4316487,1703455,102601,400
2021-03-17,88812660,3257461,6084631,1727909,117138,92684
2021-03-18,88844558,4102597,4070699,1758809,43600,12700
2021-03-19,86622471,3945523,6167610,1758649,21700,21860
2021-03-22,86293380,2849928,3179019,1840518,101399,19530
2021-03-23,86778479,4224445,3739346,1933805,100882,7595
2021-03-24,71733954,11718572,26763097,1933805,0,0
2021-03-25,72689586,2665140,1709508,1941205,7400,0
2021-03-26,69900400,2843085,5632271,1934373,20450,27282
2021-03-29,70342038,4108096,3666458,1912673,1000,22700
2021-03-30,71305899,3667299,2703438,1918425,8766,3014
2021-03-31,71005466,3286121,3586554,1918425,300,300
2021-04-01,69712747,2130605,3423324,1896725,0,21700
2021-04-02,69359968,1548572,1901351,1898198,31900,30427
2021-04-06,68675472,2591554,3276050,1898473,4700,4425
2021-04-07,67506879,1788812,2957405,1890907,3600,11166
2021-04-08,67707815,3089211,2888275,1890907,0,0
2021-04-09,66367418,1323226,2663623,1851007,2400,42300
2021-04-12,65463094,2466772,3371096,1839107,0,11900
2021-04-13,66880612,4106827,2689309,1817607,200,21700
2021-04-14,69385276,4679768,2175104,1695474,0,122133
2021-04-15,69920643,4685762,4150395,1680607,0,14867
2021-04-16,69213378,7535156,8242421,1680633,21400,21374
2021-04-19,72956760,8608958,4865576,1749333,89900,21200
2021-04-20,70836275,3792615,5913100,1819659,71926,1600
2021-04-21,71172588,6695247,6370614,1940559,121100,200
2021-04-22,71300855,3475264,3346997,2126159,185600,0
2021-04-23,68659544,2259179,4900490,2126159,0,0
2021-04-26,70303488,7815721,6171777,2126159,0,0
2021-04-27,64695769,2232460,7840179,2123273,0,2886
2021-04-28,70707846,15655892,9643815,2356673,341200,107800
2021-04-29,72460502,9964519,8211863,2443359,93886,7200
2021-04-30,69605006,5486935,8342431,2442944,6985,7400
2021-05-06,69729038,6719415,6595383,2443244,300,0
2021-05-07,66602086,1481624,4608576,2443144,1300,1400
2021-05-10,67797334,3346395,2151147,2443144,0,0
2021-05-11,68666150,2723162,1854346,2421639,0,21505
2021-05-12,66881001,1532078,3317227,2465470,43831,0
2021-05-13,65565383,2686604,4002222,2622082,156612,0
2021-05-14,67145535,4103654,2523502,2622082,0,0
2021-05-17,69928134,4263552,1480953,2535682,0,86400
2021-05-18,69896174,5480093,5512053,2535682,0,0
2021-05-19,69832754,3813675,3877095,2535682,0,0
2021-05-20,71928211,5925289,3829832,2535682,0,0
2021-05-21,69967387,2692108,4652932,2216882,1200,320000
2021-05-24,71379678,2497840,1085549,2217282,400,0
2021-05-25,70996985,4939404,5322097,2217282,0,0
2021-05-26,69353960,3292331,4935356,2217282,0,0
2021-05-27,70458841,3049628,1944747,2217282,0,0
2021-05-28,72143819,4633247,2948269,1867282,0,350000
2021-05-31,72685670,7938222,7396371,1865682,0,1600
2021-06-01,88951393,34969735,18704012,1865682,0,0
2021-06-02,96504795,18550887,10997485,1986307,120625,0
2021-06-03,98283750,9265008,7486053,2001600,19369,4076
2021-06-04,88781693,8059444,17561501,2108900,112630,5330
2021-06-07,93595138,10095414,5281969,2109100,2600,2400
2021-06-08,99510311,14851025,8935852,2110100,4131,3131
2021-06-09,100177359,4297382,3630334,2110100,0,0
2021-06-10,100365032,7291672,7103999,2116273,6173,0
2021-06-11,99611936,4514229,5267325,2116273,0,0
2021-06-15,99498557,4719533,4832912,2099308,0,16965
2021-06-16,99915969,3629290,3211878,2199269,99961,0
2021-06-17,100719599,3796824,2993194,2194296,0,4973
2021-06-18,101532070,6515672,5703201,2144296,0,50000
2021-06-21,99988623,2749098,4292545,2145867,2624,1053
2021-06-22,101433208,2860030,1415445,2216067,70200,0
2021-06-23,103065011,4924953,3293150,2416805,201962,1224
2021-06-24,106578360,7806264,4292915,2258226,43383,201962
2021-06-25,107257549,4231115,3550327,2260543,2400,83
2021-06-28,109521420,5757944,3494073,2262543,2000,0
2021-06-29,110717693,5843837,4647564,2151543,1300,112300
2021-06-30,112346414,4112562,2483841,2151543,0,0
2021-07-01,110626025,7045184,8765573,2151543,0,0
2021-07-02,105902726,4367791,9091090,2148914,100,2729
2021-07-05,104283837,2632874,4251763,2148914,0,0
2021-07-06,104266287,3073221,3090771,2146514,0,2400
2021-07-07,103179549,2181025,3267763,2146514,0,0
2021-07-08,105915106,5413913,2678356,2146514,0,0
2021-07-09,105370669,2979262,3523699,2144443,0,2071
2021-07-12,105803337,2847545,2414877,2143143,0,1300
2021-07-13,105427582,3717782,4093537,2148414,5271,0
2021-07-14,103435428,2219908,4212062,2151617,3203,0
2021-07-15,102188739,1676683,2923372,2153017,1400,0
2021-07-16,101031180,747799,1905358,2117917,0,35100
2021-07-19,102197429,3765230,2598981,2117917,0,0
2021-07-20,101566238,1738844,2370035,2117917,0,0
2021-07-21,99868334,1002999,2747303,2117917,0,0
2021-07-22,99540947,3091953,3419340,2121017,3100,0
2021-07-23,98500381,2200634,3241200,2121017,0,0
2021-07-26,100484505,6523984,4539860,2111143,0,9874
2021-07-27,99261867,1833436,3056074,2111143,0,0
2021-07-28,97594234,2009845,3677478,2065343,4200,50000
2021-07-29,96042351,1361690,2913573,2116943,51600,0
2021-07-30,95691642,975503,1326212,2091643,74700,100000
2021-08-02,95710656,2375007,2448888,2167843,76200,0
2021-08-03,97599411,4088623,2199868,2242543,74700,0
2021-08-04,97563226,1778659,1814844,2242543,0,0
2021-08-05,92657239,1014073,5920060,2242543,0,0
2021-08-06,91985409,1398132,2069962,2242543,0,0
2021-08-09,90243702,1463201,3204908,2242543,0,0
2021-08-10,89905530,762762,1100934,2238343,0,4200
2021-08-11,89857090,3124709,3173149,2236743,0,1600
2021-08-12,90312410,2014610,1559290,2235243,0,1500
2021-08-13,89759231,2321997,2875176,2235243,0,0
2021-08-16,90587776,1884918,1056373,2211543,0,23700
2021-08-17,89389907,1335715,2533584,2211543,0,0
2021-08-18,90078811,1447842,758938,2211543,0,0
2021-08-19,89547677,553349,1084483,2217443,5900,0
2021-08-20,89296771,1490952,1741858,2217443,0,0
2021-08-23,88709621,1154499,1741649,2217443,0,0
2021-08-24,89235534,2113543,1587630,2217443,0,0
2021-08-25,87228851,2071400,4078083,2217443,0,0
2021-08-26,93329554,9680518,3579815,2217443,0,0
2021-08-27,90543453,3538406,6324507,2217443,0,0
2021-08-30,91101002,2950084,2392535,2217443,0,0
2021-08-31,90909139,4043275,4235138,2215643,0,1800
2021-09-01,93310597,4633144,2231686,2215643,0,0
2021-09-02,93292056,2410644,2429185,2215643,0,0
2021-09-03,92023903,1458315,2726468,2215643,0,0
2021-09-06,92703593,3517293,2837603,2215643,0,0
2021-09-07,93698579,3688384,2693398,2215643,0,0
2021-09-08,92050211,4390904,6039272,2120043,0,95600
2021-09-09,95619301,5895109,2326019,2120043,0,0
2021-09-10,93594367,4100148,6125082,2120043,0,0
2021-09-13,93600346,2314886,2308907,2086743,0,33300
2021-09-14,96519867,5287042,2367521,2086743,0,0
2021-09-15,96534722,1848579,1604945,2086743,0,0
2021-09-16,96455968,2902138,2980892,2086743,0,0
2021-09-17,95832388,1374263,1997843,2086743,0,0
2021-09-22,95015378,1014272,1831282,2086743,0,0
2021-09-23,93624098,852449,2243729,2086743,0,0
2021-09-24,93593719,1019771,1050150,2086743,0,0
2021-09-27,94498838,2977997,2072878,2078643,0,8100
2021-09-28,94021669,1150235,1627404,2078643,0,0
2021-09-29,95990765,3293830,1324734,2168501,89858,0
2021-09-30,94992922,857484,1855327,2168501,0,0
2021-10-08,95338370,1383633,1038185,1835843,0,332658
2021-10-11,92166453,1373986,4545903,1808643,0,27200
2021-10-12,91480140,1000172,1686485,1808643,0,0
2021-10-13,91733719,1381632,1128053,1874348,65705,0
2021-10-14,91738019,1255982,1251682,1910713,36365,0
2021-10-15,90179031,558441,2117429,1929743,19030,0
2021-10-18,89923444,1370137,1625724,1929743,0,0
2021-10-19,90219485,748386,452345,1929743,0,0
2021-10-20,89005324,536999,1751160,1879743,0,50000
2021-10-21,88958201,552485,599608,1863543,0,16200
2021-10-22,88709134,469734,718801,1863543,0,0
2021-10-25,88604914,507794,612014,1863543,0,0
2021-10-26,88503947,378159,479126,1869043,7600,2100
2021-10-27,89020052,2732467,2216362,1869043,0,0
2021-10-28,88821246,976712,1175518,1869043,0,0
2021-10-29,89169338,3431057,3082965,1869043,0,0
2021-11-01,92885658,4557758,841438,1869043,0,0
2021-11-02,92425378,6481445,6941725,1869043,0,0
2021-11-03,93401380,2385659,1409657,1869043,0,0
2021-11-04,91348167,1066629,3119842,1869043,0,0
2021-11-05,90885012,575711,1038866,1869043,0,0
2021-11-08,90906083,988482,967411,1834843,0,34200
2021-11-09,88662757,2568285,4811611,1384600,0,450243
2021-11-10,87293514,2592310,3961553,1384600,0,0
2021-11-11,86364157,1162379,2091736,1139200,0,245400
2021-11-12,85825778,788338,1326717,1055084,0,84116
2021-11-15,93606966,9902884,2121696,1063950,14650,5784
2021-11-16,94625244,3275768,2257490,1151973,88023,0
2021-11-17,90270199,1994719,6349764,1158445,6472,0
2021-11-18,90238263,2500500,2532436,1173701,15256,0
2021-11-19,89379161,1672344,2531446,1170680,0,3021
2021-11-22,90033782,4868232,4213611,1170880,200,0
2021-11-23,90275858,2057834,1815758,1168526,0,2354
2021-11-24,91967353,3354057,1662562,1079426,800,89900
2021-11-25,92168345,1954410,1753418,1126426,47000,0
2021-11-26,90943899,1887956,3112402,1171048,44622,0
2021-11-29,90532856,1648484,2059527,1166413,0,4635
2021-11-30,89996448,1027194,1563602,1271446,219391,114358
2021-12-01,89478706,936756,1454498,1271446,0,0
2021-12-02,124269870,51761432,16970268,1276945,10400,4901
2021-12-03,104463655,20381826,40188041,1388470,111525,0
2021-12-06,101228227,8888775,12124203,1406445,34000,16025
2021-12-07,102831142,7867023,6264108,1307622,7815,106638
2021-12-08,105169442,6050819,3712519,1302327,4705,10000
2021-12-09,109319217,8599395,4449620,1311717,14897,5507
2021-12-10,108160756,4068061,5226522,1514697,208900,5920
2021-12-13,110831419,6114672,3444009,1490659,14752,38790
2021-12-14,108802825,1355950,3299736,1395498,7200,102361
2021-12-15,102186166,4665635,11282294,1396590,11194,10102
2021-12-16,104099880,5609467,3712943,748429,10379,658540
2021-12-17,103173594,4176175,5102461,809164,71229,10494
2021-12-20,101650812,3864599,5387381,927994,136762,17932
2021-12-21,105582558,7592738,3699150,966088,50143,12049
2021-12-22,103662840,2530906,4450624,771788,0,194300
2021-12-23,104648897,4802033,3815976,577788,6100,200100
2021-12-24,104656105,2858321,2851113,541088,0,36700
