日期,融资余额(元),融资买入额(元),融资偿还额(元),融券余量,融券卖出量,融券偿还量
2020-11-11,71105441,84091663,12986222,1996415,1996415,0
2020-11-12,102460430,69664411,38309422,1297918,99090,797587
2020-11-13,90741864,45222483,56149075,1313583,178155,162490
2020-11-16,106348783,59514776,43907857,1204099,59121,168605
2020-11-17,112846909,48132787,41634661,1199050,106500,111549
2020-11-18,113586679,41561097,40821327,1186016,63539,76573
2020-11-19,113644077,18531709,18474311,1075788,26851,137079
2020-11-20,104965261,25440551,34119367,1037597,53014,91205
2020-11-23,112517063,26976813,19458473,995191,77551,131641
2020-11-24,122667223,36053012,25902852,1026187,83378,52382
2020-11-25,124567876,27525477,25624824,1043686,47554,30055
2020-11-26,117718092,12332184,19181968,1074096,60800,30390
2020-11-27,116601964,18145545,19261673,1086684,41232,28644
2020-11-30,110562799,13860531,19899696,1017673,8105,77116
2020-12-01,107488455,9750289,12824633,974450,8977,52200
2020-12-02,119648339,24016291,11856407,957918,38884,55416
2020-12-03,121341434,12528736,10081507,791296,3400,170022
2020-12-04,110750535,9587095,20177994,772113,1700,20883
2020-12-07,114004105,12207842,8954272,604947,24689,191855
2020-12-08,111581656,5323856,7746305,57000,0,547947
2020-12-09,110339863,7466937,8708730,57000,0,0
2020-12-10,112897451,9112960,6555372,57000,0,0
2020-12-11,108975735,7904915,11826631,89845,32845,0
2020-12-14,105663086,2469893,5782542,127000,37155,0
2020-12-15,106192115,3786244,3257215,133522,6522,0
2020-12-16,105232988,3010327,3969454,133522,0,0
2020-12-17,107274392,7268101,5226697,133522,0,0
2020-12-18,105651568,3284276,4907100,133522,0,0
2020-12-21,106506580,4905073,4050061,152522,59000,40000
2020-12-22,109287003,5984610,3204187,192522,40000,0
2020-12-23,106498156,4197832,6986679,192522,0,0
2020-12-24,104323772,3072366,5246750,192522,0,0
2020-12-25,105691086,7502813,6135499,192522,0,0
2020-12-28,105590505,3979339,4079920,191054,5054,6522
2020-12-29,103444848,3887193,6032850,191054,0,0
2020-12-30,100777032,5369007,8036823,191054,0,0
2020-12-31,95084761,1951339,7643610,191054,0,0
2021-01-04,100810324,9472514,3746951,191054,0,0
2021-01-05,95584800,5019406,10115968,151054,0,40000
2021-01-06,92683399,5735095,8636496,151054,0,0
2021-01-07,92647496,5733306,5616161,81054,0,70000
2021-01-08,92219644,8871168,9299020,66700,13400,27754
2021-01-11,93141086,16012183,14841325,162200,95500,0
2021-01-12,83474793,5540706,15206999,162200,1749,1749
2021-01-13,83949720,6834620,6359693,162200,2002,2002
2021-01-14,83732874,5939212,6156058,110035,8615,60780
2021-01-15,83139753,2241100,2834221,166638,57803,1200
2021-01-18,84122494,2685425,1702684,232761,67474,1351
2021-01-19,85249682,2782091,1654903,279033,47419,1147
2021-01-20,84728239,2293793,2815236,279033,500,500
2021-01-21,82836776,2736508,4627971,265633,300,13700
2021-01-22,82775344,7081362,7142794,252576,0,13057
2021-01-25,82352323,3082869,3505890,265223,12647,0
2021-01-26,82563713,3442521,3231131,277504,12281,0
2021-01-27,82769087,2678408,2473034,266904,0,10600
2021-01-28,82174746,1199899,1794240,266904,0,0
2021-01-29,81108854,1388427,2454319,265904,0,1000
2021-02-01,81294626,1734051,1548279,265904,0,0
2021-02-02,82063581,3131653,2374214,265904,0,0
2021-02-03,81188919,1583915,2458577,268704,2800,0
2021-02-04,80688561,2526821,3027179,268704,0,0
2021-02-05,78436046,2452495,4705010,238704,0,30000
2021-02-08,78381131,1048336,1103251,231635,0,7069
2021-02-09,77451276,1042965,1926488,247051,15416,0
2021-02-10,77195757,3389489,3645008,206298,7047,47800
2021-02-18,78364214,3748603,2580146,206298,0,0
2021-02-19,80523145,5181930,3022999,246798,40500,0
2021-02-22,79291043,6595055,7827157,246798,0,0
2021-02-23,80174742,1837585,953886,246798,0,0
2021-02-24,76868726,1531973,4837989,246798,0,0
2021-02-25,76291808,2447724,3024642,246798,0,0
2021-02-26,76159021,2177180,2309967,246798,0,0
2021-03-01,78236546,5032713,2955188,246798,0,0
2021-03-02,75799747,3866471,6303270,229844,0,16954
2021-03-03,78059190,9753064,7493621,204916,0,24928
2021-03-04,82513050,15675217,11221357,148216,2000,58700
2021-03-05,80966606,10198135,11744579,148216,0,0
2021-03-08,79217533,5205610,6954683,160916,12700,0
2021-03-09,77069096,4607880,6756317,168216,7300,0
2021-03-10,78061712,3982833,2990217,194210,25994,0
2021-03-11,81003928,5602447,2660231,182794,0,11416
2021-03-12,83494305,6574072,4083695,185994,3200,0
2021-03-15,82619433,3367118,4118161,185994,0,0
2021-03-16,81826956,5066154,5858631,160000,0,25994
2021-03-17,84702203,4815528,1940281,163980,5980,2000
2021-03-18,82913132,4728360,6517431,148372,4392,20000
2021-03-19,96698032,18847244,5062344,148980,608,0
2021-03-22,93579324,11713739,14832447,148980,0,0
2021-03-23,92620051,6134310,7093583,148980,0,0
2021-03-24,89410608,2438247,5647690,188980,40000,0
2021-03-25,93326300,6369799,2454107,222015,36315,3280
2021-03-26,95909031,6590524,4007793,215715,0,6300
2021-03-29,96510603,4249966,3648394,156300,585,60000
2021-03-30,91473657,1828771,6865717,164714,14314,5900
2021-03-31,91090547,1468742,1851852,172024,8310,1000
2021-04-01,92771088,5761410,4080869,191095,30150,11079
2021-04-02,92645728,2419503,2544863,182624,4700,13171
2021-04-06,92323742,1981663,2303649,182624,5400,5400
2021-04-07,95033938,5473106,2762910,174424,7000,15200
2021-04-08,94064007,2509498,3479429,174748,14924,14600
2021-04-09,94631838,2677583,2109752,174773,7568,7543
2021-04-12,95067946,2219501,1783393,228334,65200,11639
2021-04-13,96105798,2319443,1281591,227934,1300,1700
2021-04-14,90285389,1526359,7346768,228134,3800,3600
2021-04-15,89512194,1299157,2072352,228134,2400,2400
2021-04-16,89666556,1640427,1486065,228227,7900,7807
2021-04-19,89424228,3035905,3278233,228178,5500,5549
2021-04-20,89344488,2567049,2646789,188185,14807,54800
2021-04-21,90268925,2523981,1599544,159185,3100,32100
2021-04-22,89976293,1404249,1696881,168725,19440,9900
2021-04-23,90356513,4594773,4214553,175897,16308,9136
2021-04-26,92591225,6302436,4067724,186350,25500,15047
2021-04-27,90755956,2369815,4205084,167458,9500,28392
2021-04-28,90023771,1029297,1761482,170462,6104,3100
2021-04-29,88947842,1923541,2999470,178549,13200,5113
2021-04-30,88171554,1179556,1955844,171543,9000,16006
2021-05-06,87919579,970369,1222344,176054,5911,1400
2021-05-07,86821623,1407727,2505683,287177,113954,2831
2021-05-10,85801946,1338524,2358201,614408,338729,11498
2021-05-11,89950978,6547106,2398074,617771,117183,113820
2021-05-12,92547442,4015543,1419079,585095,7624,40300
2021-05-13,92971685,2710562,2286319,557832,11100,38363
2021-05-14,90629815,1904934,4246804,552306,10274,15800
2021-05-17,91697858,2636268,1568225,557422,14227,9111
2021-05-18,90746713,626883,1578028,552486,3400,8336
2021-05-19,90221040,1483131,2008804,552286,0,200
2021-05-20,88150522,732650,2803168,549122,500,3664
2021-05-21,88495868,1694087,1348741,489807,1685,61000
2021-05-24,87929690,690166,1256344,477018,3718,16507
2021-05-25,87396721,452169,985138,473300,0,3718
2021-05-26,87586168,1121260,931813,473500,200,0
2021-05-27,94280358,7539375,845185,480300,7000,200
2021-05-28,96334455,3195808,1141711,478682,0,1618
2021-05-31,101503233,6621399,1452621,483069,8900,4513
2021-06-01,104590694,11198237,8110776,486242,12873,9700
2021-06-02,105347632,4072985,3316047,511442,33874,8674
2021-06-03,106038565,2277980,1587047,757688,247146,900
2021-06-04,107623646,3570020,1984939,944891,195611,8408
2021-06-07,101576116,4140074,10187604,901091,21000,64800
2021-06-08,102130177,3921180,3367119,1042728,143637,2000
2021-06-09,101424497,1284402,1990082,1039214,61286,64800
2021-06-10,99292418,1225728,3357807,1268947,229733,0
2021-06-11,97611803,1411618,3092233,1530147,261200,0
2021-06-15,97789084,3068908,2891627,1595147,65000,0
2021-06-16,98070409,2698310,2416985,1695147,100000,0
2021-06-17,99962822,4490977,2598564,1762607,67460,0
2021-06-18,98293758,2390009,4059073,1762607,0,0
2021-06-21,95628731,2085453,4750480,1766852,4245,0
2021-06-22,95910466,1968171,1686436,1796952,30100,0
2021-06-23,96491600,2719763,2138629,1798862,1910,0
2021-06-24,97334651,4224530,3381479,1798862,0,0
2021-06-25,96861378,2687225,3160893,1798862,0,0
2021-06-28,97482710,3064875,2443543,1798862,0,0
2021-06-29,98680480,2545910,1348140,1798862,0,0
2021-06-30,98956859,1293410,1017031,1808862,10000,0
2021-07-01,101932232,5396644,2421271,1808862,0,0
2021-07-02,102544710,2170893,1558415,1814507,9700,4055
2021-07-05,102289709,1965732,2220733,1876407,63200,1300
2021-07-06,101972160,1960137,2277686,1874307,0,2100
2021-07-07,101588466,3329171,3712865,1874307,0,0
2021-07-08,103285033,3727185,2030618,1874307,0,0
2021-07-09,107551719,5602214,1335528,1864307,0,10000
2021-07-12,104617692,1921255,4855282,1864307,0,0
2021-07-13,105121841,2871983,2367834,1854607,0,9700
2021-07-14,106711575,2618502,1028768,1854607,0,0
2021-07-15,106266383,921336,1366528,1284764,0,569843
2021-07-16,105663754,1349243,1951872,1270364,0,14400
2021-07-19,105182954,1651323,2132123,1270364,0,0
2021-07-20,102602077,353191,2934068,1270364,0,0
2021-07-21,101605531,681987,1678533,1270364,0,0
2021-07-22,101760013,2216923,2062441,754764,0,515600
2021-07-23,101859458,2352320,2252875,691564,0,63200
2021-07-26,101806129,1449007,1502336,754764,63200,0
2021-07-27,101482444,1502810,1826495,691564,0,63200
2021-07-28,98007656,1158492,4633280,691564,0,0
2021-07-29,95724113,3285853,5569396,492139,0,199425
2021-07-30,95538149,1726833,1912797,492139,0,0
2021-08-02,99449731,6702132,2790550,492339,200,0
2021-08-03,96039542,2710873,6121062,492339,200,200
2021-08-04,94864416,2670695,3845821,492339,200,200
2021-08-05,94136400,1296089,2024105,492339,200,200
2021-08-06,93757678,1697412,2076134,492339,200,200
2021-08-09,95172040,3381550,1967188,492339,200,200
2021-08-10,93369620,3417099,5219519,492339,200,200
2021-08-11,92656474,3466969,4200458,492339,200,200
2021-08-12,94685968,3476267,1446773,492159,20,200
2021-08-13,96827175,4101921,1960714,492339,200,20
2021-08-16,99225564,4884363,2485974,555999,69060,5400
2021-08-17,104140599,7104200,2189165,555999,200,200
2021-08-18,103186598,5537505,6491506,584499,67200,38700
2021-08-19,98491243,683391,5378746,584499,200,200
2021-08-20,97475570,1248407,2223096,584499,200,200
2021-08-23,91088122,1887958,8275406,589521,5222,200
2021-08-24,90261283,2950017,3776856,515639,200,74082
2021-08-25,95425535,8417769,3253517,670689,155250,200
2021-08-26,95079718,2633923,2979740,667439,1000,4250
2021-08-27,93917952,5603857,6765623,667439,200,200
2021-08-30,93654212,7433434,7697174,667649,410,200
2021-08-31,96729898,7952566,4876880,670739,3290,200
2021-09-01,92463415,9401255,13667738,677439,11000,4300
2021-09-02,90158645,1425731,3730501,677264,473,648
2021-09-03,88322978,1494902,3330569,675012,600,2852
2021-09-06,90032957,3369220,1659241,738481,67399,3930
2021-09-07,92909375,5043549,2167131,741739,6430,3172
2021-09-08,90862453,2688274,4735196,741097,200,842
2021-09-09,92004425,1925852,783880,737748,200,3549
2021-09-10,86697745,1971640,7278320,739548,2000,200
2021-09-13,83196334,3903860,7405271,736548,200,3200
2021-09-14,81728469,1542306,3010171,732639,200,4109
2021-09-15,81488384,630673,1309036,732639,200,200
2021-09-16,82526508,2569255,1531131,732639,200,200
2021-09-17,83951804,3034761,1609465,732639,200,200
2021-09-22,86805196,3935278,1081886,732639,200,200
2021-09-23,88381876,2752930,1176250,732639,200,200
2021-09-24,86558216,1034006,2857666,666639,200,66200
2021-09-27,85248391,1839443,3149268,666639,200,200
2021-09-28,84766599,1540441,2022233,729045,62606,200
2021-09-29,80731762,1255491,5290328,735532,6687,200
2021-09-30,77820079,216775,3128458,735332,0,200
2021-10-08,78433341,1915020,1301758,735332,0,0
2021-10-11,78488786,805966,750521,738132,2800,0
2021-10-12,72785803,622347,6325330,735008,3041,6165
2021-10-13,72912693,836490,709600,739990,7982,3000
2021-10-14,71728591,313023,1497125,741590,2900,1300
2021-10-15,72481926,1525722,772387,740855,1905,2640
2021-10-18,72215180,2169759,2436505,698622,5206,47439
2021-10-19,71908939,337800,644041,714666,21544,5500
2021-10-20,72371804,1289077,826212,741112,29688,3242
2021-10-21,73139300,1142171,374675,740545,0,567
2021-10-22,72854138,493713,778875,746120,7374,1799
2021-10-25,73824398,1103056,132796,813212,67092,0
2021-10-26,73168860,185881,841419,810805,1500,3907
2021-10-27,72882934,763811,1049737,876805,67400,1400
2021-10-28,73277797,1133050,738187,876131,800,1474
2021-10-29,66009268,3168610,10437139,877405,2100,826
2021-11-01,65531037,852678,1330909,929684,54079,1800
2021-11-02,66404907,1538621,664751,1130763,201379,300
2021-11-03,66647879,540256,297284,1276933,183373,37203
2021-11-04,67296962,777274,128191,1303132,26588,389
2021-11-05,66236176,699403,1760189,1349317,46185,0
2021-11-08,67589639,3950065,2596602,1545684,202518,6151
2021-11-09,63524092,1866518,5932065,1886619,340935,0
2021-11-10,65779150,5238973,2983915,2144283,332064,74400
2021-11-11,77923650,13628420,1483920,1239490,74261,979054
2021-11-12,85896199,12309465,4336916,974823,8900,273567
2021-11-15,90331897,10125824,5690126,841537,0,133286
2021-11-16,92185354,8704684,6851227,691866,17590,167261
2021-11-17,93224259,7513647,6474742,766204,74338,0
2021-11-18,89126201,1083026,5181084,758976,7142,14370
2021-11-19,91750265,9789262,7165198,689741,1994,71229
2021-11-22,92021498,3508604,3237371,675412,1000,15329
2021-11-23,92792926,2988361,2216933,675412,0,0
2021-11-24,93903759,3227985,2117152,676112,700,0
2021-11-25,94993758,3257599,2167600,676112,0,0
2021-11-26,95180623,3056698,2869833,661656,2344,16800
2021-11-29,94990588,2205450,2395485,668550,6894,0
2021-11-30,102690952,9666218,1965854,672311,10200,6439
2021-12-01,104785303,3890765,1796414,733453,69942,8800
2021-12-02,108903194,6167982,2050091,730986,5533,8000
2021-12-03,106889335,863118,2876977,730986,0,0
2021-12-06,107331626,2368612,1926321,721883,840,9943
2021-12-07,106278823,764522,1817325,724682,2799,0
2021-12-08,108750350,2951850,480323,724709,3165,3138
2021-12-09,108406225,1968441,2312566,669409,3400,58700
2021-12-10,109282636,2579196,1702785,669409,2600,2600
2021-12-13,103122124,2345864,8506376,668993,2884,3300
2021-12-14,108407603,8105583,2816555,635013,3969,37949
2021-12-15,111221425,3602187,788365,639658,7766,3121
2021-12-16,110706556,2388618,2903487,635619,913,4952
2021-12-17,108491619,1843250,4058187,639759,5373,1233
2021-12-20,108442179,2795013,2844453,626959,1500,14300
2021-12-21,99744087,2195154,10647066,619393,0,7566
2021-12-22,97704642,933748,2973193,621893,2500,0
2021-12-23,96941115,607216,1370743,620538,1593,2948
2021-12-24,97367176,2860095,2434034,622345,3400,1593
