日期,融资余额(元),融资买入额(元),融资偿还额(元),融券余量,融券卖出量,融券偿还量
2021-07-08,135137751,149520382,14382631,1513634,1513634,0
2021-07-09,70471206,39393984,104060529,1071812,215832,657654
2021-07-12,69361749,27550404,28659861,1135634,220131,156309
2021-07-13,83439217,44718204,30640736,1051216,112537,196955
2021-07-14,90661705,30640226,23417739,993127,86257,144346
2021-07-15,77199878,24288039,37749866,885896,40330,147561
2021-07-16,66780805,29300169,39719242,908788,107039,84147
2021-07-19,65370040,19668230,21078995,853538,39937,95187
2021-07-20,57089839,13376867,21657068,870028,51655,35165
2021-07-21,61460704,17732838,13832334,831873,26526,63181
2021-07-22,64457886,21880394,18883212,809791,34549,56631
2021-07-23,90940820,49918437,23435503,790846,76304,95249
2021-07-26,101747675,19964569,9157714,749537,40943,82252
2021-07-27,84375876,12798224,30170023,718066,38630,70101
2021-07-28,73183309,12124988,23317555,713212,38487,43341
2021-07-29,81890406,18913952,10206855,639817,17457,90852
2021-07-30,72669818,10789704,20010292,634254,25373,30936
2021-08-02,78885153,22155922,15940587,385366,28372,276460
2021-08-03,79755894,17554837,16684096,383472,49337,51231
2021-08-04,77008633,13902283,16459922,66453,1500,318519
2021-08-05,70799028,7851153,14060758,0,0,66453
2021-08-06,69523886,5823564,7098706,6000,6000,0
2021-08-09,67399246,8142110,10266750,15019,9019,0
2021-08-10,63237108,3464223,7626361,54258,39239,0
2021-08-11,67590864,8933034,4579278,56500,3242,1000
2021-08-12,66223948,5389051,6755967,57101,2400,1799
2021-08-13,75694199,17461051,7990800,66164,10463,1400
2021-08-16,76160525,7452446,6986120,66538,2574,2200
2021-08-17,63657474,7093399,19596450,66938,1200,800
2021-08-18,59562694,4013456,8108236,64887,0,2051
2021-08-19,57475153,4080706,6168247,65907,1020,0
2021-08-20,60660878,8706819,5521094,65647,904,1164
2021-08-23,52894171,5514357,13281064,67737,2600,510
2021-08-24,56923723,10020469,5990917,57935,1141,10943
2021-08-25,53604769,8260924,11579878,78872,21737,800
2021-08-26,52556207,4626581,5675143,77802,0,1070
2021-08-27,69641636,24397263,7311834,80492,3690,1000
2021-08-30,69817204,6266877,6091309,73657,1500,8335
2021-08-31,65018115,7184331,11983420,78767,8210,3100
2021-09-01,64789837,3871071,4099349,78199,1245,1813
2021-09-02,64932111,2434198,2291924,76362,2063,3900
2021-09-03,56736472,5527884,13723523,74333,6478,8507
2021-09-06,53658526,2173421,5251367,78279,4746,800
2021-09-07,54153357,9013221,8518390,77980,2752,3051
2021-09-08,53120784,6309579,7342152,77725,1545,1800
2021-09-09,53424714,5666059,5362129,76025,1800,3500
2021-09-10,53633562,8421217,8212369,78725,3300,600
2021-09-13,53311322,5744404,6066644,77407,1100,2418
2021-09-14,63715999,16237093,5832416,78725,1318,0
2021-09-15,54760953,6642610,15597656,75226,1101,4600
2021-09-16,63555925,10321990,1527018,75261,1600,1565
2021-09-17,76422879,15208986,2342032,75560,2499,2200
2021-09-22,74247067,1902005,4077817,76910,1400,50
2021-09-23,89428768,20547243,5365542,61173,0,15737
2021-09-24,99122198,10975850,1282420,62224,1051,0
2021-09-27,104537384,6840006,1424820,61124,0,1100
2021-09-28,96032788,1709248,10213844,62932,1808,0
2021-09-29,98253803,3333590,1112575,62131,1000,1801
2021-09-30,99017484,4711291,3947610,63224,1093,0
2021-10-08,101675196,3756759,1099047,66089,3859,994
2021-10-11,100647792,2491415,3518819,78604,12515,0
2021-10-12,109738227,15247990,6157555,79682,2700,1622
2021-10-13,106264519,4851663,8325371,88828,9146,0
2021-10-14,106726795,5589253,5126977,85714,2086,5200
2021-10-15,111359217,9383141,4750719,87314,1600,0
2021-10-18,110125174,5888104,7122147,86550,436,1200
2021-10-19,112816384,4016403,1325193,95615,9665,600
2021-10-20,109997771,3264268,6082881,104195,10400,1820
2021-10-21,120015481,13058194,3040484,105672,2677,1200
2021-10-22,122871957,6198426,3341950,94879,349,11142
2021-10-25,122975585,4407244,4303616,95019,340,200
2021-10-26,123956202,4331724,3351107,92530,300,2789
2021-10-27,119620952,2252195,6587445,93330,1600,800
2021-10-28,118357788,4291905,5555069,93330,800,800
2021-10-29,109922457,2236025,10671356,93730,800,400
2021-11-01,103160668,7726383,14488172,107337,14607,1000
2021-11-02,103843870,4952731,4269529,106237,600,1700
2021-11-03,108665109,7836497,3015258,123231,17703,709
2021-11-04,107234716,2309481,3739874,126329,4398,1300
2021-11-05,107350181,3261262,3145797,127079,3920,3170
2021-11-08,113306422,7591280,1635039,125818,1085,2346
2021-11-09,112595552,3666463,4377333,126158,2671,2331
2021-11-10,111867139,2795195,3523608,123058,1000,4100
2021-11-11,111466291,1385258,1786106,112058,600,11600
2021-11-12,104891941,8458180,15032530,122335,12077,1800
2021-11-15,101579580,5815303,9127664,123554,3619,2400
2021-11-16,102249086,3914577,3245071,120444,600,3710
2021-11-17,102464803,3928842,3713125,66603,5148,58989
2021-11-18,104133847,5088586,3419542,55382,200,11421
2021-11-19,102016123,4496222,6613946,68517,14807,1672
2021-11-22,106886068,8330695,3460750,66342,1288,3463
2021-11-23,107855298,4306179,3336949,69666,6008,2684
2021-11-24,109092078,4650479,3413699,68713,3949,4902
2021-11-25,110233093,5745210,4604195,65510,7752,10955
2021-11-26,96447834,4876558,18661817,63209,4584,6885
2021-11-29,97747718,5505194,4205310,70856,11369,3722
2021-11-30,97482052,7365615,7631281,71967,6705,5594
2021-12-01,100799235,6944167,3626984,70906,4930,5991
2021-12-02,103811359,7211185,4199061,73834,10425,7497
2021-12-03,102667036,3958015,5102338,70702,1612,4744
2021-12-06,103076094,6181806,5772748,70690,1900,1912
2021-12-07,104287161,7888908,6677841,57754,5524,18460
2021-12-08,104234904,3904038,3956295,56185,3158,4727
2021-12-09,104349327,3139542,3025119,64544,9830,1471
2021-12-10,103542858,3050474,3856943,63955,3494,4083
2021-12-13,102442896,2260806,3360768,63657,1373,1671
2021-12-14,109369710,4439640,1654937,66225,5866,3298
2021-12-15,107611993,3136554,4894271,71788,8693,3130
2021-12-16,106989996,3184676,3724826,74722,8718,5784
2021-12-17,106357676,2729061,3361381,76710,5588,3600
2021-12-20,103839812,1332577,3850441,68112,400,8998
2021-12-21,103913367,1592951,1651910,64060,1506,5558
2021-12-22,100458419,4321248,7776196,64079,4524,4505
2021-12-23,99217939,1638867,2879347,66416,4775,2438
2021-12-24,103759862,7285985,2744062,65568,303,1151
