日期,融资余额(元),融资买入额(元),融资偿还额(元),融券余量,融券卖出量,融券偿还量
2021-03-19,17756706,20966975,3210269,1993476,1993476,0
2021-03-22,23200989,17337515,11893232,1375511,58851,676816
2021-03-23,31610845,18126685,9716829,1273960,55078,156629
2021-03-24,33064019,6770635,5317461,1385602,156255,44613
2021-03-25,34472413,7997875,6589481,1140903,53585,298284
2021-03-26,34840989,6308105,5939529,1014616,25507,151794
2021-03-29,40135018,10787412,5493383,931636,10921,93901
2021-03-30,40236738,4909913,4808193,929034,34368,36970
2021-03-31,40558194,6627195,6305739,991298,97849,35585
2021-04-01,38609380,4857340,6806154,1010074,23061,4285
2021-04-02,33718979,4556514,9446915,956101,23273,77246
2021-04-06,33741119,2681048,2658908,937678,1674,20097
2021-04-07,32273413,1729826,3197532,868790,767,69655
2021-04-08,31587386,1524430,2210457,754059,2070,116801
2021-04-09,29777593,1199949,3009742,764793,12319,1585
2021-04-12,30649443,2403633,1531783,779519,17024,2298
2021-04-13,29296773,2197024,3549694,787448,14429,6500
2021-04-14,28591721,1117897,1822949,688400,7400,106448
2021-04-15,28205325,953783,1340179,10000,0,678400
2021-04-16,27796899,1457651,1866077,0,0,10000
2021-04-19,26952915,1847262,2691246,0,0,0
2021-04-20,27041669,4162270,4073516,0,0,0
2021-04-21,25289703,1734531,3486497,0,0,0
2021-04-22,24623836,1359241,2025108,10400,10400,0
2021-04-23,24263814,608996,969018,10400,0,0
2021-04-26,24540560,1451574,1174828,25400,15000,0
2021-04-27,22328073,592878,2805365,25400,0,0
2021-04-28,22110833,602543,819783,25400,0,0
2021-04-29,20551607,642070,2201296,25700,300,0
2021-04-30,21726995,2272536,1097148,25700,0,0
2021-05-06,22903732,3244810,2068073,25700,0,0
2021-05-07,22547392,2393155,2749495,25700,0,0
2021-05-10,22979763,1142488,710117,85900,60200,0
2021-05-11,24769206,4832744,3043301,85900,0,0
2021-05-12,25354803,2829118,2243521,85200,0,700
2021-05-13,25269924,1287470,1372349,85200,0,0
2021-05-14,26267740,2306520,1308704,85200,0,0
2021-05-17,24610978,1564094,3220856,85200,0,0
2021-05-18,23490897,2798809,3918890,25000,0,60200
2021-05-19,25133186,3080499,1438210,25000,0,0
2021-05-20,24363921,992114,1761379,15000,0,10000
2021-05-21,23400177,1213660,2177404,15000,0,0
2021-05-24,22317321,514106,1596962,15000,0,0
2021-05-25,24024234,6010146,4303233,15000,0,0
2021-05-26,25531648,5496468,3989054,19066,4066,0
2021-05-27,24883891,4155948,4803705,19066,0,0
2021-05-28,29343627,8977013,4517277,19200,134,0
2021-05-31,30945805,8469036,6866858,19200,0,0
2021-06-01,31819681,7332632,6458756,19200,0,0
2021-06-02,30856020,6041325,7004986,19200,0,0
2021-06-03,28369183,8361944,10848781,19200,0,0
2021-06-04,23725563,3444420,8088040,19200,0,0
2021-06-07,22898964,2899900,3726499,19200,0,0
2021-06-08,21294721,1333067,2937310,23876,8876,4200
2021-06-09,20786665,1985014,2493070,43876,20000,0
2021-06-10,21709661,3573130,2650134,43876,0,0
2021-06-11,17804458,1382236,5287439,43876,0,0
2021-06-15,18788770,1874840,890528,43876,0,0
2021-06-16,20727740,2942172,1003202,43876,0,0
2021-06-17,21181714,1770056,1316082,35000,0,8876
2021-06-18,19592175,1251591,2841130,123927,88927,0
2021-06-21,18926624,632741,1298292,123927,0,0
2021-06-22,19463078,1933170,1396716,123927,0,0
2021-06-23,18442023,3072171,4093226,123927,0,0
2021-06-24,18549381,1554802,1447444,123927,0,0
2021-06-25,19215543,3412909,2402371,123927,0,0
2021-06-28,20457376,2677907,1436074,167000,43073,0
2021-06-29,19991339,2786333,3252370,167000,0,0
2021-06-30,21110605,2691455,1572189,167000,0,0
2021-07-01,17621496,1684933,5174042,167000,0,0
2021-07-02,17962238,2414664,2073922,167000,0,0
2021-07-05,16316304,1333059,2978993,167000,0,0
2021-07-06,15609025,1029713,1736992,167000,0,0
2021-07-07,14375592,1512995,2746428,167000,0,0
2021-07-08,15720653,2374450,1029389,167000,0,0
2021-07-09,16761749,1905882,864786,167000,0,0
2021-07-12,17853864,2083047,990932,167000,0,0
2021-07-13,22134758,5393589,1112695,167000,0,0
2021-07-14,23858200,2912819,1189377,167000,0,0
2021-07-15,24143530,1911307,1625977,152000,0,15000
2021-07-16,25198038,2394361,1339853,152000,0,0
2021-07-19,25282798,863268,778508,152000,0,0
2021-07-20,23578316,784994,2489476,152000,0,0
2021-07-21,24303403,2654572,1935883,152000,0,0
2021-07-22,21467177,782960,3619186,152000,0,0
2021-07-23,25773598,5204032,897611,154457,2457,0
2021-07-26,29112689,4087730,748639,157900,3443,0
2021-07-27,30398869,6059900,4773720,218800,60900,0
2021-07-28,30738171,1604842,1265540,227900,9100,0
2021-07-29,30011310,1075174,1802035,242400,14500,0
2021-07-30,25327920,978913,5662303,190600,9100,60900
2021-08-02,21005414,1179876,5502382,190600,0,0
2021-08-03,20394655,1660150,2270909,170600,0,20000
2021-08-04,28529260,11373233,3238628,170600,0,0
2021-08-05,20656809,3190496,11062947,170600,0,0
2021-08-06,21220220,3590437,3027026,152400,0,18200
2021-08-09,20729124,11202581,11693677,152400,0,0
2021-08-10,42759004,32545324,10515444,152400,0,0
2021-08-11,39748956,14614094,17432932,237714,85314,0
2021-08-12,35728361,8006241,12026836,244314,6600,0
2021-08-13,44188648,17002534,8522247,251094,6780,0
2021-08-16,41381044,12910437,15718041,279776,28682,0
2021-08-17,43667184,16126641,13840501,277666,16828,18938
2021-08-18,41833107,5167944,7002021,267704,32000,41962
2021-08-19,35492986,2576249,8916370,282099,14395,0
2021-08-20,36419682,7190304,6263608,281399,4800,5500
2021-08-23,33065575,3288109,6642216,298236,16837,0
2021-08-24,27367081,3244620,8943114,286129,3200,15307
2021-08-25,19529791,2526857,10364147,293629,7500,0
2021-08-26,26186890,10277172,3620073,341059,56427,8997
2021-08-27,30192623,7498936,3493203,288323,4300,57036
2021-08-30,30747497,3417675,2862801,289520,12097,10900
2021-08-31,27430060,5005444,8322881,327704,40184,2000
2021-09-01,29257002,7450163,5623221,362422,53318,18600
2021-09-02,32475082,4934199,1716119,338023,17600,41999
2021-09-03,32649077,5023499,4849504,334723,21200,24500
2021-09-06,26688646,1962005,7922436,346403,14880,3200
2021-09-07,22519800,3163186,7332032,366114,26320,6609
2021-09-08,26031360,5466453,1954893,340406,7883,33591
2021-09-09,27127605,9419628,8323383,353202,13796,1000
2021-09-10,26050710,3536634,4613529,355202,8200,6200
2021-09-13,23902525,5105184,7253369,353902,800,2100
2021-09-14,24699247,5496622,4699900,362032,16530,8400
2021-09-15,29170594,5169431,809147,342931,4100,63301
2021-09-16,29311267,1679477,1538804,316839,2774,28866
2021-09-17,28914422,1712505,2109350,397734,82176,1281
2021-09-22,29791056,3980801,3104167,381906,3972,19800
2021-09-23,27835552,1049225,3004729,300291,9400,91015
2021-09-24,28572511,2843516,2106557,286974,2783,16100
2021-09-27,29628066,1715233,659678,262669,700,25005
2021-09-28,29022393,479033,1084706,260769,0,1900
2021-09-29,29285161,740117,477349,248003,4308,17074
2021-09-30,28289084,16145,1012222,248349,1046,700
2021-10-08,28006917,166708,448875,249245,2754,1858
2021-10-11,27236420,346727,1117224,247635,4182,5792
2021-10-12,28026408,1208316,418328,247989,3057,2703
2021-10-13,27447110,511847,1091145,263674,22167,6482
2021-10-14,28038614,1194873,603369,253500,30885,41059
2021-10-15,28477819,857526,418321,261874,15245,6871
2021-10-18,28423012,629831,684638,255866,1550,7558
2021-10-19,28723279,1130288,830021,252166,0,3700
2021-10-20,28443600,418031,697710,253407,1241,0
2021-10-21,28656449,687907,475058,205848,0,47559
2021-10-22,28214723,101045,542771,194862,1400,12386
2021-10-25,28130160,839790,924353,197995,13009,9876
2021-10-26,27826028,427685,731817,187473,0,10522
2021-10-27,29025522,1883962,684468,185364,0,2109
2021-10-28,29786984,1195619,434157,187595,5857,3626
2021-10-29,31237971,1902296,451309,180195,0,7400
2021-11-01,28861158,3280823,5657636,180195,0,0
2021-11-02,30190699,4422853,3093312,190295,11300,1200
2021-11-03,31792243,3197288,1595744,178747,0,11548
2021-11-04,31907184,1634468,1519527,203655,24908,0
2021-11-05,32460494,2536789,1983479,200347,0,3308
2021-11-08,32868402,1968638,1560730,222395,22048,0
2021-11-09,31092749,2269106,4044759,217672,0,4723
2021-11-10,30431314,2015303,2676738,215865,2064,3871
2021-11-11,33852644,5753264,2331934,224720,10816,1961
2021-11-12,27156328,1949645,8645961,228153,9355,5922
2021-11-15,28984015,4193659,2365972,221053,0,7100
2021-11-16,30948734,4457444,2492725,217853,0,3200
2021-11-17,28318519,1035460,3665675,208653,0,9200
2021-11-18,29224030,2709948,1804437,194295,0,14358
2021-11-19,28279491,2392923,3337462,205477,11182,0
2021-11-22,33752504,7516848,2043835,205503,808,782
2021-11-23,32273906,3249206,4727804,198795,800,7508
2021-11-24,29849234,5062800,7487472,197995,0,800
2021-11-25,32785505,3756296,820025,201514,3519,0
2021-11-26,32097786,1290752,1978471,205859,4345,0
2021-11-29,34337692,3589243,1349337,202314,3330,6875
2021-11-30,35596940,5579963,4320715,200841,2827,4300
2021-12-01,37413432,4096148,2279656,195664,1501,6678
2021-12-02,41021957,5501442,2335796,154575,6400,47489
2021-12-03,43025720,3682064,1678301,127166,816,28225
2021-12-06,45369773,3466702,1122649,132337,5171,0
2021-12-07,42719928,1667032,4316877,124570,419,8186
2021-12-08,43181322,1786527,1325133,124770,200,0
2021-12-09,41494904,1072525,2758943,119117,464,6117
2021-12-10,41371076,1921525,2045353,119517,400,0
2021-12-13,41782183,1312868,901761,121717,2200,0
2021-12-14,41426850,2071140,2667927,125378,3661,0
2021-12-15,40967873,1561796,2020773,124078,0,1300
2021-12-16,43124098,2931905,740659,113162,0,10916
2021-12-17,41206568,1870191,3787721,112927,429,664
2021-12-20,41496370,765405,475603,110627,0,2300
2021-12-21,42492789,1619754,623335,137296,18010,2200
2021-12-22,42549154,536007,479642,136637,6045,6704
2021-12-23,44446571,3320397,1422980,136637,0,0
2021-12-24,46011862,3794449,2229158,139766,3129,0
