日期,融资余额(元),融资买入额(元),融资偿还额(元),融券余量,融券卖出量,融券偿还量
2021-03-17,35744950,39751736,4006786,0,0,0
2021-03-18,53427851,39913753,22230852,0,0,0
2021-03-19,58396146,31400110,26431815,0,0,0
2021-03-22,58467335,20830137,20758948,0,0,0
2021-03-23,58209157,20121573,20379751,0,0,0
2021-03-24,62802466,16984773,12391464,0,0,0
2021-03-25,57003413,6220289,12019342,0,0,0
2021-03-26,58220395,9841009,8624027,0,0,0
2021-03-29,56157308,10139678,12202765,0,0,0
2021-03-30,56514040,15407945,15051213,0,0,0
2021-03-31,58040207,6839609,5313442,0,0,0
2021-04-01,51093076,6134671,13081802,0,0,0
2021-04-02,47865264,7661666,10889478,0,0,0
2021-04-06,47318964,5239303,5785603,0,0,0
2021-04-07,49060192,11953621,10212393,0,0,0
2021-04-08,50130996,12032527,10961723,0,0,0
2021-04-09,51829215,8338664,6326037,0,0,0
2021-04-12,50343043,9518916,11005088,0,0,0
2021-04-13,49550599,4020007,4812451,0,0,0
2021-04-14,48430252,4394658,5515005,0,0,0
2021-04-15,47278082,3939485,5091655,0,0,0
2021-04-16,46271136,5573165,6580111,0,0,0
2021-04-19,46474771,10407399,10203764,0,0,0
2021-04-20,53552528,12063896,4986139,0,0,0
2021-04-21,53144989,5285560,5693099,0,0,0
2021-04-22,53841994,2872670,2175665,0,0,0
2021-04-23,44547346,7452066,16746714,0,0,0
2021-04-26,45898622,8232249,6880973,0,0,0
2021-04-27,47211269,9359883,8047236,0,0,0
2021-04-28,44447557,9249951,12013663,0,0,0
2021-04-29,42787156,8224602,9885003,0,0,0
2021-04-30,39759043,5534920,8563033,0,0,0
2021-05-06,38727209,4430546,5462380,0,0,0
2021-05-07,39903865,4971910,3795254,0,0,0
2021-05-10,38992399,1923632,2835098,0,0,0
2021-05-11,39276478,2599559,2315480,0,0,0
2021-05-12,39517046,3430954,3190386,0,0,0
2021-05-13,41534478,3826146,1808714,0,0,0
2021-05-14,40244240,2555710,3845948,0,0,0
2021-05-17,39961078,2770415,3053577,0,0,0
2021-05-18,38838526,2364648,3487200,0,0,0
2021-05-19,39157850,2971205,2651881,0,0,0
2021-05-20,39033105,2486917,2611662,0,0,0
2021-05-21,40515573,3428720,1946252,0,0,0
2021-05-24,40713413,2879068,2681228,0,0,0
2021-05-25,40201643,1795312,2307082,0,0,0
2021-05-26,39689036,1953299,2465906,0,0,0
2021-05-27,41021580,4260264,2927720,0,0,0
2021-05-28,40549953,3809733,4281360,0,0,0
2021-05-31,39571989,13253827,14231791,0,0,0
2021-06-01,37537837,6078093,8112245,0,0,0
2021-06-02,40336734,11330570,8531673,0,0,0
2021-06-03,40399608,5481862,5418988,0,0,0
2021-06-04,40106906,4252737,4545439,0,0,0
2021-06-07,40054858,3797451,3849499,0,0,0
2021-06-08,40383762,3437574,3108670,0,0,0
2021-06-09,40291987,1235975,1327750,0,0,0
2021-06-10,43281937,8301638,5311688,0,0,0
2021-06-11,43892554,6183807,5573190,0,0,0
2021-06-15,46706698,5826915,3012771,0,0,0
2021-06-16,46607108,3087826,3187416,0,0,0
2021-06-17,48028538,4736063,3314633,0,0,0
2021-06-18,45964295,1776400,3840643,0,0,0
2021-06-21,43920063,1774505,3818737,0,0,0
2021-06-22,45229658,3693437,2383842,0,0,0
2021-06-23,44857979,3170786,3542465,0,0,0
2021-06-24,43704347,3089018,4242650,0,0,0
2021-06-25,44627121,5840909,4918135,0,0,0
2021-06-28,43133731,2966254,4459644,0,0,0
2021-06-29,45160662,4807300,2780369,0,0,0
2021-06-30,44309223,1943355,2794794,0,0,0
2021-07-01,45607697,4174873,2876399,0,0,0
2021-07-02,45033376,10917098,11491419,0,0,0
2021-07-05,51592703,14830183,8270856,0,0,0
2021-07-06,50974067,6334970,6953606,0,0,0
2021-07-07,54560715,9706866,6120218,0,0,0
2021-07-08,50830726,7261265,10991254,0,0,0
2021-07-09,53664361,12694591,9860956,0,0,0
2021-07-12,56055364,12855327,10464324,0,0,0
2021-07-13,56923178,9348369,8480555,0,0,0
2021-07-14,58333076,6913226,5503328,0,0,0
2021-07-15,55710376,4018495,6641195,0,0,0
2021-07-16,54980713,4239136,4968799,0,0,0
2021-07-19,54504779,2646733,3122667,0,0,0
2021-07-20,56070222,4608792,3043349,0,0,0
2021-07-21,57907954,11044520,9224280,0,0,0
2021-07-22,59505007,8797991,7200938,0,0,0
2021-07-23,59178497,12407295,12733805,0,0,0
2021-07-26,56394769,7074391,9858119,0,0,0
2021-07-27,57180703,9682563,8896629,0,0,0
2021-07-28,57247486,6866078,6799295,0,0,0
2021-07-29,55780657,4014772,5481601,0,0,0
2021-07-30,55941842,6908973,6747788,0,0,0
2021-08-02,56241429,7745060,7498534,0,0,0
2021-08-03,53696422,7878114,10423121,0,0,0
2021-08-04,56896761,9538900,6486609,0,0,0
2021-08-05,66566226,26014840,16345375,0,0,0
2021-08-06,59455288,12643288,19754226,0,0,0
2021-08-09,55322610,9482127,13614805,0,0,0
2021-08-10,56485007,9202890,8028380,0,0,0
2021-08-11,46750652,5428590,15296112,0,0,0
2021-08-12,46659611,6816434,6907475,0,0,0
2021-08-13,47485317,5678004,4852298,0,0,0
2021-08-16,48135887,8173129,7522559,0,0,0
2021-08-17,50816388,6343912,3663411,0,0,0
2021-08-18,50318197,8159452,8657643,0,0,0
2021-08-19,50201557,4869514,4986154,0,0,0
2021-08-20,52104566,5680180,4092785,0,0,0
2021-08-23,55817437,11020425,7307554,0,0,0
2021-08-24,53095123,6105940,8828254,0,0,0
2021-08-25,52484996,8628248,9238375,0,0,0
2021-08-26,50267807,6938139,9155328,0,0,0
2021-08-27,61627800,23687070,12327077,0,0,0
2021-08-30,57040219,14779590,19367171,0,0,0
2021-08-31,56830734,9154190,9363675,0,0,0
2021-09-01,59453493,14211160,11588401,0,0,0
2021-09-02,59908874,8537588,8082207,0,0,0
2021-09-03,60323472,8749167,8334569,0,0,0
2021-09-06,60448532,7506397,7381337,0,0,0
2021-09-07,62770095,7713784,5392221,0,0,0
2021-09-08,61244018,5847892,7373969,0,0,0
2021-09-09,61247874,7222261,7218405,0,0,0
2021-09-10,67740242,11730789,5238421,0,0,0
2021-09-13,69532414,7957203,6165031,0,0,0
2021-09-14,64513799,4993434,10012049,0,0,0
2021-09-15,62803098,5682240,7630821,0,0,0
2021-09-16,67770730,11364793,6397161,0,0,0
2021-09-17,69599080,8797151,6968801,0,0,0
2021-09-22,70697995,3567493,2468578,0,0,0
2021-09-23,69869387,3128053,3956661,0,0,0
2021-09-24,68850710,2431114,3449791,0,0,0
2021-09-27,66027405,2532382,5355687,0,0,0
2021-09-28,64649186,2354256,3732475,0,0,0
2021-09-29,65592212,3250978,2307952,0,0,0
2021-09-30,63025174,1424110,3991148,0,0,0
2021-10-08,62993935,3101895,3133134,0,0,0
2021-10-11,65765332,3463729,692332,0,0,0
2021-10-12,65246757,3679965,4198540,0,0,0
2021-10-13,65281085,2339801,2305473,0,0,0
2021-10-14,63886554,1661392,3055923,0,0,0
2021-10-15,63928322,1494530,1452762,0,0,0
2021-10-18,64431523,2676588,2173387,0,0,0
2021-10-19,64924640,3070883,2577766,0,0,0
2021-10-20,65142655,3554544,3336529,0,0,0
2021-10-21,64294347,2675230,3523538,0,0,0
2021-10-22,64921903,1962194,1334638,0,0,0
2021-10-25,64534221,1041688,1429370,0,0,0
2021-10-26,65521935,3822823,2835109,0,0,0
2021-10-27,65559319,2723011,2685627,0,0,0
2021-10-28,65764704,4383343,4177958,0,0,0
2021-10-29,64664413,1223813,2324104,0,0,0
2021-11-01,64517718,2290040,2436735,0,0,0
2021-11-02,65311214,3288762,2495266,0,0,0
2021-11-03,64122024,2003508,3192698,0,0,0
2021-11-04,63139314,953965,1936675,0,0,0
2021-11-05,63692657,2681841,2128498,0,0,0
2021-11-08,63516377,1627326,1803606,0,0,0
2021-11-09,63725906,3112319,2902790,0,0,0
2021-11-10,63129588,1372865,1969183,0,0,0
2021-11-11,62617733,2587832,3099687,0,0,0
2021-11-12,63091775,2403608,1929566,0,0,0
2021-11-15,63037523,2511740,2565992,0,0,0
2021-11-16,63557317,2615619,2095825,0,0,0
2021-11-17,64209356,6128599,5476560,0,0,0
2021-11-18,64306266,9583491,9486581,0,0,0
2021-11-19,62874738,2335309,3766837,0,0,0
2021-11-22,62995965,3874587,3753360,0,0,0
2021-11-23,60773652,4608545,6838781,0,0,0
2021-11-24,59944076,4374788,5204364,0,0,0
2021-11-25,58316440,2160504,3788140,0,0,0
2021-11-26,58520899,2774851,2570392,0,0,0
2021-11-29,58728316,7318817,7111400,0,0,0
2021-11-30,60663072,5771622,3836866,0,0,0
2021-12-01,57254414,1959115,5367773,0,0,0
2021-12-02,53965693,3038288,6296320,0,0,0
2021-12-03,54737232,2164914,1393375,0,0,0
2021-12-06,55018718,2466709,2185223,0,0,0
2021-12-07,56231528,2666845,1454035,0,0,0
2021-12-08,56382044,1763285,1612769,0,0,0
2021-12-09,58199536,2931809,1114317,0,0,0
2021-12-10,59014517,1599131,784150,0,0,0
2021-12-13,57204088,561361,2371790,0,0,0
2021-12-14,57938262,1735627,1220417,0,0,0
2021-12-15,57861664,3276112,3352710,0,0,0
2021-12-16,58642093,3117663,2224878,0,0,0
2021-12-17,57606315,5578533,6614311,0,0,0
2021-12-20,57789445,2301764,2118634,0,0,0
2021-12-21,59169176,2160839,829515,0,0,0
2021-12-22,58446203,1399745,2122718,0,0,0
2021-12-23,59665777,3035448,1815874,0,0,0
2021-12-24,60354887,3678033,2988923,0,0,0
