日期,融资余额(元),融资买入额(元),融资偿还额(元),融券余量,融券卖出量,融券偿还量
2021-06-30,231014082,257267348,26253266,1344725,1344725,0
2021-07-01,309620189,196063780,117457673,928363,124400,540762
2021-07-02,331562267,111422108,89480030,687040,155920,397243
2021-07-05,366715584,92953937,57800620,647048,102127,142119
2021-07-06,366484839,62974806,63205551,655081,112036,104003
2021-07-07,366051003,40558041,40991877,518457,75167,211791
2021-07-08,351641489,78891537,93301051,566855,159418,111020
2021-07-09,349986746,38371332,40026075,478421,52131,140565
2021-07-12,355176061,56788309,51598994,491292,46705,33834
2021-07-13,347237622,38777279,46715718,455104,55456,91644
2021-07-14,346272590,79182947,80147979,562573,187542,80073
2021-07-15,340846451,36119926,41546065,459572,36725,139726
2021-07-16,350815460,43773841,33804832,444212,53478,68838
2021-07-19,352513837,23262051,21563674,433940,49203,59475
2021-07-20,346385928,33983900,40111809,437884,49566,45622
2021-07-21,356952426,41964446,31328440,421620,56640,72734
2021-07-22,376872899,58521650,38601177,449117,96071,68574
2021-07-23,380202265,38280161,34950795,413983,36775,71909
2021-07-26,331474462,17249889,65977692,359215,63992,118760
2021-07-27,325285503,13687429,19876388,87964,6663,277914
2021-07-28,318007335,8678036,15956204,60883,2883,29964
2021-07-29,314824007,12194608,15377936,56000,0,4883
2021-07-30,318926441,16563716,12461282,69229,13229,0
2021-08-02,312857670,15377994,21660062,71148,6409,4490
2021-08-03,315864006,19348106,16341770,73309,7761,5600
2021-08-04,310953908,9810846,14866101,81910,13725,5124
2021-08-05,311840634,10857935,9971209,79820,7570,9660
2021-08-06,308187283,10864904,14518255,84230,14721,10311
2021-08-09,303057578,10380403,15510108,80080,10571,14721
2021-08-10,305809198,11757555,9005935,83616,14107,10571
2021-08-11,310354795,10365915,6470687,81465,4500,6651
2021-08-12,316270773,15448751,9532773,105169,33660,9956
2021-08-13,315289432,9905083,11175672,101025,3803,7947
2021-08-16,310869746,8766519,13186205,113199,21212,9038
2021-08-17,313617239,13568152,10820659,97832,8973,24340
2021-08-18,294938086,9273019,27952172,158069,69164,8927
2021-08-19,293446833,8082748,9574001,165111,16570,9528
2021-08-20,294040349,9868402,9274886,161191,1300,5220
2021-08-23,291521392,6465590,8984547,165961,14489,9719
2021-08-24,300594648,27693516,18620260,167872,41400,39489
2021-08-25,300466184,8641249,8769713,176543,25300,16629
2021-08-26,297947511,9772982,12291655,181124,7481,2900
2021-08-27,297673065,10416216,10690662,182131,10088,9081
2021-08-30,301988237,14578313,10263141,189894,16663,8900
2021-08-31,298161213,10988976,14816000,158769,5151,36276
2021-09-01,293616155,14903372,19448430,161185,9200,6784
2021-09-02,294125813,9480651,8970993,187666,34331,7850
2021-09-03,294485689,6737877,6378001,191958,6398,2106
2021-09-06,295420093,14781706,13847302,193965,12300,10293
2021-09-07,297153044,9077234,7344283,195665,8100,6400
2021-09-08,295992889,5789017,6949172,198618,6899,3946
2021-09-09,292174590,4842385,8660684,201238,6300,3680
2021-09-10,287801601,3245732,7618721,179430,12281,34089
2021-09-13,283319875,7498984,11980710,179230,5200,5400
2021-09-14,276462022,32453851,39311704,201139,21909,0
2021-09-15,283096233,38054011,40461975,250306,66367,17200
2021-09-16,268929159,38954351,53121425,290877,51613,11042
2021-09-17,284364872,62413742,46978029,320543,62400,32734
2021-09-22,280153817,36037428,40248483,367534,59791,12800
2021-09-23,292642200,37050392,24562009,386956,46030,26608
2021-09-24,278810043,11387608,25219765,407975,40850,19831
2021-09-27,281843443,29910268,26876868,412480,37591,33086
2021-09-28,282088244,17314525,17069724,371767,26002,66715
2021-09-29,276517806,14499891,20070329,342083,26919,56603
2021-09-30,273986376,13144779,15676209,305593,22552,59042
2021-10-08,278953554,15775910,10808732,314939,19346,10000
2021-10-11,281248105,16045925,13751374,292945,34306,56300
2021-10-12,285469244,32082298,27861159,384092,121547,30400
2021-10-13,289284850,14821701,11037763,438476,114123,59739
2021-10-14,286995594,23494582,25783838,509291,107305,36490
2021-10-15,291267579,24590304,20318319,528267,55518,36542
2021-10-18,292151823,21747937,20863693,497928,35167,65506
2021-10-19,288994542,9815833,12973114,539485,66447,24890
2021-10-20,293886081,16779559,11888020,554457,43404,28432
2021-10-21,292393672,5074267,6566676,547282,31953,39128
2021-10-22,283861431,4927621,13459862,510072,19511,56721
2021-10-25,285214342,7639223,6286312,529853,39587,19806
2021-10-26,293575232,14590787,6229897,508139,29600,51314
2021-10-27,286840267,7813319,14548284,499726,12549,20962
2021-10-28,284534296,6583536,8889507,497540,33528,35714
2021-10-29,282505665,6799635,8828266,471973,23814,49381
2021-11-01,284606638,7092677,4991704,470193,14033,15813
2021-11-02,274376295,7858989,18089332,471906,18950,17237
2021-11-03,275531164,7519400,6364531,459736,11814,23984
2021-11-04,274779441,7916072,8667795,455036,10700,15400
2021-11-05,276290963,9416617,7905095,428615,1620,28041
2021-11-08,278871191,13013843,10433615,382158,19943,66400
2021-11-09,273603145,10232043,15500089,312465,15512,85205
2021-11-10,276207522,11785703,9181326,285443,29478,56500
2021-11-11,275413535,8293763,9087750,290100,23372,18715
2021-11-12,274282442,10154347,11285440,274771,20295,35624
2021-11-15,274037582,8802729,9047589,278171,22697,19297
2021-11-16,271404003,8782580,11416159,279457,23770,22484
2021-11-17,267964917,7933917,11373003,241993,16050,53514
2021-11-18,263490597,6284777,10759097,237071,12036,16958
2021-11-19,260302909,3760873,6948561,226014,9349,20406
2021-11-22,262388775,9661785,7575919,230567,11207,6654
2021-11-23,263731508,7981217,6638484,226135,19321,23753
2021-11-24,263548230,12259060,12442338,225458,24240,24917
2021-11-25,263099876,9354138,9802492,227289,17231,15400
2021-11-26,259930420,6156376,9325832,217834,8427,17882
2021-11-29,258997448,8408062,9341034,214002,14273,18105
2021-11-30,259387869,6890772,6500351,217480,16478,13000
2021-12-01,257981437,6775803,8182235,219616,14144,12008
2021-12-02,262908164,10308383,5529358,260361,47428,6683
2021-12-03,266216762,9716102,6407504,256559,5330,9132
2021-12-06,268662307,5354912,2909367,258426,12592,10725
2021-12-07,266418056,3306804,5551055,236553,11792,33665
2021-12-08,266958036,6775335,6235355,212870,11200,34883
2021-12-09,273736002,12013323,5235357,212576,18088,18382
2021-12-10,271299855,3967401,6403548,212812,8376,8140
2021-12-13,270006021,6077685,7371519,208960,6048,9900
2021-12-14,267591855,5201423,7580717,188983,6186,26163
2021-12-15,268993743,7381644,5979756,162916,10501,36568
2021-12-16,268847356,2833151,3021665,157233,5134,10817
2021-12-17,263084773,8022200,13784783,168326,27057,15964
2021-12-20,264624279,5962113,4422607,192131,30930,7125
2021-12-21,264820772,4286495,4454559,190708,6873,8296
2021-12-22,261349755,1149210,4620227,190823,3377,3262
2021-12-23,263023023,4777675,3104407,194953,7155,3025
2021-12-24,258474898,4714420,9262545,200933,8200,2220
