日期,融资余额(元),融资买入额(元),融资偿还额(元),融券余量,融券卖出量,融券偿还量
2021-07-12,6322683,6352909,30226,0,0,0
2021-07-13,37032185,36442891,5733389,0,0,0
2021-07-14,50101668,35090229,22020746,0,0,0
2021-07-15,54975323,13982057,9108402,0,0,0
2021-07-16,55171109,17522990,17327204,0,0,0
2021-07-19,58649784,13727034,10248359,0,0,0
2021-07-20,56135674,4928139,7442249,0,0,0
2021-07-21,56459650,6623019,6229660,0,0,0
2021-07-22,57022563,16272680,15709767,0,0,0
2021-07-23,55120982,10362749,12264330,0,0,0
2021-07-26,53124583,5067041,7063440,0,0,0
2021-07-27,56162049,8450886,5413420,0,0,0
2021-07-28,55446273,3910487,4626263,0,0,0
2021-07-29,56028328,3140614,2558559,0,0,0
2021-07-30,52154747,2441830,6315411,0,0,0
2021-08-02,55649960,7025680,3530467,0,0,0
2021-08-03,55978989,7146068,6817039,0,0,0
2021-08-04,51120451,2318978,7139526,0,0,0
2021-08-05,52278343,6092448,4934556,0,0,0
2021-08-06,52616163,2994038,2656218,0,0,0
2021-08-09,51996913,2898686,3517936,0,0,0
2021-08-10,52382909,3874379,3488383,0,0,0
2021-08-11,57697371,10135579,4694063,0,0,0
2021-08-12,54711360,3456062,6442073,0,0,0
2021-08-13,55632359,4435971,3514972,0,0,0
2021-08-16,55787490,3922548,3767417,0,0,0
2021-08-17,55944315,6009007,5852182,0,0,0
2021-08-18,56748144,4907167,4103338,0,0,0
2021-08-19,56660709,3093013,3180448,0,0,0
2021-08-20,55817529,3013800,3856980,0,0,0
2021-08-23,57615331,10009433,8211631,0,0,0
2021-08-24,62751125,10295476,5159682,0,0,0
2021-08-25,62306094,6407011,6852042,0,0,0
2021-08-26,55635727,4816714,11487081,0,0,0
2021-08-27,55061660,5188160,5762227,0,0,0
2021-08-30,55646617,4632066,4047109,0,0,0
2021-08-31,65273897,22016191,12388911,0,0,0
2021-09-01,76794765,42374710,30853842,0,0,0
2021-09-02,93296476,47641086,31139375,0,0,0
2021-09-03,104708992,36310499,24897983,0,0,0
2021-09-06,112482926,29459169,21685235,0,0,0
2021-09-07,113981477,20707705,19209154,0,0,0
2021-09-08,112660635,22558992,23879834,0,0,0
2021-09-09,133107246,55490820,35044209,0,0,0
2021-09-10,123233911,34576792,44450127,0,0,0
2021-09-13,120400241,30157903,32991573,0,0,0
2021-09-14,115446287,23210686,28164640,0,0,0
2021-09-15,115413542,18942889,18802293,0,0,0
2021-09-16,109105956,14673121,20980707,0,0,0
2021-09-17,137033072,54767922,26840806,0,0,0
2021-09-22,179878621,87342376,44496827,0,0,0
2021-09-23,202520539,85110620,62468702,0,0,0
2021-09-24,196421700,41670896,47769735,0,0,0
2021-09-27,188428930,39118750,47111520,0,0,0
2021-09-28,223817942,89659761,54270749,0,0,0
2021-09-29,214885352,48182560,57115150,0,0,0
2021-09-30,209726989,44308990,49467353,0,0,0
2021-10-08,220835910,56150280,45041359,0,0,0
2021-10-11,190754618,36022839,66104131,0,0,0
2021-10-12,172091614,20568067,39231071,0,0,0
2021-10-13,172383351,15515017,15211316,0,0,0
2021-10-14,169351113,11528797,14561035,0,0,0
2021-10-15,160750925,10008873,18609061,0,0,0
2021-10-18,157066755,7263708,10947878,0,0,0
2021-10-19,150159147,9133499,16041107,0,0,0
2021-10-20,150102051,8122629,8179725,0,0,0
2021-10-21,144629975,12673853,18145929,0,0,0
2021-10-22,144696182,9208290,9142083,0,0,0
2021-10-25,152693641,27850946,19853487,0,0,0
2021-10-26,145241334,13395355,20847662,0,0,0
2021-10-27,143938189,10228477,11531622,0,0,0
2021-10-28,140524726,8054886,11468349,0,0,0
2021-10-29,137989523,5887354,8422557,0,0,0
2021-11-01,137622290,5541650,5908883,0,0,0
2021-11-02,134632700,10457871,13447461,0,0,0
2021-11-03,131644456,5869793,8858037,0,0,0
2021-11-04,133052392,7164987,5757051,0,0,0
2021-11-05,130801812,8318176,10568756,0,0,0
2021-11-08,135385697,14936052,10352167,0,0,0
2021-11-09,131973843,8043323,11455177,0,0,0
2021-11-10,132531184,9050519,8493178,0,0,0
2021-11-11,134536318,9446788,7441654,0,0,0
2021-11-12,129660593,6885730,11761455,0,0,0
2021-11-15,131005066,8013597,6669124,0,0,0
2021-11-16,129135239,5776004,7645831,0,0,0
2021-11-17,126467076,3733779,6401942,0,0,0
2021-11-18,127008219,7181996,6640853,0,0,0
2021-11-19,122925897,6208053,10290375,0,0,0
2021-11-22,124376241,9726912,8276568,0,0,0
2021-11-23,120600351,4329441,8129897,0,0,0
2021-11-24,119635464,14471259,15436146,0,0,0
2021-11-25,124871777,10591957,5355644,0,0,0
2021-11-26,133303910,24185009,15752876,0,0,0
2021-11-29,138453992,13478207,8328125,0,0,0
2021-11-30,141155806,15645931,12944117,0,0,0
2021-12-01,140928686,10900369,11127489,0,0,0
2021-12-02,142633324,10330939,8608961,0,0,0
2021-12-03,146337228,18512944,14809040,0,0,0
2021-12-06,148182398,13098241,11253071,0,0,0
2021-12-07,147755506,10896134,11323026,0,0,0
2021-12-08,152348028,10566566,5974044,0,0,0
2021-12-09,152775266,9887923,9460685,0,0,0
2021-12-10,151171884,5850907,7454289,0,0,0
2021-12-13,149318594,8151063,10004353,0,0,0
2021-12-14,149715734,13416202,13095430,0,0,0
2021-12-15,153947610,20771132,16539256,0,0,0
2021-12-16,155894046,15392045,13302340,0,0,0
2021-12-17,155732955,16048643,16209734,0,0,0
2021-12-20,155253905,12305957,12785007,0,0,0
2021-12-21,150756335,7543925,13305414,0,0,0
2021-12-22,151414663,8238025,7579697,0,0,0
2021-12-23,147800233,6006065,9620495,0,0,0
2021-12-24,146690311,15140962,16250884,0,0,0
2021-12-27,147227946,4973378,4435743,0,0,0
2021-12-28,146913226,3225657,3540377,0,0,0
2021-12-29,143597543,3163032,6478715,0,0,0
2021-12-30,145706007,4992530,2883221,0,0,0
2021-12-31,135277709,4839237,15267535,0,0,0
2022-01-04,136623446,5420399,4074662,0,0,0
2022-01-05,142162383,10062535,4632394,0,0,0
2022-01-06,141353338,4416080,5225125,0,0,0
2022-01-07,137108644,3990184,8243202,0,0,0
2022-01-10,137215703,4664633,4557574,0,0,0
2022-01-11,136758855,5235793,5692641,0,0,0
2022-01-12,137519990,3636507,2875372,0,0,0
2022-01-13,134793757,4179890,6906123,0,0,0
2022-01-14,127642197,4299342,11450902,0,0,0
2022-01-17,127269435,2457455,2830217,0,0,0
2022-01-18,127697903,4123882,3695414,0,0,0
2022-01-19,125255014,1728324,4171213,0,0,0
2022-01-20,124027872,3486110,4713252,0,0,0
2022-01-21,120745956,3579041,6860957,0,0,0
2022-01-24,120610525,3709219,3844650,0,0,0
2022-01-25,116929484,1643043,5324084,0,0,0
2022-01-26,116903953,2228178,2253709,0,0,0
2022-01-27,114432498,2455038,4926493,0,0,0
2022-01-28,112986847,1542759,2988410,0,0,0
2022-02-07,112106104,1844840,2729855,0,0,0
2022-02-08,111284701,2963684,3785087,0,0,0
2022-02-09,108786321,792430,3290810,0,0,0
2022-02-10,104669795,2424177,6540703,0,0,0
2022-02-11,104977840,2509820,2201775,0,0,0
2022-02-14,104324258,1182417,1835999,0,0,0
2022-02-15,104214420,2241470,2351308,0,0,0
2022-02-16,103855464,3058507,3417463,0,0,0
2022-02-17,102732070,4109622,5233016,0,0,0
2022-02-18,103279158,2927371,2380283,0,0,0
2022-02-21,103425219,3256536,3110475,0,0,0
2022-02-22,104315035,3182445,2292629,0,0,0
2022-02-23,106108898,7948511,6154648,0,0,0
2022-02-24,102192863,3588929,7504964,0,0,0
2022-02-25,101708473,2559659,3044049,0,0,0
2022-02-28,100063738,1531470,3176205,0,0,0
2022-03-01,100338422,1841095,1566411,0,0,0
2022-03-02,99828784,1789980,2299618,0,0,0
2022-03-03,102084169,3632580,1377195,0,0,0
2022-03-04,100553007,3815877,5347039,0,0,0
2022-03-07,100705087,4292033,4139953,0,0,0
2022-03-08,98658215,2210739,4257611,0,0,0
2022-03-09,97044959,2470842,4084098,0,0,0
2022-03-10,94375376,1335678,4005261,0,0,0
2022-03-11,95145389,1589872,819859,0,0,0
2022-03-14,95879237,2538529,1804681,0,0,0
2022-03-15,98042865,4709807,2546179,0,0,0
2022-03-16,99151366,2912255,1803754,0,0,0
2022-03-17,100741552,6143269,4553083,0,0,0
2022-03-18,97345075,1896135,5292612,0,0,0
2022-03-21,101124594,22880884,19101365,0,0,0
2022-03-22,123224419,55264908,33165083,0,0,0
2022-03-23,119567149,24796703,28453973,0,0,0
2022-03-24,116004955,18322684,21884878,0,0,0
2022-03-25,117321220,12217503,10901238,0,0,0
2022-03-28,117194848,6622074,6748446,0,0,0
2022-03-29,114315791,5277078,8156135,0,0,0
2022-03-30,115328873,7680659,6667577,0,0,0
2022-03-31,115147005,9045983,9227851,0,0,0
2022-04-01,113957548,9014942,10204399,0,0,0
2022-04-06,109189859,3894353,8662042,0,0,0
2022-04-07,108412815,4192804,4969848,0,0,0
2022-04-08,106964468,2532632,3980979,0,0,0
2022-04-11,107855400,4397068,3506136,0,0,0
2022-04-12,106448954,1747345,3153791,0,0,0
2022-04-13,105715466,1742056,2475544,0,0,0
2022-04-14,105784427,2316647,2247686,0,0,0
2022-04-15,105495693,2946167,3234901,0,0,0
2022-04-18,105658511,2808742,2645924,0,0,0
2022-04-19,105177636,1069007,1549882,0,0,0
2022-04-20,105563357,2142814,1757093,0,0,0
2022-04-21,105792457,2856880,2627780,0,0,0
2022-04-22,104317854,1103508,2578111,0,0,0
2022-04-25,102535831,2277048,4059071,0,0,0
2022-04-26,100963777,1967105,3539159,0,0,0
2022-04-27,100712595,2740875,2992057,0,0,0
2022-04-28,99047156,945578,2611017,0,0,0
2022-04-29,98646977,3572130,3972309,0,0,0
2022-05-05,98585808,2897238,2958407,0,0,0
2022-05-06,96171288,2968105,5382625,0,0,0
2022-05-09,95071654,2622751,3722385,0,0,0
2022-05-10,95326872,3322891,3067673,0,0,0
2022-05-11,93575137,2372018,4123753,0,0,0
2022-05-12,95453656,9496574,7618055,0,0,0
2022-05-13,102868116,16373771,8928343,0,0,0
2022-05-16,100434115,3775142,6209143,0,0,0
2022-05-17,102108158,4707985,3070235,0,0,0
2022-05-18,105689216,12822201,9241143,0,0,0
2022-05-19,103541626,5812685,7960275,0,0,0
2022-05-20,101795298,2870349,4616677,0,0,0
2022-05-23,102783356,3844954,2856896,0,0,0
2022-05-24,102028420,3805380,4560316,0,0,0
2022-05-25,100931594,4724977,5821803,0,0,0
2022-05-26,102045766,5837984,4723812,0,0,0
2022-05-27,102498532,18724570,18271804,0,0,0
2022-05-30,107794428,22606175,17310279,0,0,0
2022-05-31,105467960,13198837,15525305,0,0,0
2022-06-01,108011774,10729414,8185600,0,0,0
2022-06-02,108112334,18576724,18476164,0,0,0
2022-06-06,126202024,36085293,17995603,0,0,0
2022-06-07,117379241,11654437,20477220,0,0,0
2022-06-08,112532221,7911019,12758039,0,0,0
2022-06-09,110096371,3324987,5652977,0,0,0
2022-06-10,106213864,6584459,10466966,0,0,0
2022-06-13,104253362,3323059,5283561,0,0,0
2022-06-14,100921116,3286475,6618721,0,0,0
2022-06-15,98042173,7126183,10005126,0,0,0
2022-06-16,98849595,3926344,3118922,0,0,0
2022-06-17,98216753,2992687,3625529,0,0,0
2022-06-20,104712226,15096602,8601129,0,0,0
2022-06-21,103149239,5149577,6712564,0,0,0
2022-06-22,99531834,2711247,6328652,0,0,0
2022-06-23,98681460,3238057,4088431,0,0,0
2022-06-24,100454077,4733213,2960596,0,0,0
2022-06-27,100609905,2400599,2244771,0,0,0
2022-06-28,100787865,4759054,4581094,0,0,0
2022-06-29,100231725,3712884,4269024,0,0,0
2022-06-30,98419450,2406073,4218348,0,0,0
2022-07-01,98605155,12656360,12470655,0,0,0
2022-07-04,99655258,4961434,3911331,0,0,0
2022-07-05,102568497,8367450,5454211,0,0,0
2022-07-06,103802909,4728977,3494565,0,0,0
