日期,融资余额(元),融资买入额(元),融资偿还额(元),融券余量,融券卖出量,融券偿还量
2021-03-31,99200288,110543822,11343534,1472402,1472402,0
2021-04-01,105275521,57461653,51386420,1141245,83193,414350
2021-04-02,89980728,40513797,55808590,1156092,140721,125874
2021-04-06,137865030,77586887,29702585,1118701,73294,110685
2021-04-07,132820923,26167102,31211209,1076512,60430,102619
2021-04-08,130838623,21042595,23024895,1002605,54438,128345
2021-04-09,124590611,23609197,29857209,935787,102701,169519
2021-04-12,104256882,15433184,35766913,894920,64164,105031
2021-04-13,97941032,13140976,19456826,871480,40486,63926
2021-04-14,94915992,11773269,14798309,829549,31978,73909
2021-04-15,89977781,13940345,18878556,821045,32837,41341
2021-04-16,93121727,16945376,13801430,850042,74618,45621
2021-04-19,93296876,38369599,38194450,868698,101289,82633
2021-04-20,91282147,17642637,19657366,803903,20294,85089
2021-04-21,90507916,23083488,23857719,884500,137717,57120
2021-04-22,107323775,40214891,23399032,920743,138863,102620
2021-04-23,118951009,36334195,24706961,882225,43457,81975
2021-04-26,123830815,27272181,22392375,832353,48745,98617
2021-04-27,116195409,11643713,19279119,306143,0,526210
2021-04-28,125698219,27152259,17649449,219611,9200,95732
2021-04-29,148112234,42091512,19677497,219611,8700,8700
2021-04-30,185865645,59557303,21803892,219559,8782,8834
2021-05-06,186472340,44579764,43973069,256895,38536,1200
2021-05-07,199397643,30942365,18017062,281014,25066,947
2021-05-10,203823755,45234847,40808735,305414,30200,5800
2021-05-11,200790215,23118920,26152460,358057,69243,16600
2021-05-12,213181736,47673334,35281813,358461,18404,18000
2021-05-13,212390797,8155525,8946464,362626,21788,17623
2021-05-14,193347538,12422334,31465593,342663,9000,28963
2021-05-17,198033614,13834949,9148873,322080,4924,25507
2021-05-18,201545760,9988757,6476611,363483,56681,15278
2021-05-19,201377757,16583895,16751898,364569,37604,36518
2021-05-20,195861835,6022638,11538560,372122,24106,16553
2021-05-21,180661398,8303583,23504020,330963,10680,51839
2021-05-24,189918765,17140901,7883534,251516,12500,91947
2021-05-25,180701502,12231897,21449161,216943,13927,48500
2021-05-26,169327739,18612732,29986495,197126,14110,33927
2021-05-27,167477209,8985765,10836295,201934,15908,11100
2021-05-28,166018303,18113874,19572780,208511,20485,13908
2021-05-31,161024940,7355523,12348886,207082,16023,17452
2021-06-01,158685728,13175869,15515081,201585,17974,23471
2021-06-02,191707878,44905224,11883074,160283,31635,72937
2021-06-03,187182395,5751747,10277230,120644,16097,55736
2021-06-04,190705571,16530374,13007198,126981,28859,22522
2021-06-07,140140252,3963615,54528934,109102,26349,44228
2021-06-08,141087066,8630960,7684146,155708,65908,19302
2021-06-09,135207243,5523635,11403458,172698,40883,23893
2021-06-10,128484707,8459734,15182270,176189,22921,19430
2021-06-11,121699695,6361932,13146944,173279,16368,19278
2021-06-15,121920800,14913718,14692613,172959,21502,21822
2021-06-16,112275204,5434222,15079818,175222,24369,22106
2021-06-17,109021320,7496851,10750735,184175,28390,19437
2021-06-18,106772737,8596365,10844948,178301,24710,30584
2021-06-21,63934341,8414209,51252605,202294,44494,20501
2021-06-22,105926991,67230297,25237647,268555,95661,29400
2021-06-23,113136283,19062443,11853151,292933,46986,22608
2021-06-24,117100168,12414410,8450525,289847,21915,25001
2021-06-25,116073893,12925828,13952103,269296,36280,56831
2021-06-28,136396779,29695229,9372343,227945,18362,59713
2021-06-29,136615339,14696600,14478040,247493,39769,20221
2021-06-30,159539215,37098290,14174414,206414,20263,61342
2021-07-01,159930203,16711497,16320509,226165,36720,16969
2021-07-02,147328516,32662057,45263744,214971,33709,44903
2021-07-05,135504846,65517405,77341075,198154,25275,42092
2021-07-06,129270776,25537127,31771197,193619,28765,33300
2021-07-07,137404617,22940330,14806489,200574,25982,19027
2021-07-08,145609414,25495877,17291080,201746,22806,21634
2021-07-09,140550894,8338926,13397446,195977,21194,26963
2021-07-12,150307924,31066152,21309122,199241,24600,21336
2021-07-13,163744910,20720551,7283565,196818,26029,28452
2021-07-14,146762851,10639956,27622015,190596,13970,20192
2021-07-15,147100831,13352408,13014428,200082,18938,9452
2021-07-16,122309945,9871607,34662493,201204,33184,32062
2021-07-19,121483777,14140528,14966696,209634,31452,23022
2021-07-20,122860522,5687207,4310462,195620,18200,32214
2021-07-21,121030951,14017555,16714513,249958,75011,20673
2021-07-22,126361753,15748202,10417400,239642,48143,58459
2021-07-23,134658552,21175716,12878917,277404,56705,18943
2021-07-26,130161649,16438067,20934970,259007,23205,41602
2021-07-27,126456269,9137794,12843174,279344,42225,21888
2021-07-28,124944667,9803372,11314974,264701,20697,35340
2021-07-29,134041639,21048038,11951066,292639,45279,17341
2021-07-30,125471282,12232036,20802393,334420,84510,42729
2021-08-02,120410536,7200990,12253231,336272,19150,17298
2021-08-03,125357061,11784756,6838231,323184,16768,29856
2021-08-04,128772156,16524223,13038229,319861,21993,25316
2021-08-05,124720110,7727040,11779086,320464,15492,14889
2021-08-06,128327826,9211907,5604191,312307,7495,15652
2021-08-09,121383773,6815989,13760042,320374,14696,6629
2021-08-10,126844009,14941801,9481565,318318,14979,17035
2021-08-11,128979884,10890567,8351861,306474,10356,22200
2021-08-12,131280064,8967281,6667101,302418,6657,10713
2021-08-13,140450190,19925147,10768591,325536,32351,9233
2021-08-16,144345468,15482116,11586838,327474,31635,29697
2021-08-17,156713704,18394876,6026640,320097,21858,29235
2021-08-18,132129408,3718132,28302428,315700,18674,23071
2021-08-19,129400468,5367941,8096881,316653,4659,3706
2021-08-20,127627402,10824362,12597428,327785,26016,14884
2021-08-23,122456190,2756934,7928146,326545,15702,16942
2021-08-24,120076359,4731638,7111469,326028,10437,10954
2021-08-25,125811041,16958327,11223645,336750,35061,24339
2021-08-26,123649538,8051189,10212692,343680,21145,14215
2021-08-27,112558757,6698221,17789002,344556,21855,20979
2021-08-30,117409457,11806260,6955560,344555,25652,25653
2021-08-31,116846459,4446183,5009181,378619,49684,15620
2021-09-01,112860562,4846977,8832874,375819,8800,11600
2021-09-02,118744519,15247053,9363096,384319,14700,6200
2021-09-03,115432034,5046669,8359154,354577,22020,51762
2021-09-06,108381655,5192376,12242755,349997,20880,25460
2021-09-07,108840134,6675621,6217142,377604,38800,11193
2021-09-08,106837953,4581324,6583505,375554,950,3000
2021-09-09,114975111,11628632,3491474,374517,8324,9361
2021-09-10,114020565,5555906,6510452,370179,13362,17700
2021-09-13,118687791,10548297,5881071,372045,15210,13344
2021-09-14,124641628,10267759,4313922,373956,17100,15189
2021-09-15,130164518,10921701,5439156,376164,13333,11125
2021-09-16,124466211,3527211,9225518,375353,6794,7605
2021-09-17,128368785,15564103,11661529,364876,4000,14477
2021-09-22,129605253,8241627,7005159,372518,9642,2000
2021-09-23,132411499,7674521,4868275,381091,11215,2642
2021-09-24,131397117,4960748,5975130,361945,17299,36445
2021-09-27,128245037,8783814,11935894,430408,79652,11189
2021-09-28,127851321,4745332,5139048,458608,40494,12294
2021-09-29,138796641,14764900,3819580,598184,160410,20834
2021-09-30,132228045,8908587,15477183,418658,9600,189126
2021-10-08,144660658,17778117,5345504,462350,53318,9626
2021-10-11,145072216,16792240,16380682,491727,37577,8200
2021-10-12,148440704,12051647,8683159,498456,25916,19187
2021-10-13,151388922,9628556,6680338,495912,23188,25732
2021-10-14,151308725,8341895,8422092,536619,56233,15526
2021-10-15,154349697,14167925,11126953,542147,33189,27661
2021-10-18,158271420,6802672,2880949,511084,43957,75020
2021-10-19,155762232,6184975,8694163,486048,15738,40774
2021-10-20,155175328,6953399,7540303,481788,22696,26956
2021-10-21,153497073,6777055,8455310,503406,41591,19973
2021-10-22,151807703,4177033,5866403,489419,10714,24701
2021-10-25,154472813,6065802,3400692,487934,8583,10068
2021-10-26,152615076,5027400,6885137,479084,14241,23091
2021-10-27,149653976,9446913,12408013,485494,11098,4688
2021-10-28,149933967,4835973,4555982,508738,29044,5800
2021-10-29,164882956,25276841,10327852,551152,48321,5907
2021-11-01,160740235,4924410,9067131,550889,6051,6314
2021-11-02,162625687,5542544,3657092,541014,15486,25361
2021-11-03,158132823,2468832,6961696,539859,1045,2200
2021-11-04,155981182,2428730,4580371,536216,8232,11875
2021-11-05,153977818,4720231,6723595,538889,18599,15926
2021-11-08,153071706,3000606,3906718,527414,2381,13856
2021-11-09,152890560,2766427,2947573,450337,0,77077
2021-11-10,150241397,4102936,6752099,491116,40779,0
2021-11-11,150616478,4371832,3996751,456598,2308,36826
2021-11-12,151205148,2197381,1608711,459818,4677,1457
2021-11-15,151822659,7051635,6434124,449404,6248,16662
2021-11-16,153732290,7677437,5767806,465485,19061,2980
2021-11-17,151323538,7024156,9432908,439982,2929,28432
2021-11-18,148010327,6860842,10174053,426490,8108,21600
2021-11-19,146535621,4543416,6018122,393271,8878,42097
2021-11-22,145740075,6428589,7224135,397672,8780,4379
2021-11-23,145888747,3621395,3494591,364709,11097,44060
2021-11-24,147824337,14190069,12254479,373495,20663,11877
2021-11-25,152193401,15019190,10650126,368051,11591,17035
2021-11-26,154962503,13549185,10780083,370542,16269,13778
2021-11-29,163157200,15352105,7157408,374985,20694,16251
2021-11-30,163988848,9395366,8563718,368469,10451,16967
2021-12-01,166788501,7066771,4267118,368542,9108,9035
2021-12-02,167921231,8381558,7248828,352442,9014,25114
2021-12-03,170369401,8719598,6271428,340615,1672,13499
2021-12-06,169948064,7765259,8186596,340242,3327,3700
2021-12-07,172789708,7335514,4493870,343542,13510,10210
2021-12-08,172877323,4439533,4351918,343242,1900,2200
2021-12-09,170446327,9141548,11572544,333054,5300,15488
2021-12-10,167825197,4843252,7464382,331457,11989,13586
2021-12-13,170658696,7506795,4673296,371619,43812,3650
2021-12-14,166879576,3578406,7077123,367219,3000,7400
2021-12-15,169260667,6123170,3742079,364319,1109,4009
2021-12-16,169348386,3723293,4579556,366109,5863,4073
2021-12-17,168654428,4990427,5684385,352630,1804,15283
2021-12-20,168892268,2023377,1785537,357189,4559,0
2021-12-21,169639979,3954125,3274508,354825,300,2664
2021-12-22,168988038,2367976,3019917,314355,500,40970
2021-12-23,169551274,6051563,5488327,317359,5104,2100
2021-12-24,167991654,2564981,4124601,317562,488,285
