日期,融资余额(元),融资买入额(元),融资偿还额(元),融券余量,融券卖出量,融券偿还量
2020-08-19,28657801,31334674,2676873,919601,919601,0
2020-08-20,28610892,19764017,19829666,537158,93929,476372
2020-08-21,26201736,12654847,15151685,410912,67045,193291
2020-08-24,34292090,16046285,7955931,403663,37328,44577
2020-08-25,33108122,11191702,12375670,444794,56732,15601
2020-08-26,34672275,9041681,7477528,434480,9486,19800
2020-08-27,34247218,4954421,5379478,422936,1600,13144
2020-08-28,32360826,3910323,5796715,426036,6600,3500
2020-08-31,33542408,5433812,4252230,421836,10800,15000
2020-09-01,33367424,1707365,1851486,396139,7600,33297
2020-09-02,34768923,4203082,2801583,389401,8600,15338
2020-09-03,32614234,1958369,4113058,368761,7600,28240
2020-09-04,32477803,3228181,3364612,356039,4074,16796
2020-09-07,32260570,3608355,3825588,341159,3120,18000
2020-09-08,30341308,3092350,5011612,340859,2839,3139
2020-09-09,28316392,1193557,3218473,343717,6479,3621
2020-09-10,27291216,1215364,2240540,343767,4880,4830
2020-09-11,27524203,1710618,1477631,339551,6193,10409
2020-09-14,27432173,1276135,1368165,339515,5270,5306
2020-09-15,28542279,4155873,2974532,54575,2600,287388
2020-09-16,28690218,3191503,3043564,54375,2400,2600
2020-09-17,32526337,13705801,9869682,62575,10600,2400
2020-09-18,30406316,6204931,8324952,62375,2400,2600
2020-09-21,30300753,2187189,2292752,62575,2600,2400
2020-09-22,30295459,2465076,2470370,62375,2400,2600
2020-09-23,30931443,3277199,2641215,61575,1600,2400
2020-09-24,35149248,6194773,1976968,62575,2600,1600
2020-09-25,33965638,587295,1770905,62375,2400,2600
2020-09-28,31876182,535459,2566645,54575,2600,10400
2020-09-29,32352831,865835,389186,38625,1400,17350
2020-09-30,31603950,954484,1703365,39725,2500,1400
2020-10-09,30792790,655525,1466685,53627,16302,2400
2020-10-12,31731916,2545673,1606547,56151,3324,800
2020-10-13,31149887,1780858,2362887,66909,13358,2600
2020-10-14,30550090,1185597,1785394,60909,4400,10400
2020-10-15,28331034,1356604,3575660,70065,13600,4444
2020-10-16,27977163,1762669,2116540,61065,4600,13600
2020-10-19,28318995,1856678,1514846,68793,12400,4672
2020-10-20,27697970,188702,809727,61992,1399,8200
2020-10-21,27587097,1155492,1266365,64309,7800,5483
2020-10-22,27347538,939062,1178621,65183,11400,10526
2020-10-23,26006317,464435,1805656,65364,10381,10200
2020-10-26,26512147,885715,379885,62030,8247,11581
2020-10-27,26457094,1483774,1538827,71607,18007,8430
2020-10-28,30063788,4581063,974369,91093,32364,12878
2020-10-29,31688859,5037207,3412136,116660,42258,16691
2020-10-30,30079638,1504113,3113334,116663,18906,18903
2020-11-02,29868873,2319155,2529920,118930,18823,16556
2020-11-03,28108644,1062395,2822624,101330,1200,18800
2020-11-04,28791831,1823101,1139914,119192,19062,1200
2020-11-05,29461249,2672006,2002588,108992,7000,17200
2020-11-06,30635536,3179119,2004832,107873,10600,11719
2020-11-09,32782574,5143957,2996919,103582,6400,10691
2020-11-10,33323814,4451090,3909850,89582,8000,22000
2020-11-11,32080534,2236274,3479554,92533,12626,9675
2020-11-12,33068862,2644421,1656093,97107,17108,12534
2020-11-13,31161100,2302557,4210319,91273,11414,17248
2020-11-16,34534119,5521669,2148650,103259,23400,11414
2020-11-17,35104911,2540380,1969588,97859,18000,23400
2020-11-18,35266161,6450366,6289116,98459,17400,16800
2020-11-19,35402543,4358344,4221962,111747,26888,13600
2020-11-20,34815946,3143373,3729970,122000,32177,21924
2020-11-23,34273626,3427810,3995139,117360,12537,17177
2020-11-24,35861161,2879857,1292322,128089,23266,12537
2020-11-25,36751413,4924806,4034554,113439,8450,23100
2020-11-26,34546338,3122439,5327514,129524,24400,8315
2020-11-27,34326277,925222,1145283,116186,11062,24400
2020-11-30,32944769,357268,1738776,113935,6819,9070
2020-12-01,33775032,1515159,684896,108021,1816,7730
2020-12-02,33987263,1082935,870704,120435,13014,600
2020-12-03,33642760,478285,822788,112995,5075,12515
2020-12-04,33428988,955063,1168835,113162,5855,5688
2020-12-07,33832416,2240312,1836884,115855,8493,5800
2020-12-08,33360845,1647620,2119191,109834,4894,10915
2020-12-09,33757553,1563696,1166988,117121,12287,5000
2020-12-10,34358115,1147586,547024,112828,7994,12287
2020-12-11,33895362,1711618,2174371,126087,21242,7983
2020-12-14,34151263,764402,508501,110434,4200,19853
2020-12-15,32841895,853146,2162514,110825,5980,5589
2020-12-16,33283434,1303975,862436,117484,12639,5980
2020-12-17,32054338,604645,1833741,113527,8500,12457
2020-12-18,31315392,767071,1506017,115950,11000,8577
2020-12-21,31245850,692116,761658,112226,7276,11000
2020-12-22,30792939,1441900,1894811,121833,16875,7268
2020-12-23,29828377,173755,1138317,107092,400,15141
2020-12-24,28251872,942880,2519385,122141,16732,1683
2020-12-25,27867308,538639,923203,106816,0,15325
2020-12-28,27646835,618926,839399,116977,12061,1900
2020-12-29,29391023,2015312,271124,115868,10994,12103
2020-12-30,29443852,632373,574685,109987,5066,10947
2020-12-31,28568486,468640,1344006,117792,12985,5180
2021-01-04,27963621,494303,1099168,113045,8139,12886
2021-01-05,27986500,332651,309772,115239,8894,6700
2021-01-06,26964710,962966,1984756,112469,7630,10400
2021-01-07,26566411,1088307,1549690,117731,12818,7556
2021-01-08,26187459,1091002,1469954,105124,10102,22709
2021-01-11,26127161,506825,567123,108326,13408,10206
2021-01-12,25502657,124685,749189,97978,2995,13343
2021-01-13,25481518,480202,501341,110583,15600,2995
2021-01-14,26784356,2332694,1029856,104029,23357,29911
2021-01-15,26590779,989895,1183472,64729,11600,50900
2021-01-18,27106241,785766,270304,58996,5867,11600
2021-01-19,26772176,727265,1061330,68780,15710,5926
2021-01-20,26220417,331670,883429,54704,1627,15703
2021-01-21,26188922,758302,789797,64227,10723,1200
2021-01-22,25006437,1611893,2794378,65999,10806,9034
2021-01-25,25296291,629358,339504,56708,1555,10846
2021-01-26,25459958,719211,555544,64340,9214,1582
2021-01-27,25726058,476954,210854,51172,6432,19600
2021-01-28,25680379,710023,755702,74594,29822,6400
2021-01-29,25800785,422626,302220,76915,15024,12703
2021-02-01,25949966,1112387,963206,81962,20125,15078
2021-02-02,25936632,243518,256852,74291,6895,14566
2021-02-03,25684927,168741,420446,73817,6300,6774
2021-02-04,24952111,448661,1181477,79917,12400,6300
2021-02-05,24792861,275792,435042,75267,7800,12450
2021-02-08,24770159,688455,711157,83034,15567,7800
2021-02-09,24193932,145203,730093,60528,2700,25206
2021-02-10,23816744,113334,490522,55512,3000,8016
2021-02-18,23885140,990009,921613,166589,114077,3000
2021-02-19,23988696,1485879,1382323,109745,8984,65828
2021-02-22,23881810,2279141,2386027,111708,11863,9900
2021-02-23,23179765,621283,1323328,110813,14877,15772
2021-02-24,24538307,1992825,634283,76832,4577,38558
2021-02-25,23237722,815612,2050939,79183,6951,4600
2021-02-26,23422238,837211,652695,81243,9060,7000
2021-03-01,23111187,1258884,1569935,83043,10000,8200
2021-03-02,22894173,736246,953260,76419,3404,10028
2021-03-03,22243555,929362,1579980,84819,11800,3400
2021-03-04,23901376,2637541,979720,70584,10600,24835
2021-03-05,23437181,676499,1140694,62984,6200,13800
2021-03-08,22717728,694552,1414005,53253,10969,20700
2021-03-09,22468758,1777120,2026090,51162,8852,10943
2021-03-10,22623140,642541,488159,51530,8168,7800
2021-03-11,22823758,477889,277271,46451,3064,8143
2021-03-12,23046793,918584,695549,51651,8200,3000
2021-03-15,22184772,452494,1314515,48717,5301,8235
2021-03-16,22604750,1037238,617260,44317,1000,5400
2021-03-17,22880795,652463,376418,48717,5400,1000
2021-03-18,22327358,797090,1350527,51542,8225,5400
2021-03-19,22030136,1094110,1391332,38614,5000,17928
2021-03-22,21446817,1183919,1767238,42078,8464,5000
2021-03-23,20660634,615101,1401284,43814,9168,7432
2021-03-24,20117519,374905,918020,46757,3943,1000
2021-03-25,20794917,738846,61448,51111,8354,4000
2021-03-26,20637272,219363,377008,43041,0,8070
2021-03-29,20548431,660764,749605,42668,0,373
2021-03-30,21319455,951013,179989,58768,16100,0
2021-03-31,21361994,507661,465122,58768,0,0
2021-04-01,21724788,572984,210190,58768,0,0
2021-04-02,21257165,389057,856680,58768,0,0
2021-04-06,20957676,425463,724952,58768,0,0
2021-04-07,21208291,569641,319026,58768,0,0
2021-04-08,21626762,970829,552358,58768,0,0
2021-04-09,21080440,285393,831715,58768,0,0
2021-04-12,21051060,276673,306053,58468,0,300
2021-04-13,21230690,337905,158275,58468,0,0
2021-04-14,21137557,457442,550575,58468,0,0
2021-04-15,22079087,1801154,859624,58468,0,0
2021-04-16,21979674,537263,636676,49300,0,9168
2021-04-19,22298415,1470190,1151449,49300,0,0
2021-04-20,23595920,3023690,1726185,49300,0,0
2021-04-21,23388945,483832,690807,49300,0,0
2021-04-22,23606216,482349,265078,49300,0,0
2021-04-23,24379092,1567195,794319,49000,0,300
2021-04-26,24344818,1033830,1068104,49000,0,0
2021-04-27,25027872,1189255,506201,49000,0,0
2021-04-28,25396361,1313896,945407,49000,0,0
2021-04-29,26027960,1319551,687952,138800,90000,200
2021-04-30,26544017,3111675,2595618,138800,0,0
2021-05-06,31822266,9380977,4102728,150201,11401,0
2021-05-07,32156315,3727006,3392957,140300,1500,11401
2021-05-10,31112495,2451300,3495120,151500,12700,1500
2021-05-11,31030125,2562686,2645056,144500,4500,11500
2021-05-12,30653636,676298,1052787,153452,11252,2300
2021-05-13,31442982,1445893,656547,97230,43800,100022
2021-05-14,30417318,1708136,2733800,97286,2856,2800
2021-05-17,30538279,1174392,1053431,101651,6451,2086
2021-05-18,30374219,1898913,2062973,101700,6500,6451
2021-05-19,29862313,705373,1217279,99529,4329,6500
2021-05-20,29939079,1139515,1062749,102509,7309,4329
2021-05-21,27614800,1142986,3467265,96500,5600,11609
2021-05-24,28539914,1554346,629232,98556,7656,5600
2021-05-25,27897229,1017379,1660064,94800,1300,5056
2021-05-26,27293108,675267,1279388,115305,20905,400
2021-05-27,27728702,1422719,987125,109509,0,5796
2021-05-28,28006345,840173,562530,106740,0,2769
2021-05-31,27562566,1091198,1534977,105324,2024,3440
2021-06-01,27380598,2078418,2260386,188104,84804,2024
2021-06-02,28511116,2951454,1820936,177204,0,10900
2021-06-03,29573664,3278186,2215638,186702,9498,0
2021-06-04,29775116,1097164,895712,186923,2821,2600
2021-06-07,29261322,1019312,1533106,186223,0,700
2021-06-08,29314596,1532369,1479095,149723,4500,41000
2021-06-09,28422802,432375,1324169,149723,0,0
2021-06-10,28059923,1316376,1679255,149723,0,0
2021-06-11,27239188,1566215,2386950,226719,76996,0
2021-06-15,27489956,1199016,948248,224898,0,1821
2021-06-16,27324418,1201068,1366606,224898,0,0
2021-06-17,27852303,1650207,1122322,224898,0,0
2021-06-18,27415927,1097841,1534217,225598,700,0
2021-06-21,26437258,737535,1716204,227298,1700,0
2021-06-22,26647181,1273053,1063130,227298,0,0
2021-06-23,26691320,973332,929193,224298,0,3000
2021-06-24,28219141,2048600,520779,224298,0,0
2021-06-25,27998086,1643151,1864206,276398,52100,0
2021-06-28,29427875,2568201,1138412,276398,0,0
2021-06-29,29460722,2086922,2054075,276398,0,0
2021-06-30,29306950,1250838,1404610,224298,0,52100
2021-07-01,29071370,644212,879792,208998,0,15300
2021-07-02,29252497,964865,783738,193898,0,15100
2021-07-05,31050332,3230576,1432741,245998,52100,0
2021-07-06,32033600,3875817,2892549,248673,2675,0
2021-07-07,30873009,1923679,3084270,274081,25408,0
2021-07-08,30045788,1769047,2596268,137781,14600,150900
2021-07-09,30730816,2655399,1970371,137781,0,0
2021-07-12,31522266,3181089,2389639,137781,0,0
2021-07-13,34159339,4010755,1373682,137781,0,0
2021-07-14,34000378,985147,1144108,137781,0,0
2021-07-15,32995242,833051,1838187,96048,10367,52100
2021-07-16,32029870,736539,1701911,98448,2400,0
2021-07-19,32071409,1260343,1218804,88565,0,9883
2021-07-20,30781196,950000,2240213,90554,9200,7211
2021-07-21,31103115,1097979,776060,99965,9411,0
2021-07-22,30666849,1498699,1934965,188865,88900,0
2021-07-23,30873723,1191863,984989,271865,83000,0
2021-07-26,29966363,2466065,3373425,271865,0,0
2021-07-27,29073644,469863,1362582,261498,0,10367
2021-07-28,29877571,2116881,1312954,265798,4300,0
2021-07-29,29402516,641732,1116787,265798,0,0
2021-07-30,27492512,555945,2465949,327798,62000,0
2021-08-02,28199750,1704010,1023376,379798,62000,10000
2021-08-03,28014752,1141488,1326486,441898,68100,6000
2021-08-04,27830831,938978,1146049,442898,1000,0
2021-08-05,28035929,920617,715519,359198,0,83700
2021-08-06,27605557,706830,1137202,359198,0,0
2021-08-09,27448717,384814,541654,359198,0,0
2021-08-10,27341133,978819,1086403,357698,0,1500
2021-08-11,26817169,2492960,3023311,227722,56124,186100
2021-08-12,26409091,1276292,1684370,285798,58076,0
2021-08-13,26274392,1164505,1299204,282898,0,2900
2021-08-16,26539527,969581,704446,281798,0,1100
2021-08-17,25059705,303130,1782952,282798,3000,2000
2021-08-18,25061363,446488,444830,200097,3000,85701
2021-08-19,24645986,286902,702279,116098,1000,84999
2021-08-20,24563201,803996,886781,81598,0,34500
2021-08-23,26521934,3633962,1675229,83398,2000,200
2021-08-24,27542455,1944477,923956,77498,0,5900
2021-08-25,29490435,4130665,2182685,77498,0,0
2021-08-26,29872449,3057362,2675348,88182,10684,0
2021-08-27,30467136,1840229,1245542,73694,2296,16784
2021-08-30,31368664,2638116,1736588,74698,3300,2296
2021-08-31,31290587,1096523,1174600,74789,2291,2200
2021-09-01,33626014,4946357,2610930,88998,16500,2291
2021-09-02,33682057,3564171,3508128,89048,4250,4200
2021-09-03,31207096,3757015,6231976,74091,2193,17150
2021-09-06,31667320,5527273,5067049,52076,2178,24193
2021-09-07,31347043,1484366,1804643,52098,2200,2178
2021-09-08,31485709,3680416,3541750,52198,2300,2200
2021-09-09,32225053,3253729,2514385,38552,2154,15800
2021-09-10,36474352,4917914,668615,19998,0,18554
2021-09-13,32027280,1720377,6167449,19998,0,0
2021-09-14,33761501,2953034,1218813,19998,0,0
2021-09-15,34320397,1609785,1349775,18998,0,1000
2021-09-16,33812268,1114307,1622436,9498,0,9500
2021-09-17,31769372,619917,2662813,9498,0,0
2021-09-22,31760949,1015719,1024142,9498,0,0
2021-09-23,33129638,2195894,827205,9498,0,0
2021-09-24,32362898,199854,966594,9498,0,0
2021-09-27,32802630,1451058,1011326,9498,0,0
2021-09-28,32653555,990225,1139300,74398,64900,0
2021-09-29,33167937,1113753,599371,74398,0,0
2021-09-30,33010379,292987,450545,9898,0,64500
2021-10-08,32270937,197083,936525,9498,0,400
2021-10-11,32302536,401901,370302,9498,0,0
2021-10-12,31901644,587868,988760,9498,0,0
2021-10-13,31739305,628641,790980,9498,0,0
2021-10-14,31701093,358305,396517,9498,0,0
2021-10-15,31810809,1303539,1193823,9498,0,0
2021-10-18,32226523,706934,291220,9498,0,0
2021-10-19,32180202,671534,717855,9498,0,0
2021-10-20,32202913,586500,563789,9498,0,0
2021-10-21,32332641,947589,817861,9498,0,0
2021-10-22,32558754,699887,473774,9498,0,0
2021-10-25,32931656,540229,167327,9498,0,0
2021-10-26,32932364,421587,420879,9498,0,0
2021-10-27,32443257,688197,1177304,9498,0,0
2021-10-28,32075575,498171,865853,9498,0,0
2021-10-29,31528582,453689,1000682,9498,0,0
2021-11-01,31324578,215513,419517,13726,4228,0
2021-11-02,31434130,346546,236994,17898,4172,0
2021-11-03,31230249,164750,368631,17898,0,0
2021-11-04,30869565,246202,606886,17898,0,0
2021-11-05,31729110,1201467,341922,20598,2700,0
2021-11-08,31522654,460306,666762,52341,31743,0
2021-11-09,31887863,1261061,895852,20892,0,31449
2021-11-10,31344744,1097250,1640369,103013,82121,0
2021-11-11,31999529,1502804,848019,124104,21091,0
2021-11-12,32278013,1575706,1297222,115704,0,8400
2021-11-15,32723805,1000540,554748,115704,0,0
2021-11-16,32983460,606735,347080,115704,0,0
2021-11-17,34839134,2580217,724543,115704,0,0
2021-11-18,36098076,2876217,1617275,127722,14718,2700
2021-11-19,36024996,1054859,1127939,127722,0,0
2021-11-22,36132663,990577,882910,137210,9488,0
2021-11-23,37055213,1364967,442417,166110,28900,0
2021-11-24,36956965,1106236,1204484,166110,0,0
2021-11-25,36335768,1156851,1778048,100797,0,65313
2021-11-26,36891554,1897798,1342012,62898,0,37899
2021-11-29,36587984,1144456,1448026,87285,32687,8300
2021-11-30,36278893,2029319,2338410,132098,69311,24498
2021-12-01,36861047,1818523,1236369,30903,0,101195
2021-12-02,36417070,2115815,2559792,80930,50027,0
2021-12-03,44794089,15185594,6808575,22600,6000,64330
2021-12-06,44750103,4678423,4722409,126000,103400,0
2021-12-07,49109274,6784189,2425018,117735,0,8265
2021-12-08,49113830,4799116,4794560,126535,8800,0
2021-12-09,49518777,6555612,6150665,133935,8200,800
2021-12-10,44986791,2413567,6945553,125735,0,8200
2021-12-13,47096364,4800364,2690791,131301,5566,0
2021-12-14,49926055,7037499,3492510,56200,20407,95508
2021-12-15,51057976,3478423,2346502,51651,2400,6949
2021-12-16,50530042,3423164,3962653,44951,2100,8800
2021-12-17,49697132,1307789,2140699,45338,5160,4773
2021-12-20,48026362,2135745,3806515,49467,4129,0
2021-12-21,47712126,1189626,1575330,50267,1200,400
2021-12-22,47313603,1924547,2323070,50567,1400,1100
2021-12-23,48300491,1687599,700711,44456,2289,8400
2021-12-24,48183953,562006,678544,46087,1631,0
