日期,融资余额(元),融资买入额(元),融资偿还额(元),融券余量,融券卖出量,融券偿还量
2021-10-18,150465631,172654667,22189036,0,0,0
2021-10-19,238669408,161085868,72882091,0,0,0
2021-10-20,578326472,467790346,128133282,0,0,0
2021-10-21,567139639,240303482,251490315,0,0,0
2021-10-22,575965112,151272861,142447388,0,0,0
2021-10-25,667280117,248744279,157429274,0,0,0
2021-10-26,707675235,279066777,238671659,0,0,0
2021-10-27,1156325676,853856855,405206414,0,0,0
2021-10-28,1296345746,540673412,400653342,0,0,0
2021-10-29,1120924250,403498889,578920385,0,0,0
2021-11-01,1788737758,1333932658,666119150,0,0,0
2021-11-02,1889314036,966123807,865547529,0,0,0
2021-11-03,2010529842,549174809,427959003,0,0,0
2021-11-04,2297942325,866971612,579559129,0,0,0
2021-11-05,1923933225,632552982,1006562082,0,0,0
2021-11-08,1855694852,321403343,389641716,0,0,0
2021-11-09,1795846342,328412296,388182855,0,0,0
2021-11-10,1782373060,258523653,271996935,0,0,0
2021-11-11,1811595559,268399991,239177492,0,0,0
2021-11-12,1758884405,176715625,229426779,40000,40000,0
2021-11-15,1774833962,248483598,232534041,166100,126100,0
2021-11-16,1749519815,141860227,167174374,187100,21000,0
2021-11-17,1795819430,192222706,145923091,187100,0,0
2021-11-18,1842278291,312410387,265951526,300100,199400,86400
2021-11-19,1839623079,180633810,183289022,321100,21000,0
2021-11-22,1785278109,217766199,272111169,222100,0,99000
2021-11-23,1789825897,155926875,151320294,352000,129900,0
2021-11-24,1875258421,297122129,211689605,527400,215400,40000
2021-11-25,1865790395,189826087,199294113,438500,81100,170000
2021-11-26,1833100116,204894425,237584704,410200,0,28300
2021-11-29,1891531317,247558124,189126923,445700,45500,10000
2021-11-30,1859275743,197337792,229576551,385298,0,60402
2021-12-01,1908183857,241862075,192953961,385298,0,0
2021-12-02,1893375369,137550449,156063692,364898,0,20400
2021-12-03,2003440512,466497466,356451020,234998,0,129900
2021-12-06,1973111219,303168022,333497315,154798,100,80300
2021-12-07,1986119547,254860832,241852504,70100,0,84698
2021-12-08,1998136881,245913338,233896004,105100,35000,0
2021-12-09,2160677436,513647618,351107063,513800,423700,15000
2021-12-10,2668338118,972639785,464979103,363300,173300,323800
2021-12-13,2846009059,936748107,759077166,380000,131700,115000
2021-12-14,2967652960,645140218,520356902,619148,254148,15000
2021-12-15,3072796561,614473024,509329423,1769532,1240284,89900
2021-12-16,2860384652,344321604,560084422,2261832,738500,246200
2021-12-17,2602899949,604189237,861673940,4682632,3083900,663100
2021-12-20,2410819838,430997710,623077821,4695532,1367600,1354700
2021-12-21,2405974204,234752170,238031834,5379332,1522800,624000
2021-12-22,2463431415,273681726,216224515,5513632,715500,581200
2021-12-23,2561406870,852482787,754507332,10523010,6480178,1470800
2021-12-24,2732339115,1135403197,964470952,9843782,3058020,3737248
2021-12-27,2662315264,563244806,633268657,11041762,2982700,1784720
2021-12-28,2619628826,457774176,500460614,10365792,796500,1472470
2021-12-29,2727199960,477396964,370065531,10043692,1266300,1588400
2021-12-30,2760777082,304587622,270070218,11522223,3002031,1523500
2021-12-31,2584741946,381428434,557423200,11350723,3663300,3834800
2022-01-04,2623604645,358386919,318490695,10681123,1491300,2160900
2022-01-05,2660603097,415419517,377184578,9820623,1097200,1957700
2022-01-06,2656630335,245802163,249774925,10115754,2274631,1979500
2022-01-07,2660839806,247313146,257563913,9511554,1204100,2318300
2022-01-10,2635746451,231733397,256826752,7090440,864900,3286014
2022-01-11,2663497221,244261821,216511051,7417109,1299800,973131
2022-01-12,2807232723,377459816,233724314,7480478,1828100,1764731
2022-01-13,2747019748,193465033,253678008,7845978,1086500,721000
2022-01-14,2729724284,176129658,193425122,6429816,434738,1850900
2022-01-17,2782833031,172696469,119587722,5948716,538200,1019300
2022-01-18,2820218353,373353680,335968358,6507278,1649600,1091038
2022-01-19,2773201420,188917668,235934601,5429478,569700,1647500
2022-01-20,2801096087,278300372,250405705,5955484,2207606,1681600
2022-01-21,2793210849,343455071,351340309,6449329,2150600,1656755
2022-01-24,2771492703,202705672,224423818,4958629,742400,2233100
2022-01-25,2752767658,270827683,289552728,4464295,1160900,1655234
2022-01-26,2710722414,142214089,184259333,3751078,886800,1600017
2022-01-27,2657396273,156977048,210170339,3436700,547800,862178
2022-01-28,2611422468,165399572,211373377,2188900,337400,1585200
2022-02-07,2628678421,173776967,156393176,2849100,976700,316500
2022-02-08,2607959029,184546823,205266215,3086800,629400,391700
2022-02-09,2540080628,163091283,230969684,3125200,910100,871700
2022-02-10,2512663388,139102792,166520032,2722500,659100,1061800
2022-02-11,2536095787,215283642,191851243,2779200,377000,320300
2022-02-14,2638294541,242203403,140004649,3012400,577900,344700
2022-02-15,2577752921,153739252,214280872,3353900,1063300,721800
2022-02-16,2573522560,105850295,110080656,3171200,517800,700500
2022-02-17,2578840469,133790654,128472745,3362557,868657,677300
2022-02-18,2601941405,148462417,125361481,2786548,695800,1271809
2022-02-21,2608820377,88868210,81989238,2739348,530900,578100
2022-02-22,2587104028,84711663,106428012,2866396,873748,746700
2022-02-23,2530724211,159976490,216356307,2452800,297000,710596
2022-02-24,2495690329,293214363,328248245,2444400,727900,736300
2022-02-25,2480966630,252163466,266887165,2733215,1162015,873200
2022-02-28,2430573026,241906599,292300203,2702515,1218500,1249200
2022-03-01,2441485738,197774700,186861988,2709415,899600,892700
2022-03-02,2440981792,182139975,182643921,2344715,773300,1138000
2022-03-03,2470850339,190499702,160631155,2465361,738046,617400
2022-03-04,2415742218,140769287,195877408,2517957,877900,825304
2022-03-07,2463949213,200598756,152391761,2216406,907649,1209200
2022-03-08,2479993438,195421630,179377405,2149310,1015500,1082596
2022-03-09,2466076931,226630217,240546724,2011100,727200,865410
2022-03-10,2424169945,236858232,278667842,1909400,590600,692300
2022-03-11,2348204275,133508791,209474461,2491375,1756175,1174200
2022-03-14,2335186458,136180254,149198071,2715723,1724523,1500175
2022-03-15,2248214107,195492641,282464992,2488123,1628900,1856500
2022-03-16,2222213514,181853798,207854391,2853553,2049529,1684099
2022-03-17,2243301812,197590091,176501793,2833109,1133056,1153500
2022-03-18,2176730757,90483966,157055021,4305442,3047648,1575315
2022-03-21,2155975370,68436350,89191737,4362457,1290800,1233785
2022-03-22,2186121284,104418057,74272143,3130594,1155337,2387200
2022-03-23,2237196753,159260830,108164913,3167848,1034239,996985
2022-03-24,2235314133,99730802,101613422,2555171,664700,1277377
2022-03-25,2194963212,96646927,136997848,2469271,1088800,1174700
2022-03-28,2215776150,81678999,60866061,2456971,931300,943600
2022-03-29,2207603461,49990514,58163203,2571971,491800,376800
2022-03-30,2219714671,90647673,78536463,3466771,1066700,171900
2022-03-31,2191606297,95764185,123872559,2247700,98800,1317871
2022-04-01,2198990062,81724139,74340374,2066100,391100,572700
2022-04-06,2192954709,106616400,112651753,1873100,324600,517600
2022-04-07,2171056259,72801665,94700115,2168400,519500,224200
2022-04-08,2141603296,71489232,100942195,1994700,445200,618900
2022-04-11,2130248786,88135599,99490109,2418200,928500,505000
2022-04-12,2148471428,114383288,96160646,2358100,561000,621100
2022-04-13,2187477287,119349972,80344113,3638200,1813500,533400
2022-04-14,2194285191,170185580,163377676,3540600,980200,1077800
2022-04-15,2173008295,120565962,141842858,3087300,860300,1313600
2022-04-18,2200894066,130889966,103004195,3687500,1497900,897700
2022-04-19,2188623757,64908138,77178447,3597300,1094900,1185100
2022-04-20,2161493050,54367850,81498557,4033000,1404600,968900
2022-04-21,2155205785,81123071,87410336,3886170,1473870,1620700
2022-04-22,2120908274,65608052,99905563,3870650,1513580,1529100
2022-04-25,2117873111,85986902,89022065,3477680,1255000,1647970
2022-04-26,2090968903,84946286,111850494,3073648,1005668,1409700
2022-04-27,2109562682,108048190,89454411,3933311,1748725,889062
2022-04-28,2080740764,176257254,205079172,3402081,854000,1385230
2022-04-29,2089514928,225767880,216993716,3228800,1167000,1340281
2022-05-05,2097139292,115910676,108286312,3155627,659127,732300
2022-05-06,1986041035,62990266,174088523,2801927,587100,940800
2022-05-09,1987295849,51584579,50329765,3495873,990446,296500
2022-05-10,1997828014,124091723,113559558,4001200,1402200,896873
2022-05-11,1958065540,127050472,166812946,3844600,1312900,1469500
2022-05-12,1962977663,103638144,98726021,3725591,869691,988700
2022-05-13,1945905571,43543185,60839400,3587691,1488200,1626100
2022-05-16,1933824829,73283559,85364301,3948891,771300,410100
2022-05-17,1959905532,78650819,53245097,3706591,215900,458200
2022-05-18,1938483205,80397451,101819778,3847491,851800,710900
2022-05-19,1929248287,118043343,127278261,3146190,942890,1644191
2022-05-20,1922983849,149016459,155280897,2701900,337200,781490
2022-05-23,1933573267,91430176,80840758,2851500,300700,151100
2022-05-24,1959135253,116404437,90842451,2942400,485700,394800
2022-05-25,1939654361,82668829,102149721,2637800,570900,875500
2022-05-26,1929598586,108145597,118201372,2421163,627600,844237
2022-05-27,1912848353,55788695,72538928,2183363,221100,458900
2022-05-30,1950503300,92452919,54797972,2363563,406800,226600
2022-05-31,1956940030,91446207,85009477,2498600,647000,511963
2022-06-01,1955792514,93834007,94981523,2794200,571500,275900
2022-06-02,1931933720,86274328,110133122,2557300,183100,420000
2022-06-06,1969112479,133821607,96642848,2198900,152500,510900
2022-06-07,2031802294,191834934,129145119,1780600,265500,683800
2022-06-08,1967390017,74114822,138527099,1803100,71500,49000
2022-06-09,1932055746,95977496,131396923,1864300,199200,138000
2022-06-10,1891812975,79108808,119351579,1596200,127900,396000
2022-06-13,1928191631,119898062,83519406,1640300,337400,293300
2022-06-14,1880157927,122182866,170216570,1677700,450100,412700
2022-06-15,1889563571,144221533,134815889,1537300,98500,238900
2022-06-16,1897459757,92155292,84259106,1797600,468600,208300
2022-06-17,1872452593,88353824,113360988,1843900,393800,347500
2022-06-20,1854405053,108458912,126506452,1855858,417458,405500
2022-06-21,1841018374,109137048,122523727,1638958,130600,347500
