日期,融资余额,融资买入额,融资偿还额,融资净买入,融券余量,融券卖出量,融券偿还量,融券净卖出,融资融券余额
2021-01-26,179.74亿,6.80亿,5.45亿,1.35亿,161.39,3.81,1.28,2.53,214.31亿
2021-01-25,178.39亿,11.24亿,11.15亿,935.58万,158.86,2.57,10.9,-8.33,212.95亿
2021-01-22,178.42亿,6.33亿,10.02亿,-3.69亿,167.19,2.13,1.49,0.64,213.19亿
2021-01-21,182.12亿,6.56亿,8.20亿,-1.64亿,166.56,0.56,1.1,-0.54,216.60亿
2021-01-20,183.76亿,10.58亿,10.56亿,130.33万,167.1,3.15,2.22,0.93,217.86亿
2021-01-19,183.75亿,14.44亿,12.07亿,2.37亿,166.16,1.95,3.85,-1.9,217.14亿
2021-01-18,181.38亿,10.01亿,8.90亿,1.10亿,168.06,2.99,4.66,-1.67,216.05亿
2021-01-15,180.27亿,15.36亿,15.85亿,-4889.23万,169.73,3.62,2.37,1.25,215.61亿
2021-01-14,180.76亿,8.60亿,10.86亿,-2.26亿,168.49,0.63,3.78,-3.15,216.72亿
2021-01-13,182.96亿,8.44亿,8.30亿,1375.62万,171.64,1.3,4.85,-3.55,220.11亿
2021-01-12,182.83亿,13.70亿,8.34亿,5.36亿,175.19,4.65,6.0,-1.35,220.68亿
2021-01-11,177.47亿,13.72亿,11.84亿,1.88亿,176.54,2.89,2.25,0.64,214.54亿
2021-01-08,175.61亿,16.74亿,14.89亿,1.85亿,175.89,8.85,4.07,4.77,212.37亿
2021-01-07,173.76亿,9.28亿,8.22亿,1.06亿,171.12,8.78,7.84,0.94,210.38亿
2021-01-06,172.58亿,11.31亿,11.97亿,-6566.64万,168.82,2.04,2.82,-0.78,208.03亿
2021-01-05,173.23亿,13.03亿,13.95亿,-9177.38万,169.6,4.83,14.66,-9.83,208.16亿
2021-01-04,173.94亿,11.12亿,9.16亿,1.96亿,179.43,0.89,6.11,-5.22,209.78亿
2020-12-31,171.99亿,8.79亿,11.13亿,-2.33亿,184.66,11.27,3.18,8.09,208.88亿
2020-12-30,174.32亿,12.31亿,9.75亿,2.56亿,176.56,5.86,8.71,-2.85,208.45亿
2020-12-29,171.77亿,3.83亿,3.69亿,1417.09万,179.42,7.31,2.9,4.41,205.27亿
2020-12-28,171.63亿,6.75亿,8.13亿,-1.38亿,175.01,3.41,0.79,2.62,204.41亿
2020-12-25,173.01亿,4.27亿,6.90亿,-2.62亿,172.39,2.32,3.27,-0.95,204.56亿
2020-12-24,175.64亿,8.39亿,9.43亿,-1.04亿,173.34,4.97,3.52,1.45,207.36亿
2020-12-23,176.68亿,11.85亿,13.04亿,-1.20亿,171.9,1.67,2.81,-1.14,208.33亿
2020-12-22,177.87亿,10.64亿,10.74亿,-1009.75万,173.04,3.13,2.44,0.69,210.42亿
2020-12-21,177.98亿,5.38亿,7.62亿,-2.24亿,172.35,4.86,1.51,3.35,209.73亿
2020-12-18,180.21亿,5.10亿,6.13亿,-1.04亿,169.0,2.81,3.22,-0.41,211.39亿
2020-12-17,181.25亿,9.31亿,9.67亿,-3599.69万,169.41,4.26,0.66,3.6,212.85亿
2020-12-16,181.61亿,5.89亿,6.96亿,-1.07亿,165.81,0.7,0.4,0.3,212.12亿
2020-12-15,182.68亿,5.57亿,9.13亿,-3.56亿,165.51,1.78,2.93,-1.15,212.74亿
2020-12-14,186.24亿,6.42亿,5.30亿,1.11亿,166.65,2.0,1.44,0.56,216.72亿
2020-12-11,185.13亿,5.81亿,6.44亿,-6255.03万,166.09,6.0,6.83,-0.83,215.35亿
2020-12-10,185.75亿,10.24亿,7.38亿,2.86亿,166.92,7.74,4.25,3.49,216.35亿
2020-12-09,182.89亿,6.17亿,7.13亿,-9593.25万,163.43,0.05,4.33,-4.28,212.96亿
2020-12-08,183.85亿,16.40亿,10.39亿,6.01亿,167.71,4.68,0.7,3.98,214.87亿
2020-12-07,177.84亿,11.62亿,15.30亿,-3.68亿,163.73,2.26,0.3,1.96,207.51亿
2020-12-04,181.52亿,14.24亿,11.52亿,2.72亿,161.77,1.4,6.24,-4.84,210.52亿
2020-12-03,178.80亿,5.53亿,5.00亿,5264.19万,166.61,7.4,4.63,2.77,207.94亿
2020-12-02,178.60亿,3.66亿,5.19亿,-1.53亿,163.84,5.3,6.96,-1.66,207.07亿
2020-12-01,180.13亿,4.65亿,4.35亿,2975.65万,165.5,8.03,4.51,3.51,208.87亿
2020-11-30,179.83亿,5.04亿,5.28亿,-2415.69万,161.98,7.89,0.79,7.1,207.59亿
2020-11-27,180.07亿,4.52亿,4.41亿,1093.11万,154.88,3.27,1.21,2.06,206.99亿
2020-11-26,179.96亿,6.53亿,3.91亿,2.62亿,152.82,7.25,0.27,6.98,206.47亿
2020-11-25,177.34亿,7.27亿,6.09亿,1.18亿,145.84,4.35,1.23,3.12,202.53亿
2020-11-24,176.16亿,7.56亿,8.02亿,-4600.09万,142.72,0.57,3.62,-3.05,201.33亿
2020-11-23,176.62亿,15.80亿,10.03亿,5.77亿,145.77,2.94,6.21,-3.27,202.72亿
2020-11-20,170.90亿,3.09亿,3.57亿,-4808.52万,149.04,3.01,0.55,2.46,196.53亿
2020-11-19,171.38亿,3.72亿,6.21亿,-2.49亿,146.57,1.01,0.81,0.2,196.59亿
2020-11-18,173.87亿,7.61亿,5.61亿,2.00亿,146.37,5.79,2.13,3.66,198.66亿
2020-11-17,171.88亿,5.19亿,4.87亿,3213.64万,142.72,4.95,0.54,4.41,196.36亿
2021-01-27,181.17亿,10.24亿,8.81亿,1.42亿,159.61,2.86,4.64,-1.78,214.51亿
2021-03-08,219.82亿,17.14亿,14.45亿,2.69亿,150.63,2.68,3.47,-0.79,249.35亿
2021-03-05,217.13亿,13.90亿,17.62亿,-3.73亿,151.42,3.47,3.79,-0.32,248.33亿
2021-03-04,220.86亿,19.52亿,16.97亿,2.55亿,151.74,3.58,5.0,-1.42,251.71亿
2021-03-03,218.31亿,10.07亿,12.81亿,-2.73亿,153.16,4.49,2.36,2.13,251.08亿
2021-03-02,221.04亿,21.79亿,18.39亿,3.40亿,151.03,1.71,8.74,-7.03,252.13亿
2021-03-01,217.64亿,10.77亿,12.32亿,-1.55亿,158.06,6.67,4.31,2.36,251.75亿
2021-02-26,219.19亿,21.07亿,19.31亿,1.77亿,155.7,1.68,11.38,-9.7,252.24亿
2021-02-25,217.42亿,18.60亿,14.82亿,3.78亿,165.4,8.05,1.43,6.63,252.99亿
2021-02-24,213.61亿,24.93亿,19.52亿,5.41亿,158.78,2.05,2.8,-0.75,248.37亿
2021-02-23,208.20亿,13.10亿,19.36亿,-6.25亿,159.53,2.14,2.45,-0.31,245.00亿
2021-02-22,214.45亿,42.06亿,27.27亿,14.78亿,159.83,2.72,5.31,-2.59,251.02亿
2021-02-19,199.67亿,22.97亿,21.28亿,1.69亿,162.43,3.19,1.83,1.36,239.62亿
2021-02-18,197.98亿,29.75亿,23.10亿,6.65亿,161.06,2.85,4.46,-1.6,237.78亿
2021-02-10,191.32亿,27.52亿,16.90亿,10.62亿,162.66,3.47,7.04,-3.57,233.63亿
2021-02-09,180.70亿,10.60亿,7.99亿,2.61亿,166.23,4.0,2.57,1.43,221.53亿
2021-02-08,178.68亿,10.51亿,10.46亿,496.01万,164.8,0.9,2.27,-1.37,217.71亿
2021-02-05,178.63亿,14.99亿,8.80亿,6.19亿,166.18,4.72,2.64,2.08,217.06亿
2021-02-04,172.44亿,17.77亿,20.27亿,-2.50亿,164.1,6.5,2.87,3.63,210.52亿
2021-02-03,174.94亿,11.08亿,12.39亿,-1.30亿,160.47,2.59,2.16,0.43,210.08亿
2021-02-02,176.24亿,7.07亿,7.05亿,199.49万,160.04,1.36,1.88,-0.52,210.57亿
2021-02-01,176.35亿,7.23亿,5.75亿,1.47亿,160.61,1.24,0.61,0.63,210.23亿
2021-01-29,174.88亿,6.13亿,9.96亿,-3.83亿,159.98,2.64,1.11,1.53,208.73亿
2021-01-28,178.71亿,5.04亿,7.50亿,-2.46亿,158.45,1.13,2.29,-1.16,211.79亿
2021-03-09,220.07亿,19.62亿,19.37亿,2492.47万,151.58,4.7,3.75,0.95,249.43亿
2021-03-10,215.88亿,9.76亿,13.96亿,-4.20亿,152.67,2.49,1.4,1.09,245.95亿
2021-03-11,215.76亿,11.76亿,11.87亿,-1184.93万,153.51,3.85,3.0,0.85,247.20亿
2021-03-16,224.86亿,10.38亿,8.23亿,2.15亿,154.3,6.83,3.5,3.32,255.88亿
2021-03-15,222.71亿,18.02亿,12.16亿,5.86亿,150.97,4.43,3.49,0.94,252.53亿
2021-03-12,216.83亿,10.38亿,9.31亿,1.07亿,150.03,1.83,5.31,-3.48,247.22亿
2021-03-18,221.39亿,6.21亿,9.75亿,-3.54亿,158.19,6.2,2.81,3.39,254.13亿
2021-03-17,224.93亿,6.88亿,6.80亿,753.02万,154.8,4.26,3.76,0.5,256.36亿
2021-03-22,221.90亿,9.82亿,10.95亿,-1.13亿,155.51,3.21,3.41,-0.2,252.85亿
2021-03-19,223.03亿,10.77亿,9.14亿,1.64亿,155.72,2.57,5.04,-2.47,254.33亿
2021-03-24,218.87亿,3.52亿,5.24亿,-1.73亿,157.82,5.13,2.44,2.7,250.26亿
2021-03-23,220.59亿,4.40亿,5.71亿,-1.31亿,155.12,3.1,3.49,-0.39,251.56亿
2021-03-30,220.49亿,6.64亿,6.56亿,800.74万,154.88,2.95,7.87,-4.92,252.33亿
2021-03-29,220.41亿,10.44亿,11.37亿,-9329.38万,159.8,6.6,3.35,3.25,252.91亿
2021-03-26,221.34亿,10.06亿,7.18亿,2.88亿,156.55,3.42,4.61,-1.19,252.85亿
2021-03-25,218.46亿,6.49亿,6.89亿,-4050.92万,157.74,2.63,2.71,-0.08,249.55亿
2021-04-09,224.85亿,7.36亿,9.19亿,-1.83亿,147.46,1.47,4.84,-3.37,254.63亿
2021-04-08,226.70亿,7.80亿,6.61亿,1.19亿,150.83,2.16,6.0,-3.84,257.93亿
2021-04-07,225.52亿,12.27亿,8.49亿,3.78亿,154.68,4.33,2.15,2.18,257.40亿
2021-04-06,221.74亿,11.54亿,6.34亿,5.20亿,152.5,1.39,3.88,-2.49,254.16亿
2021-04-02,216.54亿,9.16亿,13.93亿,-4.78亿,154.99,4.06,2.61,1.45,250.05亿
2021-04-01,221.32亿,7.16亿,10.00亿,-2.84亿,153.54,2.14,2.87,-0.73,252.71亿
2021-03-31,224.16亿,11.79亿,8.11亿,3.68亿,154.27,3.67,4.28,-0.61,255.15亿
2021-04-13,223.30亿,5.89亿,9.62亿,-3.73亿,145.53,2.81,2.04,0.77,252.71亿
2021-04-12,227.03亿,7.42亿,5.24亿,2.18亿,144.76,2.52,5.23,-2.71,256.11亿
2021-04-20,217.03亿,7.06亿,8.43亿,-1.37亿,145.67,2.14,4.52,-2.38,247.54亿
2021-04-19,218.40亿,6.75亿,9.29亿,-2.53亿,148.05,2.52,1.13,1.39,249.31亿
2021-04-16,220.93亿,7.58亿,8.82亿,-1.24亿,146.66,3.15,1.23,1.92,251.07亿
2021-04-15,222.17亿,7.35亿,8.68亿,-1.33亿,144.74,2.67,5.2,-2.53,251.35亿
2021-04-14,223.50亿,6.12亿,5.91亿,2080.49万,147.27,3.37,1.63,1.74,253.65亿
2021-05-31,225.44亿,11.26亿,7.10亿,4.16亿,127.75,1.11,1.69,-0.58,253.78亿
2021-05-28,221.29亿,7.34亿,7.64亿,-3032.90万,128.33,1.37,3.03,-1.66,249.90亿
2021-05-27,221.59亿,14.51亿,13.29亿,1.22亿,130.0,2.94,2.56,0.38,250.77亿
2021-05-26,220.36亿,11.19亿,7.75亿,3.44亿,129.62,2.73,3.28,-0.55,249.14亿
2021-05-25,216.93亿,10.72亿,18.30亿,-7.58亿,130.17,4.14,2.71,1.43,245.49亿
2021-05-24,224.50亿,6.25亿,8.89亿,-2.65亿,128.74,1.84,6.77,-4.93,251.17亿
2021-05-21,227.15亿,4.99亿,6.47亿,-1.49亿,133.67,1.48,1.5,-0.02,254.45亿
2021-05-20,228.63亿,4.49亿,5.08亿,-5925.39万,133.69,1.5,1.86,-0.36,256.16亿
2021-05-19,229.23亿,5.91亿,8.40亿,-2.50亿,134.05,2.0,1.14,0.86,256.69亿
2021-05-18,231.72亿,6.01亿,5.09亿,9162.88万,133.2,1.17,1.98,-0.81,259.15亿
2021-05-17,230.81亿,7.36亿,11.28亿,-3.92亿,134.01,3.67,4.04,-0.37,258.39亿
2021-05-14,234.73亿,5.89亿,8.59亿,-2.70亿,134.38,2.5,1.44,1.06,261.74亿
2021-05-13,237.42亿,4.69亿,4.93亿,-2369.24万,133.32,5.0,2.91,2.09,263.71亿
2021-05-12,237.66亿,4.29亿,6.54亿,-2.24亿,131.23,4.44,2.4,2.04,263.70亿
2021-05-11,239.91亿,5.68亿,10.64亿,-4.96亿,129.19,3.32,3.52,-0.2,265.21亿
2021-05-10,244.86亿,9.35亿,7.22亿,2.12亿,129.39,2.03,4.76,-2.73,269.18亿
2021-05-07,242.74亿,11.76亿,8.28亿,3.49亿,132.12,2.4,1.77,0.63,267.88亿
2021-05-06,239.25亿,12.36亿,7.66亿,4.70亿,131.49,2.48,4.25,-1.76,265.01亿
2021-04-30,234.55亿,7.29亿,6.71亿,5807.13万,133.25,1.87,7.32,-5.45,261.29亿
2021-04-29,233.97亿,10.27亿,10.54亿,-2704.64万,138.7,1.69,2.52,-0.83,262.07亿
2021-04-28,234.24亿,25.46亿,16.96亿,8.50亿,139.53,3.22,6.46,-3.24,262.73亿
2021-04-27,225.74亿,9.32亿,4.93亿,4.39亿,142.77,1.4,1.97,-0.57,255.64亿
2021-04-26,221.34亿,8.51亿,7.70亿,8062.73万,143.34,3.32,6.38,-3.06,251.12亿
2021-04-23,220.54亿,9.10亿,9.92亿,-8227.69万,146.39,4.42,2.9,1.52,251.41亿
2021-04-22,221.36亿,8.58亿,6.25亿,2.33亿,144.88,1.9,3.07,-1.17,251.14亿
2021-04-21,219.03亿,9.20亿,7.20亿,2.00亿,146.05,2.87,2.49,0.38,249.41亿
2021-06-10,219.48亿,5.18亿,7.39亿,-2.21亿,122.87,1.19,1.46,-0.27,246.98亿
2021-06-09,221.69亿,7.12亿,7.32亿,-1952.03万,123.13,2.23,2.94,-0.71,248.77亿
2021-06-08,221.88亿,14.92亿,15.66亿,-7379.34万,123.84,2.25,2.72,-0.47,249.02亿
2021-06-07,222.62亿,7.23亿,4.94亿,2.29亿,124.31,1.17,2.36,-1.19,250.85亿
2021-06-04,220.33亿,8.56亿,11.74亿,-3.18亿,125.50,1.22,1.87,-0.65,248.59亿
2021-06-03,223.51亿,5.85亿,6.41亿,-5597.60万,126.15,1.01,1.13,-0.12,251.54亿
2021-06-02,224.07亿,4.92亿,5.95亿,-1.03亿,126.27,0.64,0.94,-0.30,252.13亿
2021-06-01,225.10亿,5.91亿,6.26亿,-3472.14万,126.57,1.68,2.86,-1.18,253.46亿
