日期,融资余额(元),融资买入额(元),融资偿还额(元),融券余量,融券卖出量,融券偿还量
2020-07-07,76776157,93892249,17116092,1651423,1651423,0
2020-07-08,130819262,122603589,72529977,908573,131002,873852
2020-07-09,126273085,72924439,77470616,1016130,352273,244716
2020-07-10,129764712,45962936,42471309,907362,213615,322383
2020-07-13,158776091,84147353,55135974,1135998,529067,300431
2020-07-14,169277757,71498397,60996731,924716,365211,576493
2020-07-15,194000042,100020637,75298352,1016108,402301,310909
2020-07-16,177596712,57687167,74159255,928194,323825,411739
2020-07-17,164826088,42548376,55319000,1026581,383672,285285
2020-07-20,181400304,55944693,39370477,978214,327575,375942
2020-07-21,193900514,80401324,67901114,1257541,623122,343795
2020-07-22,203976507,60043946,49967953,1026687,375602,606456
2020-07-23,218178843,71835872,57633536,974013,362045,414719
2020-07-24,215610187,47724299,50292955,995873,356412,334552
2020-07-27,210619337,36397817,41388667,1050464,306537,251946
2020-07-28,210592801,40859464,40886000,1039324,309718,320858
2020-07-29,218450970,52915870,45057701,923111,236056,352269
2020-07-30,217478331,32307081,33279720,895406,148501,176206
2020-07-31,215004623,31224432,33698140,697055,175906,374257
2020-08-03,210639672,23545372,27910323,118893,10800,588962
2020-08-04,218236467,47997778,40400983,169481,63388,12800
2020-08-05,222952632,34470955,29755048,181347,11959,93
2020-08-06,229969469,29823601,22806764,214651,38430,5126
2020-08-07,233224063,22040112,18785518,786947,586106,13810
2020-08-10,236619626,33802840,32252925,791572,22198,17573
2020-08-11,232133572,13406680,17892734,764621,10700,37651
2020-08-12,219123118,13663948,26674402,776679,23751,11693
2020-08-13,211136696,5054616,13041038,775053,7869,9495
2020-08-14,200671520,4457582,14922758,792035,34152,17170
2020-08-17,194825997,5407900,11253423,788268,6700,10467
2020-08-18,193936239,11760314,12668112,787481,11738,12525
2020-08-19,193012523,5716892,6640608,812867,34057,8671
2020-08-20,184062468,5196415,14146470,1104573,307314,15608
2020-08-21,166189443,4031143,22371746,1175776,82816,11613
2020-08-24,162596355,4989949,8583037,1181727,14537,8586
2020-08-25,161010740,15077401,16663016,1124326,13344,70745
2020-08-26,163210941,20306936,18106735,1130853,28827,22300
2020-08-27,165516336,14524933,12219538,1115742,22701,37812
2020-08-28,166719733,10733652,9530255,1197059,89800,8483
2020-08-31,169871461,12483710,9331982,934553,18593,281099
2020-09-01,165563798,3651748,7992081,895752,12602,48504
2020-09-02,160125782,4782169,10220185,922585,37833,11000
2020-09-03,145192901,14095076,29027957,378655,60013,603943
2020-09-04,153730533,26616057,18078425,544440,209180,43395
2020-09-07,157342002,28867788,25256319,567732,59108,35816
2020-09-08,149649080,17535565,25228487,578703,44879,33908
2020-09-09,144423915,11990011,17215176,597352,57447,38798
2020-09-10,145436013,13613140,12601042,583626,33671,47397
2020-09-11,144081622,14278454,15632845,587839,40241,36028
2020-09-14,141444462,6460358,9097518,566287,8577,30129
2020-09-15,141832584,8867603,8479481,575697,39007,31270
2020-09-16,139376119,9651388,12107853,585442,55520,45775
2020-09-17,146004610,30270731,23642240,523082,60085,122445
2020-09-18,139687982,12154506,18471134,523504,39436,39014
2020-09-21,134511803,5573399,10749578,531466,45899,37937
2020-09-22,135557266,7049925,6049973,526752,33875,38589
2020-09-23,138181526,7104665,4480405,526753,33815,33814
2020-09-24,135009933,3389300,6560893,510814,17904,33843
2020-09-25,135180283,4304754,4134404,431237,20151,99728
2020-09-28,132729036,2440467,4891714,370588,20551,81200
2020-09-29,130166111,3176630,5739555,329432,13714,54870
2020-09-30,126786728,2691024,6070407,294095,16200,51537
2020-10-09,129113990,4125506,1798244,301717,23822,16200
2020-10-12,130627365,7134379,5621004,322485,44569,23801
2020-10-13,133681754,8274600,5220211,320777,43588,45296
2020-10-14,133964460,6156550,5873844,316059,31346,36064
2020-10-15,129044084,4281790,9202166,320076,32460,28443
2020-10-16,129584496,3291611,2751199,333682,42228,28622
2020-10-19,136532132,11806691,4859055,336059,43044,40667
2020-10-20,138103839,5520634,3948927,336121,38624,38562
2020-10-21,137992063,6143607,6255383,339835,39702,35988
2020-10-22,140369860,4286633,1908836,329953,26234,36116
2020-10-23,137209639,6264279,9424500,341733,43966,32186
2020-10-26,137452176,3196346,2953809,323306,18185,36612
2020-10-27,135884979,2839904,4407101,322969,17686,18023
2020-10-28,136447921,10644161,10081219,350102,50464,23331
2020-10-29,133933653,1408398,3922666,344241,33913,39774
2020-10-30,125724034,3324141,11533760,355991,48161,36411
2020-11-02,124372737,4042375,5393672,354509,39737,41219
2020-11-03,124938306,5656202,5090633,324935,16432,46006
2020-11-04,122697774,3831891,6072423,331705,47511,40741
2020-11-05,122554903,4338530,4481401,335252,40810,37263
2020-11-06,122623244,3826377,3758036,321311,25843,39784
2020-11-09,124153954,8373713,6843003,323037,36552,34826
2020-11-10,123630774,4681491,5204671,320134,29952,32855
2020-11-11,122084749,2625212,4171237,319607,36347,36874
2020-11-12,123679725,4800860,3205884,299624,3832,23815
2020-11-13,122439738,2916067,4156054,313383,18900,5141
2020-11-16,123508904,4219353,3150187,326267,32414,19530
2020-11-17,122568560,4100921,5041265,332939,49697,43025
2020-11-18,124343250,4824940,3050250,327654,42835,48120
2020-11-19,126547182,5221205,3017273,319354,25434,33734
2020-11-20,127556935,4258192,3248439,325118,32826,27062
2020-11-23,129298923,6348866,4483368,319019,25455,31554
2020-11-24,129302697,9115473,9111699,333837,56846,42028
2020-11-25,132307989,8171063,5165771,325165,52571,61243
2020-11-26,128920523,4384697,7772163,325776,45484,44873
2020-11-27,124477641,3247704,7690586,315185,28909,39500
2020-11-30,124822721,5970019,5624939,338130,64454,41509
2020-12-01,121810092,1626219,4638848,306807,24924,56247
2020-12-02,120192122,1694695,3312665,332893,50222,24136
2020-12-03,119301670,2526950,4003287,319688,46971,60176
2020-12-04,119918053,2318426,1702043,277987,27121,68822
2020-12-07,118734134,1306884,2490803,299477,48024,26534
2020-12-08,118399188,2424278,2759224,297469,34971,36979
2020-12-09,115383681,1991882,5007389,298795,29679,28353
2020-12-10,114032323,453519,1804877,312558,32088,18325
2020-12-11,112977567,1642649,2697405,307941,55955,60572
2020-12-14,113145918,858226,689875,287225,19678,40394
2020-12-15,112197400,1140578,2089096,301912,31443,16756
2020-12-16,112893332,2493031,1797099,271860,29537,59589
2020-12-17,116149955,6745808,3489185,292654,49744,28950
2020-12-18,112775174,2058436,5433217,254227,10365,48792
2020-12-21,110175137,861290,3461327,204934,43873,93166
2020-12-22,109291047,1324612,2208702,261927,97854,40861
2020-12-23,106508284,1491507,4274270,272883,43963,33007
2020-12-24,109467177,4393359,1434466,252745,47579,67717
2020-12-25,108092721,1434148,2808604,253208,45531,45068
2020-12-28,107526035,1959001,2525687,247397,47228,53039
2020-12-29,107686633,2929106,2768508,266202,54955,36150
2020-12-30,92966251,1484074,16197354,251962,31704,45944
2020-12-31,91552224,2116251,3530278,250728,30429,31663
2021-01-04,92422866,4434779,3564137,235149,15000,30579
2021-01-05,89814014,9319526,12064448,309644,89527,15032
2021-01-06,94110579,10720706,6424141,399551,170738,80831
2021-01-07,97504700,15998543,12476848,607860,346998,138689
2021-01-08,99024767,7401196,5881129,492193,50962,166629
2021-01-11,99320581,9492363,9148564,488612,55314,58895
2021-01-12,98286724,2746220,3780077,450477,40045,78180
2021-01-13,96413576,6514588,8387736,459091,39892,31278
2021-01-14,100094182,7568378,3955979,508734,90333,40690
2021-01-15,97054317,3535413,6575278,534874,109369,83229
2021-01-18,97039997,5711759,5726079,456548,108367,186693
2021-01-19,98598995,5949756,4390758,410739,43561,89370
2021-01-20,98019942,1795170,2374223,380771,19406,49374
2021-01-21,95633455,4588012,6974499,457750,96977,19998
2021-01-22,95018218,3752077,4323444,398821,32773,91702
2021-01-25,93414456,3099039,4702801,406990,43838,35669
2021-01-26,98749938,9464570,4129088,445264,76452,38178
2021-01-27,99498554,5989587,5240971,411111,42529,76682
2021-01-28,97491189,1081496,3088861,393322,69532,87321
2021-01-29,94600140,4768960,7660009,354909,68444,106857
2021-02-01,93404291,783663,1979512,339284,19328,34953
2021-02-02,93561974,3121659,1306068,373367,91631,57548
2021-02-03,93904296,3685376,3343054,326414,24686,71639
2021-02-04,92305440,552043,2150899,399223,113230,40421
2021-02-05,91633391,931073,1603122,365915,9453,42761
2021-02-08,92229177,2064802,1469016,381163,27195,11947
2021-02-09,90871976,1794939,2423201,376553,102800,107410
2021-02-10,88912502,3354193,5313667,357016,36901,56438
2021-02-18,88519429,1655477,2048550,347274,23477,33219
2021-02-19,89444334,2176274,1251369,349642,21407,19039
2021-02-22,88795869,3390583,4039048,363689,37033,22986
2021-02-23,87441552,771185,2125502,360593,34367,37463
2021-02-24,86857929,2207816,2791439,329820,57259,88032
2021-02-25,86288596,1583148,2152481,339664,79871,70027
2021-02-26,86126994,1558375,1719977,350740,89671,78595
2021-03-01,85494029,188668,821633,373577,55594,32757
2021-03-02,86270590,1444085,667524,381297,65662,57942
2021-03-03,86240973,1168315,1197932,429503,63222,15016
2021-03-04,86711627,2039752,1569098,530591,130456,29368
2021-03-05,86625001,1188786,1275412,450606,60245,140230
2021-03-08,86673335,1660702,1612368,477621,72624,45609
2021-03-09,87155776,2900734,2418293,539249,113455,51827
2021-03-10,87561540,1241437,835673,541184,42749,40814
2021-03-11,88932608,2830457,1459389,562734,56587,35037
2021-03-12,88263837,2595324,3264095,574970,73251,61015
2021-03-15,87651758,646472,1258551,572466,47783,50287
2021-03-16,87217950,985747,1419555,776672,266787,62581
2021-03-17,84841799,1011050,3387201,794315,34691,17048
2021-03-18,84667466,6443443,6617776,726655,66114,133774
2021-03-19,83867372,1556139,2356233,735530,52869,43994
2021-03-22,83929802,971326,908896,742173,17786,11143
2021-03-23,85122383,2539394,1346813,822209,93967,13931
2021-03-24,84934067,1090231,1278547,752427,18679,88461
2021-03-25,84736217,182530,380380,741324,6515,17618
2021-03-26,84845510,877485,768192,730973,71946,82297
2021-03-29,84772442,842517,915585,701767,32357,61563
2021-03-30,86264825,2170413,678030,764901,104263,41129
2021-03-31,85537617,280612,1007820,779505,27663,13059
2021-04-01,83433596,1162857,3266878,773376,29433,35562
2021-04-02,84334882,2675809,1774523,771796,50983,52563
2021-04-06,86603895,3074779,805766,811987,47429,7238
2021-04-07,85940798,574359,1237456,797880,3500,17607
2021-04-08,84280611,1277069,2937256,809150,15370,4100
2021-04-09,84173423,695071,802259,795575,2795,16370
2021-04-12,84732456,1737749,1178716,737536,18400,76439
2021-04-13,80848096,239128,4123488,732180,4800,10156
2021-04-14,80851222,1088946,1085820,733221,5898,4857
2021-04-15,81217575,925347,558994,722078,31700,42843
2021-04-16,80261498,1965887,2921964,743258,40032,18852
2021-04-19,80998517,3249728,2512709,729326,11617,25549
2021-04-20,80721955,1040591,1317153,735523,20604,14407
2021-04-21,80713877,1408098,1416176,728775,3294,10042
2021-04-22,80078460,2650784,3286201,723091,10500,16184
2021-04-23,80706010,1614899,987349,723238,19483,19336
2021-04-26,80221590,2171874,2656294,677552,32598,78284
2021-04-27,80392810,1077157,905937,668436,4317,13433
2021-04-28,80099753,1956201,2249258,682173,22831,9094
2021-04-29,80402694,2054175,1751234,690887,40483,31769
2021-04-30,78840217,933041,2495518,694505,28574,24956
2021-05-06,78959814,1944196,1824599,680825,19171,32851
2021-05-07,78770257,948960,1138517,680560,10655,10920
2021-05-10,77849616,654749,1575390,675519,25494,30535
2021-05-11,78087099,1336966,1099483,720005,73151,28665
2021-05-12,78475691,1597075,1208483,819838,117502,17669
2021-05-13,79948765,3210430,1737356,837922,25777,7693
2021-05-14,79174641,1022396,1796520,826852,10829,21899
2021-05-17,77893716,1407633,2688558,825478,17871,19245
2021-05-18,77972124,6653145,6574737,601803,25200,248875
2021-05-19,79878124,5735693,3829693,598275,16462,19990
2021-05-20,77882873,2731617,4726868,599596,15032,13711
2021-05-21,78931282,2750840,1702431,603458,13911,10049
2021-05-24,78448834,1453806,1936254,598826,9238,13870
2021-05-25,80483607,6243462,4208689,601594,14594,11826
2021-05-26,80382518,939013,1040102,557435,5500,49659
2021-05-27,82627010,7207920,4963428,577896,23375,2914
2021-05-28,80668185,4106203,6065028,559343,500,19053
2021-05-31,79656713,9332071,10343543,577786,23173,4730
2021-06-01,81787831,7251389,5120271,508002,6402,76186
2021-06-02,74557851,7267523,14497503,444958,5594,68638
2021-06-03,74235642,5310743,5632952,439821,2778,7915
2021-06-04,74672566,3280865,2843941,304857,2677,137641
2021-06-07,74689924,2036658,2019300,278018,5561,32400
2021-06-08,73604589,2416673,3502008,166230,6970,118758
2021-06-09,72103044,1658669,3160214,162069,4627,8788
2021-06-10,72701915,1668606,1069735,163227,6170,5012
2021-06-11,71710679,1956820,2948056,127434,0,35793
2021-06-15,72510403,1590120,790396,127434,0,0
2021-06-16,72476726,1340150,1373827,130690,3256,0
2021-06-17,74941892,3399915,934749,129097,1200,2793
2021-06-18,74379366,1734766,2297292,110997,2800,20900
2021-06-21,75729039,2850357,1500684,92859,1008,19146
2021-06-22,75240702,2084151,2572488,92259,9000,9600
2021-06-23,77182591,5162503,3220614,83459,200,9000
2021-06-24,79271047,4576818,2488362,80781,4981,7659
2021-06-25,77974981,1763566,3059632,77181,1000,4600
2021-06-28,77458470,1601488,2117999,89478,12297,0
2021-06-29,78620334,1729093,567229,111394,23073,1157
2021-06-30,77788861,2492090,3323563,103491,1500,9403
2021-07-01,77387234,2329795,2731422,90578,12754,25667
2021-07-02,77618559,2565772,2334447,126872,37794,1500
2021-07-05,76277009,835118,2176668,114506,9500,21866
2021-07-06,76560169,3998034,3714874,365246,251240,500
2021-07-07,103955924,34787758,7392003,221643,20542,164145
2021-07-08,111814604,20111928,12253248,201101,0,20542
2021-07-09,118138034,12923936,6600506,201101,0,0
2021-07-12,116386257,7277702,9029479,201101,0,0
2021-07-13,113582993,4336715,7139979,201101,0,0
2021-07-14,114186966,4645031,4041058,201101,0,0
2021-07-15,118662099,12465602,7990469,201101,0,0
2021-07-16,116531256,5432211,7563054,201101,0,0
2021-07-19,115562257,4651242,5620241,201101,0,0
2021-07-20,121333500,7063663,1292420,201101,0,0
2021-07-21,126141641,9401517,4615392,1152414,630655,149600
2021-07-22,125822576,14850005,15169070,1152913,499,0
2021-07-23,130267399,13642744,9197921,1177913,25000,0
2021-07-26,135578312,12743702,7432789,1551949,399036,25000
2021-07-27,141954445,16128772,9752639,1551949,0,0
2021-07-28,141776593,12355516,12533368,1551450,0,499
2021-07-29,148171927,15492215,9096881,1801949,250499,0
2021-07-30,144233999,7317489,11255417,1801450,0,499
2021-08-02,149414353,13639046,8115718,1801450,0,0
2021-08-03,162356974,32340792,19398171,1801650,200,0
2021-08-04,169203613,14457872,7982518,1801450,0,200
2021-08-05,168647370,11097234,11653477,1801450,0,0
2021-08-06,172001134,7177790,3824026,1862250,60800,0
2021-08-09,157930444,4171376,18242066,1862250,0,0
2021-08-10,159633732,7047745,5344457,1862250,0,0
2021-08-11,159531204,11762053,12123308,1862250,0,0
2021-08-12,156718413,4158382,6971173,1862250,0,0
2021-08-13,157233334,17196038,16681117,1862250,0,0
2021-08-16,160274787,18813964,15772511,1862250,0,0
2021-08-17,160139921,17667054,17801920,1862250,0,0
2021-08-18,160827293,8490826,7803454,1862250,0,0
2021-08-19,177447855,28440089,11819527,1862250,0,0
2021-08-20,173721617,13572625,17298863,1862250,0,0
2021-08-23,176945260,20703769,17480126,2111250,250000,1000
2021-08-24,175166744,16204836,17983352,2111250,0,0
2021-08-25,178685159,19678198,16159783,2111250,0,0
2021-08-26,181909936,16675581,13450804,2111250,0,0
2021-08-27,181297441,10008808,10621303,2111250,0,0
2021-08-30,184473435,20712296,17536302,2111250,0,0
2021-08-31,176986974,13625879,21112340,2111250,0,0
2021-09-01,187590672,31144139,20540441,2111250,0,0
2021-09-02,189809278,22900854,20682248,2050450,0,60800
2021-09-03,186817057,12340144,15332365,2050450,0,0
2021-09-06,186093156,13704921,14428822,2050450,0,0
2021-09-07,188974290,12690983,9809849,2050450,0,0
2021-09-08,194197895,13649927,8426322,2059050,8600,0
2021-09-09,197885855,11135400,7447440,2064850,5800,0
2021-09-10,189372038,10047687,18561504,2064850,0,0
2021-09-13,185872833,9295577,12794782,2064850,0,0
2021-09-14,192894300,15838889,8817422,2064850,0,0
2021-09-15,191817397,10203510,11280413,2064850,0,0
2021-09-16,186102841,6490526,12205082,2064850,0,0
2021-09-17,183134199,7029097,9997739,2050450,0,14400
2021-09-22,183792978,4895720,4236941,2050450,0,0
2021-09-23,183284059,4754337,5263256,2050450,0,0
2021-09-24,183834831,6072643,5521871,2050450,0,0
2021-09-27,184885986,4897721,3846566,2050450,0,0
2021-09-28,185665313,2735618,1956291,2050450,0,0
2021-09-29,182868107,2756179,5553385,2050450,0,0
2021-09-30,179024146,1959464,5803425,2050450,0,0
2021-10-08,179283501,2487939,2228584,2050450,0,0
2021-10-11,178642946,7752113,8392668,2050450,0,0
2021-10-12,175012762,2543470,6173654,2050450,0,0
2021-10-13,176329279,3593291,2276774,2050450,0,0
2021-10-14,175952645,2166767,2543401,2050450,0,0
2021-10-15,171548147,5271631,9676129,2050450,0,0
2021-10-18,171176314,4317592,4689425,2050450,0,0
2021-10-19,171287734,2979120,2867700,2050450,0,0
2021-10-20,173042278,3396464,1641920,2050450,0,0
2021-10-21,172691226,3348242,3699294,2050450,0,0
2021-10-22,171309473,4833966,6215719,2050450,0,0
2021-10-25,171832005,1974061,1451529,2050450,0,0
2021-10-26,170667367,1779211,2943849,2050450,0,0
2021-10-27,169506623,1326750,2487494,2050450,0,0
2021-10-28,163081649,5117567,11542541,2050450,0,0
2021-10-29,161076508,1632230,3637371,2050450,0,0
2021-11-01,161205504,2042413,1913417,2050450,0,0
2021-11-02,157142447,1001284,5064341,2050450,0,0
2021-11-03,158476708,3629841,2295580,2050450,0,0
2021-11-04,159335942,4470748,3611514,2050450,0,0
2021-11-05,158753204,4352892,4935630,2050450,0,0
2021-11-08,157699021,874373,1928556,2050450,0,0
2021-11-09,159658043,4085662,2126640,2050450,0,0
2021-11-10,152088990,3421396,10990449,2050450,0,0
2021-11-11,151871232,2497788,2715546,2050450,0,0
2021-11-12,154124164,6639200,4386268,2050450,0,0
2021-11-15,161644007,14398152,6878309,2050450,0,0
2021-11-16,163559395,5020507,3105119,2050450,0,0
2021-11-17,159359942,2501785,6701238,2050450,0,0
2021-11-18,159137212,2802450,3025180,2050450,0,0
2021-11-19,160016564,4545043,3665691,2050450,0,0
2021-11-22,157181266,2776555,5611853,2050450,0,0
2021-11-23,155570053,7106550,8965198,2050450,0,0
2021-11-24,157397122,4293742,2466673,2050450,0,0
2021-11-25,163776687,13506298,7126733,2050450,0,0
2021-11-26,165322882,5541147,3994952,2050450,0,0
2021-11-29,159583209,3751578,9491251,2050450,0,0
2021-11-30,157787692,2602381,4397898,2050450,0,0
2021-12-01,158484807,4033819,3336704,2050450,0,0
2021-12-02,156028711,1233257,3689353,2050450,0,0
2021-12-03,152013637,1235476,5250550,2050450,0,0
2021-12-06,151467784,3355667,3901520,2050450,0,0
2021-12-07,150302796,1516245,2681233,2050450,0,0
2021-12-08,153014077,5890776,3179495,2050450,0,0
2021-12-09,152360885,2362944,3016136,2050450,0,0
2021-12-10,154684139,5691744,3368490,2050450,0,0
2021-12-13,154995804,3737159,3425494,2050450,0,0
2021-12-14,152962512,2284413,4317705,2050450,0,0
2021-12-15,154544655,7856478,6274335,2050450,0,0
2021-12-16,157237582,5475681,2899071,2050450,0,0
2021-12-17,157355133,3480903,3363352,2050450,0,0
2021-12-20,157647910,2105190,1812413,2050450,0,0
2021-12-21,159069346,3181596,1950320,2050450,0,0
2021-12-22,159944544,2740106,1864908,2050450,0,0
2021-12-23,159136454,5643072,6451162,2050450,0,0
2021-12-24,162874629,6845392,3107217,2050450,0,0
