1,2020-03-03,1893.29万,167.91万,231.02万,-63.12万,0.00,0.00,0.00,0.00,1893.29万
2,2020-03-02,1956.40万,81.57万,447.92万,-366.35万,0.00,0.00,0.00,0.00,1956.40万
3,2020-02-28,2322.76万,539.20万,250.74万,288.46万,0.00,0.00,0.00,0.00,2322.76万
4,2020-02-27,2034.30万,95.08万,239.38万,-144.30万,0.00,0.00,0.00,0.00,2034.30万
5,2020-02-26,2178.60万,376.10万,375.60万,0.50万,0.00,0.00,0.00,0.00,2178.60万
6,2020-02-25,2178.09万,599.06万,363.04万,236.02万,0.00,0.00,0.00,0.00,2178.09万
7,2020-02-24,1942.07万,302.85万,331.04万,-28.19万,0.00,0.00,0.00,0.00,1942.07万
8,2020-02-21,1970.26万,223.74万,166.36万,57.38万,0.00,0.00,0.00,0.00,1970.26万
9,2020-02-20,1912.88万,179.89万,192.13万,-12.24万,0.00,0.00,0.00,0.00,1912.88万
10,2020-02-19,1925.12万,94.76万,294.33万,-199.57万,0.00,0.00,0.00,0.00,1925.12万
11,2020-02-18,2124.69万,86.71万,152.35万,-65.63万,0.00,0.00,0.00,0.00,2124.69万
12,2020-02-17,2190.33万,254.42万,139.73万,114.68万,0.00,0.00,0.00,0.00,2190.33万
13,2020-02-14,2075.65万,69.58万,173.22万,-103.64万,0.00,0.00,0.00,0.00,2075.65万
14,2020-02-13,2179.28万,151.87万,551.69万,-399.82万,0.00,0.00,0.00,0.00,2179.28万
15,2020-02-12,2579.10万,176.76万,361.50万,-184.73万,0.00,0.00,0.00,0.00,2579.10万
16,2020-02-11,2763.84万,248.63万,306.29万,-57.66万,0.00,0.00,0.00,0.00,2763.84万
17,2020-02-10,2821.50万,415.45万,1078.33万,-662.88万,0.00,0.00,0.00,0.00,2821.50万
18,2020-02-07,3484.39万,1276.28万,830.15万,446.13万,0.00,0.00,0.00,0.00,3484.39万
19,2020-02-06,3038.26万,1042.11万,938.60万,103.52万,0.00,0.00,0.00,0.00,3038.26万
20,2020-02-05,2934.74万,293.32万,793.12万,-499.80万,0.00,0.00,0.00,0.00,2934.74万
21,2020-02-04,3434.55万,936.77万,803.25万,133.52万,0.00,0.00,0.00,0.00,3434.55万
22,2020-02-03,3301.02万,1197.98万,1439.57万,-241.59万,0.00,0.00,0.00,0.00,3301.02万
23,2020-01-23,3542.61万,1014.21万,1419.00万,-404.79万,0.00,0.00,0.00,0.00,3542.61万
24,2020-01-22,3947.40万,1467.48万,665.52万,801.96万,0.00,0.00,0.00,0.00,3947.40万
25,2020-01-21,3145.44万,1036.72万,226.67万,810.05万,0.00,0.00,0.00,0.00,3145.44万
26,2020-01-20,2335.39万,288.39万,183.00万,105.38万,0.00,0.00,0.00,0.00,2335.39万
27,2020-01-17,2230.00万,144.65万,163.47万,-18.83万,0.00,0.00,0.00,0.00,2230.00万
28,2020-01-16,2248.83万,62.18万,106.47万,-44.29万,0.00,0.00,0.00,0.00,2248.83万
29,2020-01-15,2293.12万,126.80万,143.01万,-16.21万,0.00,0.00,0.00,0.00,2293.12万
30,2020-01-14,2309.33万,145.31万,191.46万,-46.15万,0.00,0.00,0.00,0.00,2309.33万
31,2020-01-13,2355.48万,262.13万,108.30万,153.83万,0.00,0.00,0.00,0.00,2355.48万
32,2020-01-10,2201.66万,34.49万,65.49万,-31.00万,0.00,0.00,0.00,0.00,2201.66万
33,2020-01-09,2232.66万,73.93万,91.99万,-18.06万,0.00,0.00,0.00,0.00,2232.66万
34,2020-01-08,2250.71万,73.59万,94.83万,-21.24万,0.00,0.00,0.00,0.00,2250.71万
35,2020-01-07,2271.95万,86.87万,255.85万,-168.98万,0.00,0.00,0.00,0.00,2271.95万
36,2020-01-06,2440.93万,171.27万,152.90万,18.37万,0.00,0.00,0.00,0.00,2440.93万
37,2020-01-03,2422.56万,128.95万,579.12万,-450.17万,0.00,0.00,0.00,0.00,2422.56万
38,2020-01-02,2872.73万,379.30万,115.31万,263.99万,0.00,0.00,0.00,0.00,2872.73万
39,2019-12-31,2608.74万,234.33万,411.81万,-177.48万,0.00,0.00,0.00,0.00,2608.74万
40,2019-12-30,2786.22万,624.34万,74.33万,550.00万,0.00,0.00,0.00,0.00,2786.22万
41,2019-12-27,2236.22万,138.45万,103.27万,35.19万,0.00,0.00,0.00,0.00,2236.22万
42,2019-12-26,2201.03万,56.17万,111.82万,-55.64万,0.00,0.00,0.00,0.00,2201.03万
43,2019-12-25,2256.68万,89.18万,134.43万,-45.25万,0.00,0.00,0.00,0.00,2256.68万
44,2019-12-24,2301.93万,61.77万,50.85万,10.92万,0.00,0.00,0.00,0.00,2301.93万
45,2019-12-23,2291.01万,66.47万,88.68万,-22.21万,0.00,0.00,0.00,0.00,2291.01万
46,2019-12-20,2313.22万,107.59万,145.67万,-38.07万,0.00,0.00,0.00,0.00,2313.22万
47,2019-12-19,2351.29万,51.10万,141.95万,-90.85万,0.00,0.00,0.00,0.00,2351.29万
48,2019-12-18,2442.14万,253.41万,173.21万,80.20万,0.00,0.00,0.00,0.00,2442.14万
49,2019-12-17,2361.94万,395.93万,136.85万,259.08万,0.00,0.00,0.00,0.00,2361.94万
50,2019-12-16,2102.86万,315.00万,85.10万,229.91万,0.00,0.00,0.00,0.00,2102.86万
51,2019-12-13,1872.95万,177.78万,202.24万,-24.46万,0.00,0.00,0.00,0.00,1872.95万
52,2019-12-12,1897.41万,89.43万,50.07万,39.35万,0.00,0.00,0.00,0.00,1897.41万
53,2019-12-11,1858.06万,76.29万,51.08万,25.21万,0.00,0.00,0.00,0.00,1858.06万
54,2019-12-10,1832.84万,71.71万,53.90万,17.80万,0.00,0.00,0.00,0.00,1832.84万
55,2019-12-09,1815.04万,50.15万,64.18万,-14.04万,0.00,0.00,0.00,0.00,1815.04万
56,2019-12-06,1829.08万,49.23万,80.45万,-31.23万,0.00,0.00,0.00,0.00,1829.08万
57,2019-12-05,1860.30万,39.88万,49.25万,-9.36万,0.00,0.00,0.00,0.00,1860.30万
58,2019-12-04,1869.67万,39.00万,74.84万,-35.84万,0.00,0.00,0.00,0.00,1869.67万
59,2019-12-03,1905.51万,146.04万,66.35万,79.70万,0.00,0.00,0.00,0.00,1905.51万
60,2019-12-02,1825.81万,74.86万,66.50万,8.36万,0.00,0.00,0.00,0.00,1825.81万
61,2019-11-29,1817.45万,149.19万,262.87万,-113.68万,0.00,0.00,0.00,0.00,1817.45万
62,2019-11-28,1931.13万,302.11万,76.24万,225.87万,0.00,0.00,0.00,0.00,1931.13万
63,2019-11-27,1705.26万,40.67万,42.64万,-1.98万,0.00,0.00,0.00,0.00,1705.26万
64,2019-11-26,1707.23万,90.66万,53.77万,36.89万,0.00,0.00,0.00,0.00,1707.23万
65,2019-11-25,1670.34万,77.43万,70.53万,6.91万,0.00,0.00,0.00,0.00,1670.34万
66,2019-11-22,1663.44万,203.03万,163.66万,39.36万,0.00,0.00,0.00,0.00,1663.44万
67,2019-11-21,1624.07万,74.71万,64.32万,10.39万,0.00,0.00,0.00,0.00,1624.07万
68,2019-11-20,1613.68万,62.50万,64.83万,-2.33万,0.00,0.00,0.00,0.00,1613.68万
69,2019-11-19,1616.01万,52.93万,96.66万,-43.73万,0.00,0.00,0.00,0.00,1616.01万
70,2019-11-18,1659.74万,29.05万,60.00万,-30.95万,0.00,0.00,0.00,0.00,1659.74万
71,2019-11-15,1690.69万,79.48万,116.53万,-37.05万,0.00,0.00,0.00,0.00,1690.69万
72,2019-11-14,1727.74万,63.45万,100.70万,-37.25万,0.00,0.00,0.00,0.00,1727.74万
73,2019-11-13,1764.98万,98.65万,63.85万,34.80万,0.00,0.00,0.00,0.00,1764.98万
74,2019-11-12,1730.18万,49.88万,100.30万,-50.43万,0.00,0.00,0.00,0.00,1730.18万
75,2019-11-11,1780.61万,85.41万,125.59万,-40.18万,0.00,0.00,0.00,0.00,1780.61万
76,2019-11-08,1820.79万,135.38万,224.24万,-88.86万,0.00,0.00,0.00,0.00,1820.79万
77,2019-11-07,1909.65万,40.24万,31.02万,9.22万,0.00,0.00,0.00,0.00,1909.65万
78,2019-11-06,1900.43万,41.85万,160.69万,-118.84万,0.00,0.00,0.00,0.00,1900.43万
79,2019-11-05,2019.27万,177.32万,57.12万,120.20万,0.00,0.00,0.00,0.00,2019.27万
80,2019-11-04,1899.07万,318.46万,82.31万,236.15万,0.00,0.00,0.00,0.00,1899.07万
81,2019-11-01,1662.92万,64.16万,158.43万,-94.27万,0.00,0.00,0.00,0.00,1662.92万
82,2019-10-31,1757.19万,132.10万,94.68万,37.42万,0.00,0.00,0.00,0.00,1757.19万
83,2019-10-30,1719.78万,74.09万,255.26万,-181.17万,0.00,0.00,0.00,0.00,1719.78万
84,2019-10-29,1900.94万,22.23万,101.60万,-79.37万,0.00,0.00,0.00,0.00,1900.94万
85,2019-10-28,1980.32万,70.68万,116.48万,-45.80万,0.00,0.00,0.00,0.00,1980.32万
86,2019-10-25,2026.12万,44.19万,73.54万,-29.35万,0.00,0.00,0.00,0.00,2026.12万
87,2019-10-24,2055.47万,70.55万,95.06万,-24.50万,0.00,0.00,0.00,0.00,2055.47万
88,2019-10-23,2079.98万,67.87万,161.65万,-93.78万,0.00,0.00,0.00,0.00,2079.98万
89,2019-10-22,2173.76万,168.47万,102.04万,66.43万,0.00,0.00,0.00,0.00,2173.76万
90,2019-10-21,2107.33万,60.10万,69.61万,-9.51万,0.00,0.00,0.00,0.00,2107.33万
91,2019-10-18,2116.84万,53.39万,208.86万,-155.47万,0.00,0.00,0.00,0.00,2116.84万
92,2019-10-17,2272.31万,57.14万,60.26万,-3.11万,0.00,0.00,0.00,0.00,2272.31万
93,2019-10-16,2275.42万,77.04万,80.01万,-2.97万,0.00,0.00,0.00,0.00,2275.42万
94,2019-10-15,2278.39万,17.91万,26.06万,-8.15万,0.00,0.00,0.00,0.00,2278.39万
95,2019-10-14,2286.54万,319.41万,165.10万,154.31万,0.00,0.00,0.00,0.00,2286.54万
96,2019-10-11,2132.23万,54.43万,78.35万,-23.92万,0.00,0.00,0.00,0.00,2132.23万
97,2019-10-10,2156.15万,82.96万,103.34万,-20.38万,0.00,0.00,0.00,0.00,2156.15万
98,2019-10-09,2176.54万,36.01万,13.29万,22.72万,0.00,0.00,0.00,0.00,2176.54万
99,2019-10-08,2153.82万,59.02万,74.99万,-15.98万,0.00,0.00,0.00,0.00,2153.82万
100,2019-09-30,2169.79万,31.52万,166.34万,-134.82万,0.00,0.00,0.00,0.00,2169.79万
101,2019-09-27,2304.62万,54.47万,65.22万,-10.75万,0.00,0.00,0.00,0.00,2304.62万
102,2019-09-26,2315.37万,76.81万,58.87万,17.93万,0.00,0.00,0.00,0.00,2315.37万
103,2019-09-25,2297.43万,58.97万,62.80万,-3.83万,0.00,0.00,0.00,0.00,2297.43万
104,2019-09-24,2301.26万,52.97万,247.72万,-194.75万,0.00,0.00,0.00,0.00,2301.26万
105,2019-09-23,2496.01万,257.62万,167.97万,89.65万,0.00,0.00,0.00,0.00,2496.01万
106,2019-09-20,2406.36万,137.84万,42.93万,94.91万,0.00,0.00,0.00,0.00,2406.36万
107,2019-09-19,2311.44万,136.10万,47.30万,88.80万,0.00,0.00,0.00,0.00,2311.44万
108,2019-09-18,2222.64万,35.05万,106.52万,-71.47万,0.00,0.00,0.00,0.00,2222.64万
109,2019-09-17,2294.11万,152.63万,440.12万,-287.49万,0.00,0.00,0.00,0.00,2294.11万
110,2019-09-16,2581.61万,68.70万,369.02万,-300.32万,0.00,0.00,0.00,0.00,2581.61万
111,2019-09-12,2881.93万,39.47万,94.53万,-55.06万,0.00,0.00,0.00,0.00,2881.93万
112,2019-09-11,2936.99万,231.37万,67.05万,164.32万,0.00,0.00,0.00,0.00,2936.99万
113,2019-09-10,2772.67万,617.82万,187.19万,430.63万,0.00,0.00,0.00,0.00,2772.67万
114,2019-09-09,2342.04万,145.73万,131.75万,13.98万,0.00,0.00,0.00,0.00,2342.04万
115,2019-09-06,2328.06万,101.39万,147.65万,-46.26万,0.00,0.00,0.00,0.00,2328.06万
116,2019-09-05,2374.32万,299.85万,197.34万,102.52万,0.00,0.00,0.00,0.00,2374.32万
117,2019-09-04,2271.80万,183.73万,188.89万,-5.16万,0.00,0.00,0.00,0.00,2271.80万
118,2019-09-03,2276.97万,161.87万,105.70万,56.17万,0.00,0.00,0.00,0.00,2276.97万
119,2019-09-02,2220.79万,127.60万,156.61万,-29.01万,0.00,0.00,0.00,0.00,2220.79万
120,2019-08-30,2249.80万,97.99万,185.74万,-87.75万,0.00,0.00,0.00,0.00,2249.80万
121,2019-08-29,2337.55万,148.88万,134.23万,14.65万,0.00,0.00,0.00,0.00,2337.55万
122,2019-08-28,2322.90万,202.15万,189.73万,12.42万,0.00,0.00,0.00,0.00,2322.90万
123,2019-08-27,2310.48万,157.03万,176.65万,-19.63万,0.00,0.00,0.00,0.00,2310.48万
124,2019-08-26,2330.11万,251.85万,110.34万,141.51万,0.00,0.00,0.00,0.00,2330.11万
125,2019-08-23,2188.60万,123.95万,173.72万,-49.76万,0.00,0.00,0.00,0.00,2188.60万
126,2019-08-22,2238.36万,60.29万,92.34万,-32.05万,0.00,0.00,0.00,0.00,2238.36万
127,2019-08-21,2270.41万,113.17万,111.84万,1.33万,0.00,0.00,0.00,0.00,2270.41万
128,2019-08-20,2269.09万,251.13万,355.05万,-103.91万,0.00,0.00,0.00,0.00,2269.09万
129,2019-08-19,2373.00万,242.94万,241.58万,1.36万,0.00,0.00,0.00,0.00,2373.00万
130,2019-08-16,2371.64万,157.31万,135.54万,21.78万,0.00,0.00,0.00,0.00,2371.64万
131,2019-08-15,2349.86万,157.85万,78.94万,78.90万,0.00,0.00,0.00,0.00,2349.86万
132,2019-08-14,2270.95万,60.58万,98.13万,-37.56万,0.00,0.00,0.00,0.00,2270.95万
133,2019-08-13,2308.51万,103.65万,64.51万,39.15万,0.00,0.00,0.00,0.00,2308.51万
134,2019-08-12,2269.37万,108.20万,47.59万,60.60万,0.00,0.00,0.00,0.00,2269.37万
135,2019-08-09,2208.76万,70.48万,43.72万,26.77万,0.00,0.00,0.00,0.00,2208.76万
136,2019-08-08,2181.99万,28.29万,11.91万,16.37万,0.00,0.00,0.00,0.00,2181.99万
137,2019-08-07,2165.62万,9.84万,61.50万,-51.66万,0.00,0.00,0.00,0.00,2165.62万
138,2019-08-06,2217.28万,121.85万,151.00万,-29.15万,0.00,0.00,0.00,0.00,2217.28万
139,2019-08-05,2246.44万,26.10万,174.26万,-148.16万,0.00,0.00,0.00,0.00,2246.44万
140,2019-08-02,2394.59万,29.81万,83.23万,-53.42万,0.00,0.00,0.00,0.00,2394.59万
141,2019-08-01,2448.02万,87.79万,47.73万,40.06万,0.00,0.00,0.00,0.00,2448.02万
142,2019-07-31,2407.96万,64.36万,98.88万,-34.51万,0.00,0.00,0.00,0.00,2407.96万
143,2019-07-30,2442.47万,55.73万,81.60万,-25.87万,0.00,0.00,0.00,0.00,2442.47万
144,2019-07-29,2468.34万,36.61万,33.23万,3.38万,0.00,0.00,0.00,0.00,2468.34万
145,2019-07-26,2464.96万,96.27万,81.95万,14.32万,0.00,0.00,0.00,0.00,2464.96万
146,2019-07-25,2450.63万,19.12万,22.34万,-3.22万,0.00,0.00,0.00,0.00,2450.63万
147,2019-07-24,2453.85万,73.17万,80.79万,-7.62万,0.00,0.00,0.00,0.00,2453.85万
148,2019-07-23,2461.48万,30.21万,55.44万,-25.23万,0.00,0.00,0.00,0.00,2461.48万
149,2019-07-22,2486.70万,74.03万,40.81万,33.22万,0.00,0.00,0.00,0.00,2486.70万
150,2019-07-19,2453.49万,66.67万,55.50万,11.17万,0.00,0.00,0.00,0.00,2453.49万
151,2019-07-18,2442.32万,94.46万,121.69万,-27.23万,0.00,0.00,0.00,0.00,2442.32万
152,2019-07-17,2469.55万,37.67万,56.69万,-19.01万,0.00,0.00,0.00,0.00,2469.55万
153,2019-07-16,2488.56万,70.91万,92.37万,-21.46万,0.00,0.00,0.00,0.00,2488.56万
154,2019-07-15,2510.03万,239.51万,76.56万,162.94万,0.00,0.00,0.00,0.00,2510.03万
155,2019-07-12,2347.08万,44.36万,20.95万,23.41万,0.00,0.00,0.00,0.00,2347.08万
156,2019-07-11,2323.67万,18.12万,67.87万,-49.75万,0.00,0.00,0.00,0.00,2323.67万
157,2019-07-10,2373.43万,103.29万,74.95万,28.34万,0.00,0.00,0.00,0.00,2373.43万
158,2019-07-09,2345.08万,20.41万,89.04万,-68.63万,0.00,0.00,0.00,0.00,2345.08万
159,2019-07-08,2413.71万,111.09万,187.65万,-76.56万,0.00,0.00,0.00,0.00,2413.71万
160,2019-07-05,2490.28万,90.47万,40.47万,50.00万,0.00,0.00,0.00,0.00,2490.28万
161,2019-07-04,2440.28万,86.20万,92.34万,-6.14万,0.00,0.00,0.00,0.00,2440.28万
162,2019-07-03,2446.41万,124.33万,218.11万,-93.78万,0.00,0.00,0.00,0.00,2446.41万
163,2019-07-02,2540.19万,150.02万,79.04万,70.98万,0.00,0.00,0.00,0.00,2540.19万
164,2019-07-01,2469.21万,62.84万,126.68万,-63.84万,0.00,0.00,0.00,0.00,2469.21万
165,2019-06-28,2533.05万,87.53万,125.02万,-37.49万,0.00,0.00,0.00,0.00,2533.05万
166,2019-06-27,2570.54万,98.62万,84.83万,13.79万,0.00,0.00,0.00,0.00,2570.54万
167,2019-06-26,2556.75万,180.40万,92.74万,87.66万,0.00,0.00,0.00,0.00,2556.75万
168,2019-06-25,2469.09万,83.40万,106.59万,-23.19万,0.00,0.00,0.00,0.00,2469.09万
169,2019-06-24,2492.29万,64.94万,86.10万,-21.15万,0.00,0.00,0.00,0.00,2492.29万
170,2019-06-21,2513.44万,94.83万,118.11万,-23.29万,0.00,0.00,0.00,0.00,2513.44万
171,2019-06-20,2536.73万,96.41万,126.32万,-29.92万,0.00,0.00,0.00,0.00,2536.73万
172,2019-06-19,2566.65万,145.46万,128.69万,16.77万,0.00,0.00,0.00,0.00,2566.65万
173,2019-06-18,2549.88万,82.20万,119.57万,-37.37万,0.00,0.00,0.00,0.00,2549.88万
174,2019-06-17,2587.25万,114.20万,151.24万,-37.04万,0.00,0.00,0.00,0.00,2587.25万
175,2019-06-14,2624.29万,86.77万,186.82万,-100.06万,0.00,0.00,0.00,0.00,2624.29万
176,2019-06-13,2724.34万,65.49万,81.90万,-16.41万,0.00,0.00,0.00,0.00,2724.34万
177,2019-06-12,2740.75万,104.87万,46.79万,58.08万,0.00,0.00,0.00,0.00,2740.75万
178,2019-06-11,2682.67万,244.57万,183.42万,61.15万,0.00,0.00,0.00,0.00,2682.67万
179,2019-06-10,2621.52万,61.27万,56.31万,4.95万,0.00,0.00,0.00,0.00,2621.52万
180,2019-06-06,2616.56万,161.73万,179.06万,-17.34万,0.00,0.00,0.00,0.00,2616.56万
181,2019-06-05,2633.90万,258.04万,203.43万,54.61万,0.00,0.00,0.00,0.00,2633.90万
182,2019-06-04,2579.29万,103.91万,76.19万,27.72万,0.00,0.00,0.00,0.00,2579.29万
183,2019-06-03,2551.57万,126.01万,79.08万,46.94万,0.00,0.00,0.00,0.00,2551.57万
184,2019-05-31,2504.64万,51.49万,97.88万,-46.39万,0.00,0.00,0.00,0.00,2504.64万
185,2019-05-30,2551.03万,210.67万,177.37万,33.30万,0.00,0.00,0.00,0.00,2551.03万
186,2019-05-29,2517.72万,100.99万,201.46万,-100.47万,0.00,0.00,0.00,0.00,2517.72万
187,2019-05-28,2618.20万,198.31万,153.74万,44.57万,0.00,0.00,0.00,0.00,2618.20万
188,2019-05-27,2573.63万,144.82万,96.16万,48.66万,0.00,0.00,0.00,0.00,2573.63万
189,2019-05-24,2524.97万,217.97万,161.35万,56.61万,0.00,0.00,0.00,0.00,2524.97万
190,2019-05-23,2468.36万,123.64万,114.05万,9.59万,0.00,0.00,0.00,0.00,2468.36万
191,2019-05-22,2458.77万,49.61万,69.81万,-20.20万,0.00,0.00,0.00,0.00,2458.77万
192,2019-05-21,2478.97万,74.05万,158.14万,-84.10万,0.00,0.00,0.00,0.00,2478.97万
193,2019-05-20,2563.07万,209.27万,240.02万,-30.75万,0.00,0.00,0.00,0.00,2563.07万
194,2019-05-17,2593.82万,238.68万,282.82万,-44.13万,0.00,0.00,0.00,0.00,2593.82万
195,2019-05-16,2637.95万,318.73万,133.81万,184.92万,0.00,0.00,0.00,0.00,2637.95万
196,2019-05-15,2453.04万,129.41万,157.60万,-28.19万,0.00,0.00,0.00,0.00,2453.04万
197,2019-05-14,2481.23万,91.90万,78.73万,13.16万,0.00,0.00,0.00,0.00,2481.23万
198,2019-05-13,2468.07万,69.67万,142.34万,-72.67万,0.00,0.00,0.00,0.00,2468.07万
199,2019-05-10,2540.73万,95.54万,122.18万,-26.65万,0.00,0.00,0.00,0.00,2540.73万
200,2019-05-09,2567.38万,146.80万,94.77万,52.03万,0.00,0.00,0.00,0.00,2567.38万
201,2019-05-08,2515.35万,187.09万,213.27万,-26.18万,0.00,0.00,0.00,0.00,2515.35万
202,2019-05-07,2541.53万,81.86万,158.03万,-76.16万,0.00,0.00,0.00,0.00,2541.53万
203,2019-05-06,2617.69万,340.59万,144.26万,196.32万,0.00,0.00,0.00,0.00,2617.69万
204,2019-04-30,2421.37万,91.54万,125.26万,-33.72万,0.00,0.00,0.00,0.00,2421.37万
205,2019-04-29,2455.09万,135.92万,126.11万,9.82万,0.00,0.00,0.00,0.00,2455.09万
206,2019-04-26,2445.27万,137.57万,158.94万,-21.37万,0.00,0.00,0.00,0.00,2445.27万
207,2019-04-25,2466.64万,136.49万,171.52万,-35.04万,0.00,0.00,0.00,0.00,2466.64万
208,2019-04-24,2501.68万,191.98万,350.72万,-158.74万,0.00,0.00,0.00,0.00,2501.68万
209,2019-04-23,2660.42万,94.54万,153.42万,-58.88万,0.00,0.00,0.00,0.00,2660.42万
210,2019-04-22,2719.30万,231.06万,126.16万,104.90万,0.00,0.00,0.00,0.00,2719.30万
211,2019-04-19,2614.40万,110.90万,169.43万,-58.53万,0.00,0.00,0.00,0.00,2614.40万
212,2019-04-18,2672.93万,69.13万,107.59万,-38.46万,0.00,0.00,0.00,0.00,2672.93万
213,2019-04-17,2711.40万,116.66万,214.41万,-97.75万,0.00,0.00,0.00,0.00,2711.40万
214,2019-04-16,2809.15万,256.73万,224.12万,32.61万,0.00,0.00,0.00,0.00,2809.15万
215,2019-04-15,2776.54万,241.53万,905.38万,-663.84万,0.00,0.00,0.00,0.00,2776.54万
216,2019-04-12,3440.38万,207.86万,197.09万,10.77万,0.00,0.00,0.00,0.00,3440.38万
217,2019-04-11,3429.61万,545.40万,235.38万,310.02万,0.00,0.00,0.00,0.00,3429.61万
218,2019-04-10,3119.59万,811.21万,299.53万,511.68万,0.00,0.00,0.00,0.00,3119.59万
219,2019-04-09,2607.91万,197.97万,271.18万,-73.21万,0.00,0.00,0.00,0.00,2607.91万
220,2019-04-08,2681.12万,298.45万,174.03万,124.42万,0.00,0.00,0.00,0.00,2681.12万
221,2019-04-04,2556.71万,125.81万,375.87万,-250.06万,0.00,0.00,0.00,0.00,2556.71万
222,2019-04-03,2806.77万,178.61万,216.83万,-38.23万,0.00,0.00,0.00,0.00,2806.77万
223,2019-04-02,2845.00万,345.96万,226.72万,119.24万,0.00,0.00,0.00,0.00,2845.00万
224,2019-04-01,2725.75万,412.03万,280.77万,131.27万,0.00,0.00,0.00,0.00,2725.75万
225,2019-03-29,2594.49万,173.29万,728.35万,-555.07万,0.00,0.00,0.00,0.00,2594.49万
226,2019-03-28,3149.55万,391.23万,239.90万,151.33万,0.00,0.00,0.00,0.00,3149.55万
227,2019-03-27,2998.22万,492.30万,205.04万,287.25万,0.00,0.00,0.00,0.00,2998.22万
228,2019-03-26,2710.97万,231.03万,474.95万,-243.92万,0.00,0.00,0.00,0.00,2710.97万
229,2019-03-25,2954.89万,441.97万,299.21万,142.76万,0.00,0.00,0.00,0.00,2954.89万
230,2019-03-22,2812.13万,193.00万,369.64万,-176.63万,0.00,0.00,0.00,0.00,2812.13万
231,2019-03-21,2988.77万,123.57万,925.43万,-801.86万,0.00,0.00,0.00,0.00,2988.77万
232,2019-03-20,3790.63万,292.10万,124.44万,167.65万,0.00,0.00,0.00,0.00,3790.63万
233,2019-03-19,3622.98万,1026.72万,169.40万,857.32万,0.00,0.00,0.00,0.00,3622.98万
234,2019-03-18,2765.65万,1018.80万,909.42万,109.39万,0.00,0.00,0.00,0.00,2765.65万
235,2019-03-15,2656.26万,250.19万,209.80万,40.38万,0.00,0.00,0.00,0.00,2656.26万
236,2019-03-14,2615.88万,349.10万,368.56万,-19.45万,0.00,0.00,0.00,0.00,2615.88万
237,2019-03-13,2635.34万,230.38万,208.52万,21.86万,0.00,0.00,0.00,0.00,2635.34万
238,2019-03-12,2613.48万,563.47万,1143.22万,-579.75万,0.00,0.00,0.00,0.00,2613.48万
239,2019-03-11,3193.23万,795.58万,309.81万,485.76万,0.00,0.00,0.00,0.00,3193.23万
240,2019-03-08,2707.47万,181.94万,374.92万,-192.98万,0.00,0.00,0.00,0.00,2707.47万
241,2019-03-07,2900.45万,177.31万,428.19万,-250.88万,0.00,0.00,0.00,0.00,2900.45万
242,2019-03-06,3151.33万,613.75万,618.79万,-5.04万,0.00,0.00,0.00,0.00,3151.33万
243,2019-03-05,3156.36万,222.06万,521.63万,-299.57万,0.00,0.00,0.00,0.00,3156.36万
244,2019-03-04,3455.93万,702.69万,394.05万,308.64万,0.00,0.00,0.00,0.00,3455.93万
245,2019-03-01,3147.29万,364.75万,230.40万,134.35万,0.00,0.00,0.00,0.00,3147.29万
246,2019-02-28,3012.94万,224.19万,448.14万,-223.95万,0.00,0.00,0.00,0.00,3012.94万
247,2019-02-27,3236.89万,508.64万,290.96万,217.68万,0.00,0.00,0.00,0.00,3236.89万
248,2019-02-26,3019.21万,904.78万,847.37万,57.40万,0.00,0.00,0.00,0.00,3019.21万
249,2019-02-25,2961.80万,729.44万,300.87万,428.57万,0.00,0.00,0.00,0.00,2961.80万
250,2019-02-22,2533.24万,77.40万,134.06万,-56.66万,0.00,0.00,0.00,0.00,2533.24万
251,2019-02-21,2589.89万,131.58万,321.11万,-189.53万,0.00,0.00,0.00,0.00,2589.89万
252,2019-02-20,2779.42万,153.91万,199.08万,-45.18万,0.00,0.00,0.00,0.00,2779.42万
253,2019-02-19,2824.60万,252.48万,321.66万,-69.18万,0.00,0.00,0.00,0.00,2824.60万
254,2019-02-18,2893.78万,133.86万,215.12万,-81.26万,0.00,0.00,0.00,0.00,2893.78万
255,2019-02-15,2975.04万,70.92万,143.52万,-72.60万,0.00,0.00,0.00,0.00,2975.04万
256,2019-02-14,3047.64万,138.72万,172.67万,-33.95万,0.00,0.00,0.00,0.00,3047.64万
257,2019-02-13,3081.59万,191.71万,471.31万,-279.60万,0.00,0.00,0.00,0.00,3081.59万
258,2019-02-12,3361.20万,426.31万,116.58万,309.73万,0.00,0.00,0.00,0.00,3361.20万
259,2019-02-11,3051.47万,296.09万,170.50万,125.60万,0.00,0.00,0.00,0.00,3051.47万
260,2019-02-01,2925.87万,72.61万,209.37万,-136.76万,0.00,0.00,0.00,0.00,2925.87万
261,2019-01-31,3062.63万,189.03万,238.44万,-49.41万,0.00,0.00,0.00,0.00,3062.63万
262,2019-01-30,3112.04万,262.78万,36.56万,226.22万,0.00,0.00,0.00,0.00,3112.04万
263,2019-01-29,2885.82万,47.81万,80.91万,-33.10万,0.00,0.00,0.00,0.00,2885.82万
264,2019-01-28,2918.92万,59.15万,65.95万,-6.79万,0.00,0.00,0.00,0.00,2918.92万
265,2019-01-25,2925.71万,68.95万,117.95万,-49.00万,0.00,0.00,0.00,0.00,2925.71万
266,2019-01-24,2974.72万,67.23万,86.36万,-19.13万,0.00,0.00,0.00,0.00,2974.72万
267,2019-01-23,2993.84万,28.41万,113.84万,-85.43万,0.00,0.00,0.00,0.00,2993.84万
268,2019-01-22,3079.27万,178.51万,117.51万,61.00万,0.00,0.00,0.00,0.00,3079.27万
269,2019-01-21,3018.27万,95.09万,121.86万,-26.76万,0.00,0.00,0.00,0.00,3018.27万
270,2019-01-18,3045.03万,60.94万,217.58万,-156.64万,0.00,0.00,0.00,0.00,3045.03万
271,2019-01-17,3201.67万,97.84万,45.93万,51.91万,0.00,0.00,0.00,0.00,3201.67万
272,2019-01-16,3149.76万,95.37万,119.39万,-24.02万,0.00,0.00,0.00,0.00,3149.76万
273,2019-01-15,3173.78万,235.06万,155.76万,79.30万,0.00,0.00,0.00,0.00,3173.78万
274,2019-01-14,3094.48万,124.27万,50.78万,73.49万,0.00,0.00,0.00,0.00,3094.48万
275,2019-01-11,3020.99万,43.57万,53.03万,-9.46万,0.00,0.00,0.00,0.00,3020.99万
276,2019-01-10,3030.45万,91.56万,50.65万,40.90万,0.00,0.00,0.00,0.00,3030.45万
277,2019-01-09,2989.55万,85.38万,116.33万,-30.95万,0.00,0.00,0.00,0.00,2989.55万
278,2019-01-08,3020.50万,67.07万,71.81万,-4.74万,0.00,0.00,0.00,0.00,3020.50万
279,2019-01-07,3025.24万,87.61万,167.10万,-79.49万,0.00,0.00,0.00,0.00,3025.24万
280,2019-01-04,3104.73万,120.46万,107.43万,13.04万,0.00,0.00,0.00,0.00,3104.73万
281,2019-01-03,3091.70万,184.21万,62.86万,121.35万,0.00,0.00,0.00,0.00,3091.70万
282,2019-01-02,2970.34万,298.10万,102.68万,195.42万,0.00,0.00,0.00,0.00,2970.34万
283,2018-12-28,2774.92万,28.88万,55.72万,-26.84万,0.00,0.00,0.00,0.00,2774.92万
284,2018-12-27,2801.76万,93.28万,67.00万,26.28万,0.00,0.00,0.00,0.00,2801.76万
285,2018-12-26,2775.48万,175.36万,58.90万,116.47万,0.00,0.00,0.00,0.00,2775.48万
286,2018-12-25,2659.01万,98.72万,275.12万,-176.40万,0.00,0.00,0.00,0.00,2659.01万
287,2018-12-24,2835.42万,60.71万,218.03万,-157.32万,0.00,0.00,0.00,0.00,2835.42万
288,2018-12-21,2992.74万,253.53万,57.62万,195.91万,0.00,0.00,0.00,0.00,2992.74万
289,2018-12-20,2796.82万,132.05万,129.42万,2.63万,0.00,0.00,0.00,0.00,2796.82万
290,2018-12-19,2794.19万,244.67万,105.90万,138.76万,0.00,0.00,0.00,0.00,2794.19万
291,2018-12-18,2655.43万,63.56万,75.71万,-12.14万,0.00,0.00,0.00,0.00,2655.43万
292,2018-12-17,2667.57万,162.30万,115.32万,46.98万,0.00,0.00,0.00,0.00,2667.57万
293,2018-12-14,2620.59万,177.86万,73.29万,104.57万,0.00,0.00,0.00,0.00,2620.59万
294,2018-12-13,2516.02万,55.63万,211.32万,-155.69万,0.00,0.00,0.00,0.00,2516.02万
295,2018-12-12,2671.71万,50.58万,67.53万,-16.95万,0.00,0.00,0.00,0.00,2671.71万
296,2018-12-11,2688.66万,37.08万,57.38万,-20.31万,0.00,0.00,0.00,0.00,2688.66万
297,2018-12-10,2708.96万,125.04万,44.23万,80.81万,0.00,0.00,0.00,0.00,2708.96万
298,2018-12-07,2628.15万,240.54万,285.37万,-44.83万,0.00,0.00,0.00,0.00,2628.15万
299,2018-12-06,2672.98万,250.59万,200.27万,50.32万,0.00,0.00,0.00,0.00,2672.98万
300,2018-12-05,2622.67万,368.25万,141.98万,226.27万,0.00,0.00,0.00,0.00,2622.67万
301,2018-12-04,2396.40万,114.67万,134.40万,-19.73万,0.00,0.00,0.00,0.00,2396.40万
302,2018-12-03,2416.12万,41.52万,66.79万,-25.27万,0.00,0.00,0.00,0.00,2416.12万
303,2018-11-30,2441.40万,83.69万,155.07万,-71.38万,0.00,0.00,0.00,0.00,2441.40万
304,2018-11-29,2512.78万,147.59万,83.87万,63.73万,0.00,0.00,0.00,0.00,2512.78万
305,2018-11-28,2449.06万,36.81万,35.96万,0.85万,0.00,0.00,0.00,0.00,2449.06万
306,2018-11-27,2448.21万,55.31万,43.97万,11.33万,0.00,0.00,0.00,0.00,2448.21万
307,2018-11-26,2436.88万,56.18万,60.04万,-3.86万,0.00,0.00,0.00,0.00,2436.88万
308,2018-11-23,2440.74万,91.00万,79.83万,11.17万,0.00,0.00,0.00,0.00,2440.74万
309,2018-11-22,2429.57万,353.37万,130.31万,223.06万,0.00,0.00,0.00,0.00,2429.57万
310,2018-11-21,2206.51万,63.33万,145.67万,-82.34万,0.00,0.00,0.00,0.00,2206.51万
311,2018-11-20,2288.85万,93.67万,124.30万,-30.63万,0.00,0.00,0.00,0.00,2288.85万
312,2018-11-19,2319.48万,110.49万,81.78万,28.71万,0.00,0.00,0.00,0.00,2319.48万
313,2018-11-16,2290.77万,152.70万,483.14万,-330.44万,0.00,0.00,0.00,0.00,2290.77万
314,2018-11-15,2621.21万,79.98万,121.37万,-41.39万,0.00,0.00,0.00,0.00,2621.21万
315,2018-11-14,2662.59万,93.85万,56.16万,37.69万,0.00,0.00,0.00,0.00,2662.59万
316,2018-11-13,2624.91万,123.77万,218.18万,-94.42万,0.00,0.00,0.00,0.00,2624.91万
317,2018-11-12,2719.32万,66.59万,46.95万,19.64万,0.00,0.00,0.00,0.00,2719.32万
318,2018-11-09,2699.68万,14.54万,64.00万,-49.46万,0.00,0.00,0.00,0.00,2699.68万
319,2018-11-08,2749.14万,80.59万,71.37万,9.22万,0.00,0.00,0.00,0.00,2749.14万
320,2018-11-07,2739.92万,59.69万,73.81万,-14.12万,0.00,0.00,0.00,0.00,2739.92万
321,2018-11-06,2754.04万,48.11万,77.58万,-29.47万,0.00,0.00,0.00,0.00,2754.04万
322,2018-11-05,2783.51万,79.62万,110.39万,-30.77万,0.00,0.00,0.00,0.00,2783.51万
323,2018-11-02,2814.28万,248.04万,267.82万,-19.77万,0.00,0.00,0.00,0.00,2814.28万
324,2018-11-01,2834.06万,138.55万,80.20万,58.34万,0.00,0.00,0.00,0.00,2834.06万
325,2018-10-31,2775.71万,65.87万,115.27万,-49.41万,0.00,0.00,0.00,0.00,2775.71万
326,2018-10-30,2825.12万,102.47万,107.19万,-4.72万,0.00,0.00,0.00,0.00,2825.12万
327,2018-10-29,2829.84万,70.69万,108.42万,-37.73万,0.00,0.00,0.00,0.00,2829.84万
328,2018-10-26,2867.56万,43.65万,105.14万,-61.50万,0.00,0.00,0.00,0.00,2867.56万
329,2018-10-25,2929.06万,154.61万,142.39万,12.22万,0.00,0.00,0.00,0.00,2929.06万
330,2018-10-24,2916.84万,165.56万,199.05万,-33.48万,0.00,0.00,0.00,0.00,2916.84万
331,2018-10-23,2950.32万,97.41万,125.82万,-28.41万,0.00,0.00,0.00,0.00,2950.32万
332,2018-10-22,2978.73万,338.54万,321.41万,17.13万,0.00,0.00,0.00,0.00,2978.73万
333,2018-10-19,2961.60万,176.60万,94.76万,81.84万,0.00,0.00,0.00,0.00,2961.60万
334,2018-10-18,2879.76万,199.99万,181.19万,18.81万,0.00,0.00,0.00,0.00,2879.76万
335,2018-10-17,2860.95万,315.05万,121.11万,193.94万,0.00,0.00,0.00,0.00,2860.95万
336,2018-10-16,2667.02万,131.54万,246.08万,-114.54万,0.00,0.00,0.00,0.00,2667.02万
337,2018-10-15,2781.56万,219.04万,150.66万,68.39万,0.00,0.00,0.00,0.00,2781.56万
338,2018-10-12,2713.17万,184.29万,90.01万,94.28万,0.00,0.00,0.00,0.00,2713.17万
339,2018-10-11,2618.89万,490.86万,53.34万,437.52万,0.00,0.00,0.00,0.00,2618.89万
340,2018-10-10,2181.37万,117.60万,24.02万,93.58万,0.00,0.00,0.00,0.00,2181.37万
341,2018-10-09,2087.79万,53.22万,38.39万,14.83万,0.00,0.00,0.00,0.00,2087.79万
342,2018-10-08,2072.96万,137.89万,36.74万,101.15万,0.00,0.00,0.00,0.00,2072.96万
343,2018-09-28,1971.81万,167.80万,95.36万,72.45万,0.00,0.00,0.00,0.00,1971.81万
344,2018-09-27,1899.36万,37.38万,37.97万,-0.59万,0.00,0.00,0.00,0.00,1899.36万
345,2018-09-26,1899.95万,40.57万,189.81万,-149.24万,0.00,0.00,0.00,0.00,1899.95万
346,2018-09-25,2049.19万,50.49万,35.74万,14.75万,0.00,0.00,0.00,0.00,2049.19万
347,2018-09-21,2034.44万,222.75万,114.55万,108.20万,0.00,0.00,0.00,0.00,2034.44万
348,2018-09-20,1926.23万,21.98万,17.14万,4.84万,0.00,0.00,0.00,0.00,1926.23万
349,2018-09-19,1921.39万,60.98万,100.23万,-39.25万,0.00,0.00,0.00,0.00,1921.39万
350,2018-09-18,1960.64万,68.00万,50.50万,17.50万,0.00,0.00,0.00,0.00,1960.64万
351,2018-09-17,1943.14万,72.42万,65.62万,6.80万,0.00,0.00,0.00,0.00,1943.14万
352,2018-09-14,1936.34万,77.14万,59.96万,17.18万,0.00,0.00,0.00,0.00,1936.34万
353,2018-09-13,1919.16万,243.96万,64.86万,179.11万,0.00,0.00,0.00,0.00,1919.16万
354,2018-09-12,1740.06万,93.25万,18.98万,74.27万,0.00,0.00,0.00,0.00,1740.06万
355,2018-09-11,1665.79万,28.85万,29.98万,-1.12万,0.00,0.00,0.00,0.00,1665.79万
356,2018-09-10,1666.91万,60.41万,28.89万,31.52万,0.00,0.00,0.00,0.00,1666.91万
357,2018-09-07,1635.39万,41.44万,64.66万,-23.22万,0.00,0.00,0.00,0.00,1635.39万
358,2018-09-06,1658.62万,94.20万,117.01万,-22.81万,0.00,0.00,0.00,0.00,1658.62万
359,2018-09-05,1681.42万,76.99万,170.46万,-93.46万,0.00,0.00,0.00,0.00,1681.42万
360,2018-09-04,1774.88万,68.73万,87.81万,-19.07万,0.00,0.00,0.00,0.00,1774.88万
361,2018-09-03,1793.96万,173.14万,43.44万,129.71万,0.00,0.00,0.00,0.00,1793.96万
362,2018-08-31,1664.25万,84.40万,61.37万,23.03万,0.00,0.00,0.00,0.00,1664.25万
363,2018-08-30,1641.22万,98.68万,80.49万,18.18万,0.00,0.00,0.00,0.00,1641.22万
364,2018-08-29,1623.04万,50.94万,58.35万,-7.41万,0.00,0.00,0.00,0.00,1623.04万
365,2018-08-28,1630.45万,58.08万,64.56万,-6.48万,0.00,0.00,0.00,0.00,1630.45万
366,2018-08-27,1636.93万,110.12万,95.64万,14.48万,0.00,0.00,0.00,0.00,1636.93万
367,2018-08-24,1622.45万,115.72万,105.87万,9.85万,0.00,0.00,0.00,0.00,1622.45万
368,2018-08-23,1612.60万,37.42万,13.90万,23.52万,0.00,0.00,0.00,0.00,1612.60万
369,2018-08-22,1589.08万,40.15万,52.90万,-12.75万,0.00,0.00,0.00,0.00,1589.08万
370,2018-08-21,1601.83万,43.84万,70.80万,-26.96万,0.00,0.00,0.00,0.00,1601.83万
371,2018-08-20,1628.79万,69.11万,56.39万,12.71万,0.00,0.00,0.00,0.00,1628.79万
372,2018-08-17,1616.08万,159.40万,50.10万,109.31万,0.00,0.00,0.00,0.00,1616.08万
373,2018-08-16,1506.77万,38.42万,30.96万,7.46万,0.00,0.00,0.00,0.00,1506.77万
374,2018-08-15,1499.31万,54.25万,95.20万,-40.95万,0.00,0.00,0.00,0.00,1499.31万
375,2018-08-14,1540.26万,30.70万,133.58万,-102.89万,0.00,0.00,0.00,0.00,1540.26万
376,2018-08-13,1643.15万,186.98万,147.57万,39.41万,0.00,0.00,0.00,0.00,1643.15万
377,2018-08-10,1603.74万,29.20万,200.77万,-171.57万,0.00,0.00,0.00,0.00,1603.74万
378,2018-08-09,1775.31万,107.80万,167.47万,-59.67万,0.00,0.00,0.00,0.00,1775.31万
379,2018-08-08,1834.98万,124.13万,91.94万,32.19万,0.00,0.00,0.00,0.00,1834.98万
380,2018-08-07,1802.79万,101.32万,187.73万,-86.40万,0.00,0.00,0.00,0.00,1802.79万
381,2018-08-06,1889.19万,284.95万,52.71万,232.25万,0.00,0.00,0.00,0.00,1889.19万
382,2018-08-03,1656.94万,91.63万,86.21万,5.42万,0.00,0.00,0.00,0.00,1656.94万
383,2018-08-02,1651.53万,189.30万,82.60万,106.71万,0.00,0.00,0.00,0.00,1651.53万
384,2018-08-01,1544.82万,84.94万,69.41万,15.53万,0.00,0.00,0.00,0.00,1544.82万
385,2018-07-31,1529.29万,28.84万,23.81万,5.03万,0.00,0.00,0.00,0.00,1529.29万
386,2018-07-30,1524.25万,202.70万,145.41万,57.29万,0.00,0.00,0.00,0.00,1524.25万
387,2018-07-27,1466.97万,27.41万,63.16万,-35.74万,0.00,0.00,0.00,0.00,1466.97万
388,2018-07-26,1502.71万,38.83万,8.20万,30.63万,0.00,0.00,0.00,0.00,1502.71万
389,2018-07-25,1472.08万,82.06万,155.17万,-73.11万,0.00,0.00,0.00,0.00,1472.08万
390,2018-07-24,1545.19万,237.62万,203.30万,34.32万,0.00,0.00,0.00,0.00,1545.19万
391,2018-07-23,1510.87万,311.76万,192.82万,118.94万,0.00,0.00,0.00,0.00,1510.87万
392,2018-07-20,1391.93万,61.35万,56.92万,4.43万,0.00,0.00,0.00,0.00,1391.93万
393,2018-07-19,1387.51万,74.02万,61.05万,12.97万,0.00,0.00,0.00,0.00,1387.51万
394,2018-07-18,1374.54万,55.38万,196.34万,-140.96万,0.00,0.00,0.00,0.00,1374.54万
395,2018-07-17,1515.49万,21.38万,117.32万,-95.94万,0.00,0.00,0.00,0.00,1515.49万
396,2018-07-16,1611.43万,90.38万,111.42万,-21.04万,0.00,0.00,0.00,0.00,1611.43万
397,2018-07-13,1632.47万,337.05万,59.18万,277.87万,0.00,0.00,0.00,0.00,1632.47万
398,2018-07-12,1354.60万,83.62万,95.89万,-12.27万,0.00,0.00,0.00,0.00,1354.60万
399,2018-07-11,1366.86万,65.37万,48.63万,16.74万,0.00,0.00,0.00,0.00,1366.86万
400,2018-07-10,1350.13万,43.72万,52.83万,-9.11万,0.00,0.00,0.00,0.00,1350.13万
401,2018-07-09,1359.24万,32.76万,18.68万,14.08万,0.00,0.00,0.00,0.00,1359.24万
402,2018-07-06,1345.16万,21.90万,165.02万,-143.12万,0.00,0.00,0.00,0.00,1345.16万
403,2018-07-05,1488.27万,73.10万,98.60万,-25.49万,0.00,0.00,0.00,0.00,1488.27万
404,2018-07-04,1513.76万,22.31万,64.76万,-42.45万,0.00,0.00,0.00,0.00,1513.76万
405,2018-07-03,1556.22万,77.90万,37.74万,40.16万,0.00,0.00,0.00,0.00,1556.22万
406,2018-07-02,1516.06万,172.75万,56.95万,115.80万,0.00,0.00,0.00,0.00,1516.06万
407,2018-06-29,1400.26万,46.39万,50.37万,-3.98万,0.00,0.00,0.00,0.00,1400.26万
408,2018-06-28,1404.24万,21.49万,81.41万,-59.92万,0.00,0.00,0.00,0.00,1404.24万
409,2018-06-27,1464.16万,74.90万,102.00万,-27.10万,0.00,0.00,0.00,0.00,1464.16万
410,2018-06-26,1491.26万,67.13万,23.74万,43.39万,0.00,0.00,0.00,0.00,1491.26万
411,2018-06-25,1447.87万,31.51万,40.60万,-9.09万,0.00,0.00,0.00,0.00,1447.87万
412,2018-06-22,1456.96万,54.66万,38.65万,16.01万,0.00,0.00,0.00,0.00,1456.96万
413,2018-06-21,1440.95万,86.22万,53.76万,32.46万,0.00,0.00,0.00,0.00,1440.95万
414,2018-06-20,1408.50万,55.92万,69.27万,-13.35万,0.00,0.00,0.00,0.00,1408.50万
415,2018-06-19,1421.85万,156.53万,71.93万,84.60万,0.00,0.00,0.00,0.00,1421.85万
416,2018-06-15,1337.25万,36.20万,65.59万,-29.39万,0.00,0.00,0.00,0.00,1337.25万
417,2018-06-14,1366.64万,231.82万,145.20万,86.62万,0.00,0.00,0.00,0.00,1366.64万
418,2018-06-13,1280.02万,119.86万,67.11万,52.74万,0.00,0.00,0.00,0.00,1280.02万
419,2018-06-12,1227.27万,28.23万,82.76万,-54.54万,0.00,0.00,0.00,0.00,1227.27万
420,2018-06-11,1281.81万,160.32万,124.66万,35.66万,0.00,0.00,0.00,0.00,1281.81万
421,2018-06-08,1246.15万,150.32万,76.88万,73.44万,0.00,0.00,0.00,0.00,1246.15万
422,2018-06-07,1172.71万,54.95万,129.33万,-74.39万,0.00,0.00,0.00,0.00,1172.71万
423,2018-06-06,1247.10万,132.45万,149.17万,-16.72万,0.00,0.00,0.00,0.00,1247.10万
424,2018-06-05,1263.82万,181.31万,143.96万,37.35万,0.00,0.00,0.00,0.00,1263.82万
425,2018-06-04,1226.47万,136.06万,125.74万,10.32万,0.00,0.00,0.00,0.00,1226.47万
426,2018-06-01,1216.15万,231.95万,124.66万,107.30万,0.00,0.00,0.00,0.00,1216.15万
427,2018-05-31,1108.85万,529.39万,209.13万,320.26万,0.00,0.00,0.00,0.00,1108.85万
428,2018-05-30,788.59万,357.70万,114.12万,243.58万,0.00,0.00,0.00,0.00,788.59万
429,2018-05-29,545.01万,84.29万,177.68万,-93.39万,0.00,0.00,0.00,0.00,545.01万
430,2018-05-28,638.41万,31.61万,152.34万,-120.72万,0.00,0.00,0.00,0.00,638.41万
431,2018-05-25,759.13万,94.61万,37.86万,56.75万,0.00,0.00,0.00,0.00,759.13万
432,2018-05-24,702.38万,42.70万,31.75万,10.95万,0.00,0.00,0.00,0.00,702.38万
433,2018-05-23,691.43万,69.12万,55.80万,13.32万,0.00,0.00,0.00,0.00,691.43万
434,2018-05-22,678.11万,67.11万,99.46万,-32.34万,0.00,0.00,0.00,0.00,678.11万
435,2018-05-21,710.45万,64.61万,60.33万,4.28万,0.00,0.00,0.00,0.00,710.45万
436,2018-05-18,706.17万,48.53万,74.99万,-26.46万,0.00,0.00,0.00,0.00,706.17万
437,2018-05-17,732.63万,32.45万,38.95万,-6.50万,0.00,0.00,0.00,0.00,732.63万
438,2018-05-16,739.13万,238.63万,276.56万,-37.92万,0.00,0.00,0.00,0.00,739.13万
439,2018-05-15,777.06万,122.97万,63.69万,59.28万,0.00,0.00,0.00,0.00,777.06万
440,2018-05-14,717.77万,113.95万,45.08万,68.87万,0.00,0.00,0.00,0.00,717.77万
441,2018-05-11,648.91万,152.96万,117.16万,35.80万,0.00,0.00,0.00,0.00,648.91万
442,2018-05-10,613.11万,86.02万,82.71万,3.32万,0.00,0.00,0.00,0.00,613.11万
443,2018-05-09,609.79万,121.48万,60.83万,60.66万,0.00,0.00,0.00,0.00,609.79万
444,2018-05-08,549.13万,83.09万,275.60万,-192.51万,0.00,0.00,0.00,0.00,549.13万
445,2018-05-07,741.65万,172.78万,55.80万,116.98万,0.00,0.00,0.00,0.00,741.65万
446,2018-05-04,624.66万,5.06万,182.06万,-177.00万,0.00,0.00,0.00,0.00,624.66万
447,2018-05-03,801.66万,68.25万,72.26万,-4.00万,0.00,0.00,0.00,0.00,801.66万
448,2018-05-02,805.66万,77.27万,438.75万,-361.48万,0.00,0.00,0.00,0.00,805.66万
449,2018-04-27,1167.15万,436.30万,147.82万,288.47万,0.00,0.00,0.00,0.00,1167.15万
450,2018-04-26,878.67万,122.89万,18.72万,104.16万,0.00,0.00,0.00,0.00,878.67万
451,2018-04-25,774.51万,43.16万,17.78万,25.38万,0.00,0.00,0.00,0.00,774.51万
452,2018-04-24,749.13万,19.97万,14.43万,5.54万,0.00,0.00,0.00,0.00,749.13万
453,2018-04-23,743.59万,16.51万,46.86万,-30.35万,0.00,0.00,0.00,0.00,743.59万
454,2018-04-20,773.94万,51.47万,16.77万,34.71万,0.00,0.00,0.00,0.00,773.94万
455,2018-04-19,739.23万,2.75万,18.21万,-15.46万,0.00,0.00,0.00,0.00,739.23万
456,2018-04-18,754.69万,66.38万,173.80万,-107.42万,0.00,0.00,0.00,0.00,754.69万
457,2018-04-17,862.11万,116.07万,86.61万,29.46万,0.00,0.00,0.00,0.00,862.11万
458,2018-04-16,832.65万,41.36万,79.84万,-38.48万,0.00,0.00,0.00,0.00,832.65万
459,2018-04-13,871.13万,48.16万,83.57万,-35.41万,0.00,0.00,0.00,0.00,871.13万
460,2018-04-12,906.54万,62.86万,74.34万,-11.48万,0.00,0.00,0.00,0.00,906.54万
461,2018-04-11,918.02万,218.62万,156.31万,62.31万,0.00,0.00,0.00,0.00,918.02万
462,2018-04-10,855.71万,32.63万,121.97万,-89.34万,0.00,0.00,0.00,0.00,855.71万
463,2018-04-09,945.05万,36.91万,79.61万,-42.70万,0.00,0.00,0.00,0.00,945.05万
464,2018-04-04,987.75万,117.35万,26.89万,90.46万,0.00,0.00,0.00,0.00,987.75万
465,2018-04-03,897.29万,67.95万,19.63万,48.32万,0.00,0.00,0.00,0.00,897.29万
466,2018-04-02,848.97万,285.17万,93.29万,191.88万,0.00,0.00,0.00,0.00,848.97万
467,2018-03-30,657.08万,98.22万,202.67万,-104.45万,0.00,0.00,0.00,0.00,657.08万
468,2018-03-29,761.54万,213.98万,145.34万,68.64万,0.00,0.00,0.00,0.00,761.54万
469,2018-03-28,692.90万,96.71万,107.57万,-10.86万,0.00,0.00,0.00,0.00,692.90万
470,2018-03-27,703.75万,169.84万,141.16万,28.68万,0.00,0.00,0.00,0.00,703.75万
471,2018-03-26,675.08万,203.77万,149.31万,54.46万,0.00,0.00,0.00,0.00,675.08万
472,2018-03-23,620.61万,185.98万,249.89万,-63.91万,0.00,0.00,0.00,0.00,620.61万
473,2018-03-22,684.53万,189.35万,215.82万,-26.46万,0.00,0.00,0.00,0.00,684.53万
474,2018-03-21,710.99万,74.24万,182.97万,-108.74万,0.00,0.00,0.00,0.00,710.99万
475,2018-03-20,819.73万,252.84万,41.68万,211.16万,0.00,0.00,0.00,0.00,819.73万
476,2018-03-19,608.56万,55.96万,33.12万,22.84万,0.00,0.00,0.00,0.00,608.56万
477,2018-03-16,585.72万,62.57万,91.98万,-29.41万,0.00,0.00,0.00,0.00,585.72万
478,2018-03-15,615.13万,64.81万,37.38万,27.42万,0.00,0.00,0.00,0.00,615.13万
479,2018-03-14,587.71万,5.24万,113.85万,-108.62万,0.00,0.00,0.00,0.00,587.71万
480,2018-03-13,696.33万,35.39万,43.31万,-7.92万,0.00,0.00,0.00,0.00,696.33万
481,2018-03-12,704.25万,127.56万,32.92万,94.64万,0.00,0.00,0.00,0.00,704.25万
482,2018-03-09,609.62万,16.06万,79.74万,-63.68万,0.00,0.00,0.00,0.00,609.62万
483,2018-03-08,673.30万,79.78万,10.38万,69.40万,0.00,0.00,0.00,0.00,673.30万
484,2018-03-07,603.90万,4.53万,61.79万,-57.26万,0.00,0.00,0.00,0.00,603.90万
485,2018-03-06,661.16万,21.50万,9.13万,12.37万,0.00,0.00,0.00,0.00,661.16万
486,2018-03-05,648.80万,3.32万,3.54万,-0.22万,0.00,0.00,0.00,0.00,648.80万
487,2018-03-02,649.02万,4.04万,5.33万,-1.29万,0.00,0.00,0.00,0.00,649.02万
488,2018-03-01,650.30万,29.72万,4.16万,25.57万,0.00,0.00,0.00,0.00,650.30万
489,2018-02-28,624.74万,1.91万,13.17万,-11.26万,0.00,0.00,0.00,0.00,624.74万
490,2018-02-27,636.00万,1.07万,11.64万,-10.57万,0.00,0.00,0.00,0.00,636.00万
491,2018-02-26,646.57万,10.24万,30.20万,-19.97万,0.00,0.00,0.00,0.00,646.57万
492,2018-02-23,666.53万,46.69万,45.90万,0.80万,0.00,0.00,0.00,0.00,666.53万
493,2018-02-22,665.74万,12.37万,22.38万,-10.01万,0.00,0.00,0.00,0.00,665.74万
494,2018-02-14,675.75万,6.07万,10.53万,-4.46万,0.00,0.00,0.00,0.00,675.75万
495,2018-02-13,680.21万,28.48万,58.84万,-30.36万,0.00,0.00,0.00,0.00,680.21万
496,2018-02-12,710.57万,51.77万,63.36万,-11.60万,0.00,0.00,0.00,0.00,710.57万
497,2018-02-09,722.16万,137.07万,26.99万,110.08万,0.00,0.00,0.00,0.00,722.16万
498,2018-02-08,612.09万,52.27万,36.17万,16.10万,0.00,0.00,0.00,0.00,612.09万
499,2018-02-07,595.99万,42.89万,35.58万,7.31万,0.00,0.00,0.00,0.00,595.99万
500,2018-02-06,588.68万,113.99万,21.11万,92.88万,0.00,0.00,0.00,0.00,588.68万
501,2018-02-05,495.80万,29.16万,13.52万,15.64万,0.00,0.00,0.00,0.00,495.80万
502,2018-02-02,480.16万,24.60万,8.84万,15.76万,0.00,0.00,0.00,0.00,480.16万
503,2018-02-01,464.39万,50.34万,13.21万,37.13万,0.00,0.00,0.00,0.00,464.39万
504,2018-01-31,427.26万,26.45万,14.35万,12.11万,0.00,0.00,0.00,0.00,427.26万
505,2018-01-30,415.15万,12.66万,52.99万,-40.33万,0.00,0.00,0.00,0.00,415.15万
506,2018-01-29,455.49万,25.21万,0.32万,24.89万,0.00,0.00,0.00,0.00,455.49万
507,2018-01-26,430.60万,7.41万,173.69万,-166.28万,0.00,0.00,0.00,0.00,430.60万
508,2018-01-25,596.88万,31.71万,20.86万,10.85万,0.00,0.00,0.00,0.00,596.88万
509,2018-01-24,586.03万,32.89万,8.60万,24.29万,0.00,0.00,0.00,0.00,586.03万
510,2018-01-23,561.74万,7.86万,2.99万,4.87万,0.00,0.00,0.00,0.00,561.74万
511,2018-01-22,556.86万,47.24万,165.81万,-118.57万,0.00,0.00,0.00,0.00,556.86万
512,2018-01-19,675.44万,19.84万,24.20万,-4.37万,0.00,0.00,0.00,0.00,675.44万
513,2018-01-18,679.80万,15.12万,6.69万,8.43万,0.00,0.00,0.00,0.00,679.80万
514,2018-01-17,671.37万,41.68万,17.23万,24.45万,0.00,0.00,0.00,0.00,671.37万
515,2018-01-16,646.92万,72.69万,21.55万,51.15万,0.00,0.00,0.00,0.00,646.92万
516,2018-01-15,595.77万,29.50万,18.69万,10.81万,0.00,0.00,0.00,0.00,595.77万
517,2018-01-12,584.96万,50.83万,7.72万,43.11万,0.00,0.00,0.00,0.00,584.96万
518,2018-01-11,541.85万,4.05万,11.86万,-7.81万,0.00,0.00,0.00,0.00,541.85万
519,2018-01-10,549.66万,14.34万,10.37万,3.97万,0.00,0.00,0.00,0.00,549.66万
520,2018-01-09,545.69万,17.92万,20.06万,-2.14万,0.00,0.00,0.00,0.00,545.69万
521,2018-01-08,547.83万,31.31万,7.59万,23.72万,0.00,0.00,0.00,0.00,547.83万
522,2018-01-05,524.11万,2.30万,6.10万,-3.80万,0.00,0.00,0.00,0.00,524.11万
523,2018-01-04,527.91万,0.04万,30.75万,-30.71万,0.00,0.00,0.00,0.00,527.91万
524,2018-01-03,558.62万,8.01万,13.53万,-5.53万,0.00,0.00,0.00,0.00,558.62万
525,2018-01-02,564.15万,28.59万,14.50万,14.09万,0.00,0.00,0.00,0.00,564.15万
526,2017-12-29,550.06万,12.00万,11.29万,0.71万,0.00,0.00,0.00,0.00,550.06万
527,2017-12-28,549.36万,1.49万,1.22万,0.27万,0.00,0.00,0.00,0.00,549.36万
528,2017-12-27,549.09万,70.77万,16.03万,54.74万,0.00,0.00,0.00,0.00,549.09万
529,2017-12-26,494.34万,123.05万,28.23万,94.82万,0.00,0.00,0.00,0.00,494.34万
530,2017-12-25,399.53万,50.03万,13.20万,36.83万,0.00,0.00,0.00,0.00,399.53万
531,2017-12-22,362.70万,21.59万,14.31万,7.29万,0.00,0.00,0.00,0.00,362.70万
532,2017-12-21,355.41万,9.85万,10.44万,-0.59万,0.00,0.00,0.00,0.00,355.41万
533,2017-12-20,356.00万,5.64万,38.76万,-33.13万,0.00,0.00,0.00,0.00,356.00万
534,2017-12-19,389.13万,16.42万,9.38万,7.04万,0.00,0.00,0.00,0.00,389.13万
535,2017-12-18,382.09万,38.29万,10.71万,27.59万,0.00,0.00,0.00,0.00,382.09万
536,2017-12-15,354.51万,2.25万,9.31万,-7.06万,0.00,0.00,0.00,0.00,354.51万
537,2017-12-14,361.57万,0.66万,3.25万,-2.59万,0.00,0.00,0.00,0.00,361.57万
538,2017-12-13,364.16万,21.11万,10.65万,10.45万,0.00,0.00,0.00,0.00,364.16万
539,2017-12-12,353.71万,2.79万,22.23万,-19.44万,0.00,0.00,0.00,0.00,353.71万
540,2017-12-11,373.15万,6.91万,30.50万,-23.59万,0.00,0.00,0.00,0.00,373.15万
541,2017-12-08,396.74万,20.02万,34.83万,-14.81万,0.00,0.00,0.00,0.00,396.74万
542,2017-12-07,411.56万,5.26万,5.16万,0.11万,0.00,0.00,0.00,0.00,411.56万
543,2017-12-06,411.45万,16.35万,9.74万,6.61万,0.00,0.00,0.00,0.00,411.45万
544,2017-12-05,404.84万,24.09万,30.41万,-6.31万,0.00,0.00,0.00,0.00,404.84万
545,2017-12-04,411.15万,9.53万,4.94万,4.59万,0.00,0.00,0.00,0.00,411.15万
546,2017-12-01,406.56万,2.18万,4.33万,-2.15万,0.00,0.00,0.00,0.00,406.56万
547,2017-11-30,408.72万,7.61万,4.48万,3.14万,0.00,0.00,0.00,0.00,408.72万
548,2017-11-29,405.58万,12.99万,11.01万,1.99万,0.00,0.00,0.00,0.00,405.58万
549,2017-11-28,403.59万,3.71万,12.35万,-8.64万,0.00,0.00,0.00,0.00,403.59万
550,2017-11-27,412.23万,24.91万,39.07万,-14.16万,0.00,0.00,0.00,0.00,412.23万
551,2017-11-24,426.39万,31.23万,31.36万,-0.13万,0.00,0.00,0.00,0.00,426.39万
552,2017-11-23,426.52万,46.84万,37.44万,9.40万,0.00,0.00,0.00,0.00,426.52万
553,2017-11-22,417.13万,64.12万,26.56万,37.56万,0.00,0.00,0.00,0.00,417.13万
554,2017-11-21,379.57万,8.00万,65.32万,-57.32万,0.00,0.00,0.00,0.00,379.57万
555,2017-11-20,436.89万,17.07万,16.59万,0.48万,0.00,0.00,0.00,0.00,436.89万
556,2017-11-17,436.41万,27.36万,15.44万,11.92万,0.00,0.00,0.00,0.00,436.41万
557,2017-11-16,424.49万,32.43万,19.39万,13.04万,0.00,0.00,0.00,0.00,424.49万
558,2017-11-15,411.45万,22.68万,11.62万,11.06万,0.00,0.00,0.00,0.00,411.45万
559,2017-11-14,400.39万,33.34万,10.55万,22.79万,0.00,0.00,0.00,0.00,400.39万
560,2017-11-13,377.60万,40.49万,16.25万,24.23万,0.00,0.00,0.00,0.00,377.60万
561,2017-11-10,353.37万,6.08万,9.62万,-3.54万,0.00,0.00,0.00,0.00,353.37万
562,2017-11-09,356.91万,8.47万,38.05万,-29.59万,0.00,0.00,0.00,0.00,356.91万
563,2017-11-08,386.50万,54.07万,90.74万,-36.67万,0.00,0.00,0.00,0.00,386.50万
564,2017-11-07,423.17万,0.78万,8.98万,-8.20万,0.00,0.00,0.00,0.00,423.17万
565,2017-11-06,431.37万,73.12万,30.71万,42.41万,0.00,0.00,0.00,0.00,431.37万
566,2017-11-03,388.96万,10.45万,20.13万,-9.68万,0.00,0.00,0.00,0.00,388.96万
567,2017-11-02,398.64万,26.57万,20.96万,5.61万,0.00,0.00,0.00,0.00,398.64万
568,2017-11-01,393.03万,5.67万,12.78万,-7.10万,0.00,0.00,0.00,0.00,393.03万
569,2017-10-31,400.13万,25.95万,5.83万,20.12万,0.00,0.00,0.00,0.00,400.13万
570,2017-10-30,380.01万,6.86万,18.44万,-11.58万,0.00,0.00,0.00,0.00,380.01万
571,2017-10-27,391.60万,0.85万,26.83万,-25.98万,0.00,0.00,0.00,0.00,391.60万
572,2017-10-26,417.57万,52.66万,17.48万,35.18万,0.00,0.00,0.00,0.00,417.57万
573,2017-10-25,382.40万,16.46万,8.80万,7.66万,0.00,0.00,0.00,0.00,382.40万
574,2017-10-24,374.74万,4.63万,0.79万,3.84万,0.00,0.00,0.00,0.00,374.74万
575,2017-10-23,370.89万,10.34万,2.91万,7.43万,0.00,0.00,0.00,0.00,370.89万
576,2017-10-20,363.46万,10.89万,5.96万,4.93万,0.00,0.00,0.00,0.00,363.46万
577,2017-10-19,358.53万,89.06万,15.41万,73.65万,0.00,0.00,0.00,0.00,358.53万
578,2017-10-18,284.89万,36.57万,5.25万,31.32万,0.00,0.00,0.00,0.00,284.89万
579,2017-10-17,253.57万,1.30万,324.07万,-322.78万,0.00,0.00,0.00,0.00,253.57万
580,2017-10-16,576.35万,139.20万,11.49万,127.72万,0.00,0.00,0.00,0.00,576.35万
581,2017-10-13,448.63万,3.11万,13.74万,-10.62万,0.00,0.00,0.00,0.00,448.63万
582,2017-10-12,459.25万,3.77万,18.30万,-14.53万,0.00,0.00,0.00,0.00,459.25万
583,2017-10-11,473.78万,256.72万,12.10万,244.63万,0.00,0.00,0.00,0.00,473.78万
584,2017-10-10,229.16万,27.59万,3.00万,24.59万,0.00,0.00,0.00,0.00,229.16万
585,2017-10-09,204.56万,7.14万,17.66万,-10.52万,0.00,0.00,0.00,0.00,204.56万
586,2017-09-29,215.08万,13.44万,7.78万,5.66万,0.00,0.00,0.00,0.00,215.08万
587,2017-09-28,209.42万,7.30万,5.03万,2.27万,0.00,0.00,0.00,0.00,209.42万
588,2017-09-27,207.15万,0.14万,0.01万,0.13万,0.00,0.00,0.00,0.00,207.15万
589,2017-09-26,207.02万,0.22万,1.13万,-0.90万,0.00,0.00,0.00,0.00,207.02万
590,2017-09-25,207.93万,1.75万,9.29万,-7.54万,0.00,0.00,0.00,0.00,207.93万
591,2017-09-22,215.47万,1.68万,37.60万,-35.92万,0.00,0.00,0.00,0.00,215.47万
592,2017-09-21,251.39万,16.58万,0.00万,16.58万,0.00,0.00,0.00,0.00,251.39万
593,2017-09-20,234.82万,25.55万,0.75万,24.81万,0.00,0.00,0.00,0.00,234.82万
594,2017-09-19,210.01万,9.52万,0.96万,8.57万,0.00,0.00,0.00,0.00,210.01万
595,2017-09-18,201.44万,1.70万,23.99万,-22.29万,0.00,0.00,0.00,0.00,201.44万
596,2017-09-15,223.73万,3.96万,5.91万,-1.95万,0.00,0.00,0.00,0.00,223.73万
597,2017-09-14,225.68万,15.36万,18.24万,-2.89万,0.00,0.00,0.00,0.00,225.68万
598,2017-09-13,228.57万,21.52万,17.19万,4.33万,0.00,0.00,0.00,0.00,228.57万
599,2017-09-12,224.24万,4.56万,24.25万,-19.69万,0.00,0.00,0.00,0.00,224.24万
600,2017-09-11,243.93万,19.43万,3.32万,16.11万,0.00,0.00,0.00,0.00,243.93万
601,2017-09-08,227.82万,15.79万,22.04万,-6.25万,0.00,0.00,0.00,0.00,227.82万
602,2017-09-07,234.08万,4.96万,10.38万,-5.43万,0.00,0.00,0.00,0.00,234.08万
603,2017-09-06,239.50万,1.22万,6.19万,-4.96万,0.00,0.00,0.00,0.00,239.50万
604,2017-09-05,244.47万,1.54万,6.42万,-4.88万,0.00,0.00,0.00,0.00,244.47万
605,2017-09-04,249.35万,6.85万,11.80万,-4.94万,0.00,0.00,0.00,0.00,249.35万
606,2017-09-01,254.30万,1.95万,2.99万,-1.04万,0.00,0.00,0.00,0.00,254.30万
607,2017-08-31,255.34万,5.31万,6.79万,-1.47万,0.00,0.00,0.00,0.00,255.34万
608,2017-08-30,256.82万,6.44万,2.36万,4.08万,0.00,0.00,0.00,0.00,256.82万
609,2017-08-29,252.74万,2.49万,8.19万,-5.70万,0.00,0.00,0.00,0.00,252.74万
610,2017-08-28,258.44万,41.66万,92.52万,-50.85万,0.00,0.00,0.00,0.00,258.44万
611,2017-08-25,309.29万,45.42万,18.07万,27.35万,0.00,0.00,0.00,0.00,309.29万
612,2017-08-24,281.94万,3.58万,1.33万,2.25万,0.00,0.00,0.00,0.00,281.94万
613,2017-08-23,279.69万,13.75万,11.54万,2.21万,0.00,0.00,0.00,0.00,279.69万
614,2017-08-22,277.48万,4.06万,0.31万,3.75万,0.00,0.00,0.00,0.00,277.48万
615,2017-08-21,273.74万,20.73万,0.99万,19.74万,0.00,0.00,0.00,0.00,273.74万
616,2017-08-18,253.99万,0.32万,15.52万,-15.20万,0.00,0.00,0.00,0.00,253.99万
617,2017-08-17,269.19万,5.66万,2.13万,3.53万,0.00,0.00,0.00,0.00,269.19万
618,2017-08-16,265.65万,11.42万,10.27万,1.15万,0.00,0.00,0.00,0.00,265.65万
619,2017-08-15,264.50万,5.19万,16.21万,-11.02万,0.00,0.00,0.00,0.00,264.50万
620,2017-08-14,275.52万,27.87万,5.55万,22.32万,0.00,0.00,0.00,0.00,275.52万
621,2017-08-11,253.20万,41.78万,10.53万,31.26万,0.00,0.00,0.00,0.00,253.20万
622,2017-08-10,221.94万,6.72万,0.70万,6.03万,0.00,0.00,0.00,0.00,221.94万
623,2017-08-09,215.92万,29.32万,8.24万,21.08万,0.00,0.00,0.00,0.00,215.92万
624,2017-08-08,194.84万,5.02万,14.75万,-9.73万,0.00,0.00,0.00,0.00,194.84万
625,2017-08-07,204.57万,12.12万,40.43万,-28.31万,0.00,0.00,0.00,0.00,204.57万
626,2017-08-04,232.88万,24.85万,3.15万,21.70万,0.00,0.00,0.00,0.00,232.88万
627,2017-08-03,211.18万,20.78万,2.77万,18.02万,0.00,0.00,0.00,0.00,211.18万
628,2017-08-02,193.16万,27.66万,3.51万,24.15万,0.00,0.00,0.00,0.00,193.16万
629,2017-08-01,169.01万,18.84万,7.82万,11.02万,0.00,0.00,0.00,0.00,169.01万
630,2017-07-31,157.99万,7.91万,23.52万,-15.61万,0.00,0.00,0.00,0.00,157.99万
631,2017-07-28,173.60万,16.59万,5.34万,11.26万,0.00,0.00,0.00,0.00,173.60万
632,2017-07-27,162.35万,10.16万,8.64万,1.52万,0.00,0.00,0.00,0.00,162.35万
633,2017-07-26,160.82万,9.32万,8.40万,0.91万,0.00,0.00,0.00,0.00,160.82万
634,2017-07-25,159.91万,6.94万,39.69万,-32.76万,0.00,0.00,0.00,0.00,159.91万
635,2017-07-24,192.67万,21.78万,16.88万,4.90万,0.00,0.00,0.00,0.00,192.67万
636,2017-07-21,187.77万,18.31万,11.84万,6.48万,0.00,0.00,0.00,0.00,187.77万
637,2017-07-20,181.29万,5.83万,14.45万,-8.62万,0.00,0.00,0.00,0.00,181.29万
638,2017-07-19,189.91万,12.30万,23.66万,-11.35万,0.00,0.00,0.00,0.00,189.91万
639,2017-07-18,201.27万,20.09万,16.43万,3.66万,0.00,0.00,0.00,0.00,201.27万
640,2017-07-17,197.61万,112.34万,35.21万,77.13万,0.00,0.00,0.00,0.00,197.61万
641,2017-07-14,120.48万,9.55万,4.22万,5.33万,0.00,0.00,0.00,0.00,120.48万
642,2017-07-13,115.15万,9.71万,4.29万,5.42万,0.00,0.00,0.00,0.00,115.15万
643,2017-07-12,109.73万,12.50万,0.60万,11.90万,0.00,0.00,0.00,0.00,109.73万
644,2017-07-11,97.83万,12.40万,4.87万,7.53万,0.00,0.00,0.00,0.00,97.83万
645,2017-07-10,90.30万,1.29万,0.91万,0.38万,0.00,0.00,0.00,0.00,90.30万
646,2017-07-07,89.92万,4.55万,6.10万,-1.55万,0.00,0.00,0.00,0.00,89.92万
647,2017-07-06,91.47万,11.32万,0.09万,11.23万,0.00,0.00,0.00,0.00,91.47万
648,2017-07-05,80.24万,1.32万,1.09万,0.23万,0.00,0.00,0.00,0.00,80.24万
649,2017-07-04,80.01万,2.09万,1.24万,0.85万,0.00,0.00,0.00,0.00,80.01万
650,2017-07-03,79.16万,0.00万,4.61万,-4.61万,0.00,0.00,0.00,0.00,79.16万
651,2017-06-30,83.77万,0.68万,0.44万,0.23万,0.00,0.00,0.00,0.00,83.77万
652,2017-06-29,83.54万,2.00万,1.27万,0.73万,0.00,0.00,0.00,0.00,83.54万
653,2017-06-28,82.81万,1.00万,1.13万,-0.13万,0.00,0.00,0.00,0.00,82.81万
654,2017-06-27,82.93万,1.21万,11.78万,-10.57万,0.00,0.00,0.00,0.00,82.93万
655,2017-06-26,93.50万,12.73万,25.31万,-12.59万,0.00,0.00,0.00,0.00,93.50万
656,2017-06-23,106.09万,14.00万,16.82万,-2.82万,0.00,0.00,0.00,0.00,106.09万
657,2017-06-22,108.90万,11.23万,1.18万,10.05万,0.00,0.00,0.00,0.00,108.90万
658,2017-06-21,98.86万,0.51万,15.46万,-14.95万,0.00,0.00,0.00,0.00,98.86万
659,2017-06-20,113.81万,0.64万,3.83万,-3.19万,0.00,0.00,0.00,0.00,113.81万
660,2017-06-19,116.99万,1.61万,5.86万,-4.24万,0.00,0.00,0.00,0.00,116.99万
661,2017-06-16,121.24万,0.01万,1.09万,-1.08万,0.00,0.00,0.00,0.00,121.24万
662,2017-06-15,122.32万,1.31万,0.00万,1.31万,0.00,0.00,0.00,0.00,122.32万
663,2017-06-14,121.01万,0.66万,4.75万,-4.09万,0.00,0.00,0.00,0.00,121.01万
664,2017-06-13,125.10万,0.54万,0.07万,0.47万,0.00,0.00,0.00,0.00,125.10万
665,2017-06-12,124.63万,35.98万,4.62万,31.36万,0.00,0.00,0.00,0.00,124.63万
666,2017-06-09,93.27万,0.00万,3.28万,-3.28万,0.00,0.00,0.00,0.00,93.27万
667,2017-06-08,96.55万,0.00万,29.14万,-29.14万,0.00,0.00,0.00,0.00,96.55万
668,2017-06-07,125.69万,43.13万,4.09万,39.04万,0.00,0.00,0.00,0.00,125.69万
669,2017-06-06,86.66万,0.26万,17.83万,-17.57万,0.00,0.00,0.00,0.00,86.66万
670,2017-06-05,104.22万,1.91万,1.27万,0.64万,0.00,0.00,0.00,0.00,104.22万
671,2017-06-02,103.58万,1.87万,2.07万,-0.20万,0.00,0.00,0.00,0.00,103.58万
672,2017-06-01,103.78万,2.85万,2.52万,0.33万,0.00,0.00,0.00,0.00,103.78万
673,2017-05-31,103.45万,1.27万,0.63万,0.64万,0.00,0.00,0.00,0.00,103.45万
674,2017-05-26,102.81万,0.00万,2.51万,-2.51万,0.00,0.00,0.00,0.00,102.81万
675,2017-05-25,105.32万,5.04万,0.01万,5.03万,0.00,0.00,0.00,0.00,105.32万
676,2017-05-24,100.28万,10.55万,4.91万,5.63万,0.00,0.00,0.00,0.00,100.28万
677,2017-05-23,94.65万,45.33万,28.70万,16.64万,0.00,0.00,0.00,0.00,94.65万
678,2017-05-22,78.01万,0.70万,2.51万,-1.81万,0.00,0.00,0.00,0.00,78.01万
679,2017-05-19,79.82万,0.00万,11.37万,-11.37万,0.00,0.00,0.00,0.00,79.82万
680,2017-05-18,91.18万,0.47万,1.27万,-0.80万,0.00,0.00,0.00,0.00,91.18万
681,2017-05-17,91.98万,0.00万,2.85万,-2.85万,0.00,0.00,0.00,0.00,91.98万
682,2017-05-16,94.83万,0.01万,3.18万,-3.17万,0.00,0.00,0.00,0.00,94.83万
683,2017-05-15,98.00万,1.33万,0.76万,0.57万,0.00,0.00,0.00,0.00,98.00万
684,2017-05-12,97.42万,4.27万,13.05万,-8.78万,0.00,0.00,0.00,0.00,97.42万
685,2017-05-11,106.20万,37.97万,2.07万,35.90万,0.00,0.00,0.00,0.00,106.20万
686,2017-05-10,70.30万,4.17万,1.13万,3.04万,0.00,0.00,0.00,0.00,70.30万
687,2017-05-09,67.25万,14.32万,6.28万,8.04万,0.00,0.00,0.00,0.00,67.25万
688,2017-05-08,59.22万,13.36万,1.44万,11.92万,0.00,0.00,0.00,0.00,59.22万
689,2017-05-05,47.30万,1.69万,2.99万,-1.30万,0.00,0.00,0.00,0.00,47.30万
690,2017-05-04,48.60万,0.05万,1.59万,-1.54万,0.00,0.00,0.00,0.00,48.60万
691,2017-05-03,50.14万,4.23万,1.78万,2.45万,0.00,0.00,0.00,0.00,50.14万
692,2017-05-02,47.69万,0.50万,0.00万,0.50万,0.00,0.00,0.00,0.00,47.69万
693,2017-04-28,47.19万,4.59万,8.39万,-3.80万,0.00,0.00,0.00,0.00,47.19万
694,2017-04-27,50.99万,3.98万,0.00万,3.98万,0.00,0.00,0.00,0.00,50.99万
695,2017-04-26,47.01万,6.89万,7.51万,-0.62万,0.00,0.00,0.00,0.00,47.01万
696,2017-04-25,47.63万,16.40万,2.48万,13.93万,0.00,0.00,0.00,0.00,47.63万
697,2017-04-24,33.70万,4.02万,0.00万,4.02万,0.00,0.00,0.00,0.00,33.70万
698,2017-04-21,29.69万,0.65万,10.84万,-10.19万,0.00,0.00,0.00,0.00,29.69万
699,2017-04-20,39.88万,2.59万,0.82万,1.76万,0.00,0.00,0.00,0.00,39.88万
700,2017-04-19,38.12万,2.50万,18.48万,-15.98万,0.00,0.00,0.00,0.00,38.12万
701,2017-04-18,54.09万,2.53万,5.74万,-3.21万,0.00,0.00,0.00,0.00,54.09万
702,2017-04-17,57.31万,5.79万,0.00万,5.79万,0.00,0.00,0.00,0.00,57.31万
703,2017-04-14,51.52万,0.70万,2.30万,-1.60万,0.00,0.00,0.00,0.00,51.52万
704,2017-04-13,53.12万,0.00万,0.00万,0.00万,0.00,0.00,0.00,0.00,53.12万
705,2017-04-12,53.12万,3.46万,0.00万,3.46万,0.00,0.00,0.00,0.00,53.12万
706,2017-04-11,49.66万,17.50万,0.00万,17.50万,0.00,0.00,0.00,0.00,49.66万
707,2017-04-10,32.16万,0.00万,0.43万,-0.43万,0.00,0.00,0.00,0.00,32.16万
708,2017-04-07,32.58万,0.53万,0.74万,-0.21万,0.00,0.00,0.00,0.00,32.58万
709,2017-04-06,32.80万,1.45万,22.71万,-21.26万,0.00,0.00,0.00,0.00,32.80万
710,2017-04-05,54.06万,18.51万,19.76万,-1.25万,0.00,0.00,0.00,0.00,54.06万
711,2017-03-31,55.31万,11.98万,0.65万,11.32万,0.00,0.00,0.00,0.00,55.31万
712,2017-03-30,43.99万,9.51万,3.93万,5.58万,0.00,0.00,0.00,0.00,43.99万
713,2017-03-29,38.41万,1.32万,7.92万,-6.60万,0.00,0.00,0.00,0.00,38.41万
714,2017-03-28,45.01万,0.00万,0.00万,0.00万,0.00,0.00,0.00,0.00,45.01万
715,2017-03-27,45.01万,1.96万,0.00万,1.96万,0.00,0.00,0.00,0.00,45.01万
716,2017-03-24,43.05万,0.01万,0.01万,0.00万,0.00,0.00,0.00,0.00,43.05万
717,2017-03-23,43.04万,14.20万,0.67万,13.54万,0.00,0.00,0.00,0.00,43.04万
718,2017-03-22,29.51万,13.19万,0.00万,13.19万,0.00,0.00,0.00,0.00,29.51万
719,2017-03-21,16.31万,16.31万,0.00万,16.31万,0.00,0.00,0.00,0.00,16.31万
