日期,融资余额(元),融资买入额(元),融资偿还额(元),融券余量,融券卖出量,融券偿还量
2021-04-28,73666410,77280305,3613895,5346794,5346794,0
2021-04-29,85810371,63009362,50865401,3385767,79946,2040973
2021-04-30,81678189,36645381,40777563,3420653,382899,348013
2021-05-06,80941175,16301167,17038181,3174644,101045,347054
2021-05-07,77278653,28512238,32174760,3007225,322348,489767
2021-05-10,65900588,26035231,37413296,2634848,119306,491683
2021-05-11,70283350,19442753,15059991,2725978,255753,164623
2021-05-12,76602442,33715272,27396180,2109334,256768,873412
2021-05-13,79498339,26990452,24094555,1751735,125460,483059
2021-05-14,83629581,25180073,21048831,1664597,64787,151925
2021-05-17,100583369,32955420,16001632,1508314,88925,245208
2021-05-18,101377039,19082214,18288544,1308828,127629,327115
2021-05-19,113220594,37036658,25193103,1282315,135306,161819
2021-05-20,112250656,15943392,16913330,1346272,164552,100595
2021-05-21,116733697,21278876,16795835,1274396,87946,159822
2021-05-24,110843970,6548243,12437970,1164050,28957,139303
2021-05-25,111597600,12413104,11659474,105821,0,1058229
2021-05-26,111625721,15660812,15632691,0,0,105821
2021-05-27,115110859,11119534,7634396,0,0,0
2021-05-28,109340622,10807050,16577287,0,0,0
2021-05-31,106282982,14431905,17489545,0,0,0
2021-06-01,118860484,32170028,19592526,0,0,0
2021-06-02,121837327,20836838,17859995,0,0,0
2021-06-03,116243283,13911352,19505396,0,0,0
2021-06-04,122414250,12850744,6679777,11900,11900,0
2021-06-07,128127799,11252931,5539382,28780,16880,0
2021-06-08,130139174,10601919,8590544,41342,19328,6766
2021-06-09,134447028,19957968,15650114,73340,46743,14745
2021-06-10,141258204,28758836,21947660,75292,4652,2700
2021-06-11,162492890,36762493,15527807,76458,18586,17420
2021-06-15,159977477,15805795,18321208,76472,18600,18586
2021-06-16,162913446,9117348,6181379,87803,29931,18600
2021-06-17,161512378,4287764,5688832,72208,23305,38900
2021-06-18,165913191,14041028,9640215,71299,22396,23305
2021-06-21,155455252,7314015,17771954,65543,14444,20200
2021-06-22,159351876,11419765,7523141,67949,17606,15200
2021-06-23,184879383,33173147,7645640,69972,19500,17477
2021-06-24,177411979,4965784,12433188,141589,91117,19500
2021-06-25,161591075,10326464,26147368,167298,45809,20100
2021-06-28,162701534,7324614,6214155,171611,18213,13900
2021-06-29,150799542,11110867,23012859,175195,25777,22193
2021-06-30,153760729,19093606,16132419,193365,36725,18555
2021-07-01,136466928,15061687,32355488,192140,18000,19225
2021-07-02,136921863,9755518,9300583,242824,81030,30346
2021-07-05,142568629,14673234,9026468,235154,17730,25400
2021-07-06,149286646,24199464,17481447,245354,28000,17800
2021-07-07,144970413,20350394,24666627,256797,45860,34417
2021-07-08,143828448,16804620,17946585,284675,49523,21645
2021-07-09,142102759,18891385,20617074,286713,33838,31800
2021-07-12,153638552,29821969,18286176,503193,236280,19800
2021-07-13,145475444,11558167,19721275,791814,320544,31923
2021-07-14,146215156,13360345,12620633,1098463,332729,26080
2021-07-15,140082960,5376102,11508298,1203709,220615,115369
2021-07-16,137164122,6668845,9587683,1232587,47914,19036
2021-07-19,133511821,6453181,10105482,1223065,18300,27822
2021-07-20,133989017,4950568,4473372,1177725,29666,75006
2021-07-21,137395584,11088512,7681945,1188731,42094,36768
2021-07-22,133483367,8809423,12721640,1292202,124602,21131
2021-07-23,132320845,7198167,8360689,1335100,68947,26049
2021-07-26,126866467,8334765,13789143,1368692,50441,16849
2021-07-27,125242186,9718913,11343194,1559949,227329,36072
2021-07-28,130290277,12432096,7384005,1627771,75784,7962
2021-07-29,123122865,8645274,15812686,1606602,23700,44869
2021-07-30,117227401,10528243,16423707,1612623,28900,22879
2021-08-02,117425242,6769752,6835063,1601923,14900,25600
2021-08-03,115734982,11529940,13220200,1583153,26945,45715
2021-08-04,117129326,6716213,5175323,1559991,8599,31761
2021-08-05,117996188,5981435,5114573,1569994,20983,10980
2021-08-06,126951690,15177507,6222005,1578634,20897,12257
2021-08-09,126550119,7927758,8329329,1577527,11296,12403
2021-08-10,125217229,8954202,10287092,1577436,4700,4791
2021-08-11,122287763,8643835,11536101,1603844,37653,11245
2021-08-12,119971183,7790138,10106718,1660526,65657,8975
2021-08-13,116853063,5431514,8549634,1657232,9018,12312
2021-08-16,115535645,4555627,5873045,1665498,19736,11470
2021-08-17,112735128,3447172,6247689,1657372,15510,23636
2021-08-18,110901254,3774856,5608730,1668100,19304,8576
2021-08-19,111206101,6556614,6251767,1671782,14210,10528
2021-08-20,110924591,2530773,2736883,1676213,17938,13507
2021-08-23,114008876,6883763,3799478,1680780,14445,9878
2021-08-24,119908802,14910665,9010739,1680331,27739,28188
2021-08-25,119499748,8425977,8835031,1713225,45257,12363
2021-08-26,114564862,4061798,8996684,1710048,9907,13084
2021-08-27,109087024,3868833,9346671,1836548,133100,6600
2021-08-30,113984531,15521660,10624153,1872679,45200,9069
2021-08-31,112773454,11899825,13110902,1885079,15200,2800
2021-09-01,113924523,13558406,12407337,1872875,11596,23800
2021-09-02,115562364,7519156,5881315,1879626,18407,11656
2021-09-03,107844189,3530864,11249039,1824623,7189,62192
2021-09-06,107886311,5874494,5832372,1898649,93297,19271
2021-09-07,107268642,3682647,4300316,1818045,8500,89104
2021-09-08,108369496,8492544,7391690,1824430,8785,2400
2021-09-09,105754330,4779377,7394543,1818360,5630,11700
2021-09-10,108238965,7830123,5345488,1816699,7797,9458
2021-09-13,109068792,5153498,4323671,1817341,13988,13346
2021-09-14,112450537,7313831,3932086,1831555,26414,12200
2021-09-15,91720828,15534313,35023382,1824242,5400,9000
2021-09-16,86280788,3482217,8922257,1847432,23894,704
2021-09-17,83516048,3148297,5913037,1833419,1967,15980
2021-09-22,83453672,3455699,3518075,1577628,11809,267600
2021-09-23,84249425,1850987,1055234,1792723,253943,38848
2021-09-24,84819437,3467966,2897954,1863364,98658,28017
2021-09-27,82723595,2141815,4237657,1860187,8323,11500
2021-09-28,80869963,830333,2683965,1861195,2508,1500
2021-09-29,80363024,1203204,1710143,1842115,7100,26180
2021-09-30,82727825,4264049,1899248,1856815,14700,0
2021-10-08,83292218,1616504,1052111,1902512,51297,5600
2021-10-11,80398752,479043,3372509,1917838,15326,0
2021-10-12,79120826,1314931,2592857,1920328,10723,8233
2021-10-13,78884144,793285,1058967,1752224,43986,212090
2021-10-14,81060318,3527311,1351137,1832682,80458,0
2021-10-15,79614444,1122362,2568236,1588982,17200,260900
2021-10-18,79780397,1101096,935143,1590471,1489,0
2021-10-19,75337544,1723656,6166509,1619571,29100,0
2021-10-20,75955077,1586388,968855,1605771,0,13800
2021-10-21,76149387,2499895,2305585,1636518,40300,9553
2021-10-22,75177596,529077,1500868,1652458,24540,8600
2021-10-25,70886796,517722,4808522,1642973,7600,17085
2021-10-26,70458237,2485283,2913842,1638073,17900,22800
2021-10-27,69898357,2512124,3072004,1707136,71263,2200
2021-10-28,70066292,3557618,3389683,1557219,135205,285122
2021-10-29,69784933,1069840,1351199,1555414,123400,125205
2021-11-01,70661698,2469453,1592688,1477469,9600,87545
2021-11-02,71269950,1633927,1025675,1476754,2435,3150
2021-11-03,71121739,2256807,2405018,1475782,1528,2500
2021-11-04,72698024,3807617,2231332,1460439,10998,26341
2021-11-05,69924771,2850177,5623430,1453354,1350,8435
2021-11-08,66513210,3854726,7266287,1444154,2200,11400
2021-11-09,65497327,2764157,3780040,1346937,1300,98517
2021-11-10,69865520,6686010,2317817,1412335,73598,8200
2021-11-11,67575996,2442669,4732193,1336877,0,75458
2021-11-12,70510112,5015801,2081685,1319337,4160,21700
2021-11-15,71447503,3001563,2064172,1389631,70294,0
2021-11-16,67763640,1805299,5489162,1389192,0,439
2021-11-17,65418071,1907615,4253184,1387331,0,1861
2021-11-18,65406866,2301176,2312381,1307531,200,80000
2021-11-19,66236755,5085629,4255740,1305386,2700,4845
2021-11-22,69747511,9735695,6224939,1299486,1200,7100
2021-11-23,68212967,4415042,5949586,1296751,1865,4600
2021-11-24,72646758,6807030,2373239,1296751,0,0
2021-11-25,72019135,3200187,3827810,1292333,200,4618
2021-11-26,70996601,1809711,2832245,1290433,0,1900
2021-11-29,70534527,2115438,2577512,1281178,0,9255
2021-11-30,70492872,1863005,1904660,1267778,0,13400
2021-12-01,71339474,2033454,1186852,1267778,0,0
2021-12-02,70844114,1779097,2274457,1270684,2906,0
2021-12-03,72269658,3772498,2346954,1270684,0,0
2021-12-06,72913867,2422640,1778431,1264884,0,5800
2021-12-07,71117303,1362085,3158649,1263775,6400,7509
2021-12-08,66815886,1302685,5604102,1259386,0,4389
2021-12-09,66773580,3456927,3499233,1261586,2200,0
2021-12-10,64805586,2440935,4408929,1204808,7489,64267
2021-12-13,64871095,3991069,3925560,1200627,2538,6719
2021-12-14,65631859,2763696,1999486,1203851,3224,0
2021-12-15,65049611,3890746,4472994,1138767,5916,71000
2021-12-16,64259353,5254869,6045127,1210392,73943,2318
2021-12-17,63349401,2271227,3181179,1205608,0,4784
2021-12-20,64321543,8779795,7807653,1213508,7900,0
2021-12-21,65042576,6251483,4834924,1202706,0,10802
2021-12-22,66045842,2548921,1545655,1213411,10705,0
2021-12-23,68681809,4440367,1804400,1233078,34502,14835
2021-12-24,58465187,2391343,12607965,1229562,18676,22192
