day,open,high,low,close,volume
2017-09-01,10.36,10.36,10.27,10.29,13671678
2017-09-04,10.28,10.28,10.19,10.26,16216551
2017-09-05,10.26,10.31,10.19,10.24,11659373
2017-09-06,10.21,10.28,10.19,10.24,10689526
2017-09-07,10.24,10.38,10.21,10.26,17387420
2017-09-08,10.23,10.26,10.19,10.22,13581897
2017-09-11,10.24,10.3,10.2,10.29,13519764
2017-09-12,10.3,10.31,10.12,10.18,23528983
2017-09-13,10.16,10.19,10.12,10.18,7971520
2017-09-14,10.18,10.23,10.11,10.14,14884950
2017-09-15,10.16,10.42,10.12,10.29,33512632
2017-09-18,10.26,10.32,10.21,10.23,15329176
2017-09-19,10.24,10.52,10.22,10.35,41711090
2017-09-20,10.36,10.38,10.25,10.34,21540904
2017-09-21,10.35,10.36,10.16,10.18,18105108
2017-09-22,10.16,10.18,10.1,10.13,12890313
2017-09-25,10.13,10.14,10.02,10.03,11796637
2017-09-26,10.01,10.06,9.98,10.04,9493940
2017-09-27,10.04,10.08,9.98,10.03,10954225
2017-09-28,10.02,10.02,9.88,9.89,14839801
2017-09-29,9.93,9.94,9.81,9.82,16591731
2017-10-09,9.92,9.96,9.86,9.88,12971223
2017-10-10,9.9,10.04,9.87,10.02,13857539
2017-10-11,10.02,10.03,9.95,9.97,10265053
2017-10-12,9.97,9.98,9.88,9.92,9105213
2017-10-13,9.92,10.09,9.89,10.04,19174609
2017-10-16,10.05,10.08,9.93,9.96,16380191
2017-10-17,9.91,9.97,9.91,9.96,7965973
2017-10-18,9.93,9.96,9.81,9.82,11633556
2017-10-19,9.82,9.84,9.64,9.74,15705304
2017-10-20,9.71,9.93,9.7,9.88,12701533
2017-10-23,9.88,9.89,9.8,9.83,9027010
2017-10-24,9.83,9.97,9.82,9.95,15217280
2017-10-25,9.95,9.95,9.91,9.93,6317213
2017-10-26,9.92,9.92,9.82,9.85,10218923
2017-10-27,9.87,9.88,9.77,9.77,7751474
2017-10-30,9.75,9.77,9.48,9.68,17941682
2017-10-31,9.59,9.6,9.52,9.58,8710888
2017-11-01,9.54,9.61,9.5,9.51,7699422
2017-11-02,9.52,9.54,9.33,9.51,16933685
2017-11-03,9.47,9.56,9.35,9.53,11886316
2017-11-06,9.5,9.52,9.41,9.46,6304811
2017-11-07,9.44,9.46,9.37,9.44,7254850
2017-11-08,9.41,9.51,9.39,9.45,6901366
2017-11-09,9.45,9.47,9.41,9.43,5663189
2017-11-10,9.45,9.45,9.34,9.34,10305119
2017-11-13,9.33,9.33,9.17,9.2,15269760
2017-11-14,9.2,9.21,9.06,9.09,12197085
2017-11-15,9.09,9.12,9.02,9.09,9018839
2017-11-16,9.08,9.1,9.03,9.04,6791892
2017-11-17,9.04,9.23,8.81,9.21,31805604
2017-11-20,9.12,9.16,9.02,9.13,8936843
2017-11-21,9.13,9.19,9.07,9.15,8756684
2017-11-22,9.14,9.14,9.02,9.05,8422507
2017-11-23,9.03,9.05,8.88,8.96,10695809
2017-11-24,8.93,8.99,8.86,8.98,7200436
2017-11-27,8.98,9.0,8.88,8.99,6016559
2017-11-28,9.0,9.0,8.89,8.95,4594874
2017-11-29,8.96,9.06,8.88,9.03,9472521
2017-11-30,8.99,9.02,8.88,8.94,8090572
2017-12-01,8.91,8.96,8.89,8.92,7388178
2017-12-04,8.9,8.96,8.84,8.92,9249219
2017-12-05,8.91,9.15,8.9,9.11,29739717
2017-12-06,9.12,9.16,9.03,9.15,9348954
2017-12-07,9.13,9.2,9.03,9.12,9152587
2017-12-08,9.09,9.12,9.04,9.07,6358597
2017-12-11,9.07,9.11,9.01,9.06,5299331
2017-12-12,9.04,9.06,8.91,8.93,5999933
2017-12-13,8.95,8.96,8.9,8.96,4948900
2017-12-14,8.95,8.95,8.88,8.93,4163272
2017-12-15,8.91,8.95,8.86,8.93,6610144
2017-12-18,8.93,8.95,8.87,8.95,4532447
2017-12-19,8.94,8.98,8.9,8.94,3144267
2017-12-20,8.94,8.96,8.83,8.94,7674896
2017-12-21,8.94,8.94,8.85,8.92,5062193
2017-12-22,8.93,8.94,8.86,8.92,4771378
2017-12-25,8.91,8.92,8.83,8.85,6099310
2017-12-26,8.85,8.88,8.8,8.83,6307556
2017-12-27,8.82,8.85,8.76,8.81,10477255
2017-12-28,8.79,8.82,8.76,8.79,5707328
2017-12-29,8.76,8.82,8.76,8.8,5954603
2018-01-02,8.79,8.96,8.79,8.91,8824539
2018-01-03,8.9,8.98,8.87,8.93,7511506
2018-01-04,8.94,9.05,8.92,9.05,11715619
2018-01-05,9.05,9.57,8.98,9.31,37693374
2018-01-08,9.3,9.46,9.21,9.33,25217091
2018-01-09,9.31,9.45,9.24,9.34,16503119
2018-01-10,9.31,9.38,9.1,9.17,16173138
2018-01-11,9.13,9.17,9.08,9.14,10205838
2018-01-12,9.15,9.35,9.14,9.25,17350028
2018-01-15,9.25,9.25,8.91,8.92,14106257
2018-01-16,8.9,9.34,8.9,9.31,19557856
2018-01-17,9.34,9.4,9.21,9.26,14664974
2018-01-18,9.22,9.28,9.13,9.17,8641389
2018-01-19,9.18,9.24,9.12,9.12,8554192
2018-01-22,9.09,9.15,9.07,9.15,5992966
2018-01-23,9.16,9.25,9.13,9.23,10272275
2018-01-24,9.23,9.31,9.06,9.11,16095770
2018-01-25,9.15,9.18,9.09,9.13,11130111
2018-01-26,9.1,9.17,9.08,9.11,10493212
2018-01-29,9.13,9.13,8.88,8.93,16033816
2018-01-30,9.02,9.08,8.96,8.97,7843535
2018-01-31,8.94,9.02,8.82,8.87,9738167
2018-02-01,8.86,8.98,8.64,8.97,23850951
2018-02-02,8.89,8.89,8.72,8.78,8965154
2018-02-05,8.7,8.85,8.66,8.81,4460216
2018-02-06,8.72,8.85,8.65,8.8,17906969
2018-02-07,8.91,8.93,8.66,8.81,8783307
2018-02-08,8.78,8.85,8.71,8.8,7796207
2018-02-09,8.66,8.73,8.12,8.45,20473884
2018-02-12,8.45,8.45,8.32,8.39,4774778
2018-02-13,8.41,8.49,8.4,8.42,6302179
2018-02-14,8.44,8.45,8.38,8.42,3358014
2018-02-22,8.43,8.49,8.42,8.45,4526719
2018-02-23,8.46,8.52,8.34,8.38,7694676
2018-02-26,8.4,8.46,8.3,8.45,9110706
2018-02-27,8.47,8.48,8.42,8.46,6878335
2018-02-28,8.41,8.44,8.35,8.4,5284087
2018-03-01,8.39,8.45,8.34,8.41,5273811
2018-03-02,8.39,8.39,8.33,8.35,7345485
2018-03-05,8.35,8.39,8.32,8.38,5286165
2018-03-06,8.37,8.51,8.35,8.49,9025021
2018-03-07,8.49,8.63,8.46,8.49,10244133
2018-03-08,8.46,8.52,8.44,8.5,5569964
2018-03-09,8.51,8.55,8.46,8.54,7765821
2018-03-12,8.55,8.62,8.54,8.61,7894503
2018-03-13,8.6,8.62,8.54,8.58,6740877
2018-03-14,8.58,8.63,8.47,8.5,8954630
2018-03-15,8.46,8.5,8.41,8.43,6650581
2018-03-16,8.44,8.49,8.43,8.46,4494778
2018-03-19,8.45,8.51,8.41,8.43,5838480
2018-03-20,8.42,8.42,8.31,8.32,6950281
2018-03-21,8.32,8.42,8.2,8.23,9569235
2018-03-22,8.25,8.32,8.22,8.27,6919977
2018-03-23,8.15,8.15,7.66,7.77,16942843
2018-03-26,7.72,7.78,7.61,7.75,6569611
2018-03-27,7.86,7.92,7.82,7.83,6136912
2018-03-28,7.77,7.91,7.69,7.87,6277818
2018-03-29,7.89,8.04,7.87,8.01,8232919
2018-03-30,8.05,8.07,7.96,7.99,6003269
2018-04-02,8.02,8.07,7.97,7.99,5274710
2018-04-03,7.9,7.93,7.79,7.83,6845167
2018-04-04,7.87,7.88,7.81,7.81,4892594
2018-04-09,7.78,7.88,7.76,7.79,3897094
2018-04-10,7.8,7.89,7.77,7.86,6145333
2018-04-11,7.9,7.97,7.88,7.94,6265904
2018-04-12,7.98,7.98,7.8,7.84,7101182
2018-04-13,7.86,7.88,7.78,7.8,3913266
2018-04-16,7.77,7.79,7.7,7.74,5142193
2018-04-17,7.78,7.79,7.71,7.72,4762494
2018-04-18,7.78,7.78,7.69,7.77,5059505
2018-04-19,7.77,7.78,7.7,7.71,6824920
2018-04-20,7.68,7.73,7.48,7.49,8962533
2018-04-23,7.49,7.54,7.32,7.36,8557835
2018-04-24,7.35,7.49,7.35,7.48,5947406
2018-04-25,7.45,7.49,7.42,7.47,3873546
2018-04-26,7.52,7.53,7.35,7.36,5564771
2018-04-27,7.37,7.42,7.34,7.39,4261660
2018-05-02,7.43,7.48,7.36,7.42,7030067
2018-05-03,7.42,7.46,7.33,7.45,6051604
2018-05-04,7.46,7.49,7.4,7.42,5666781
2018-05-07,7.45,7.49,7.41,7.48,5303254
2018-05-08,7.48,7.53,7.47,7.5,6539153
2018-05-09,7.51,7.52,7.41,7.43,6020642
2018-05-10,7.43,7.47,7.43,7.46,4892973
2018-05-11,7.46,7.51,7.46,7.46,5753113
2018-05-14,7.48,7.53,7.45,7.48,4531984
2018-05-15,7.49,7.49,7.41,7.47,4090772
2018-05-16,7.47,7.47,7.41,7.42,4269044
2018-05-17,7.43,7.44,7.36,7.37,4548776
2018-05-18,7.36,7.44,7.36,7.43,4767676
2018-05-21,7.46,7.56,7.45,7.55,9973539
2018-05-22,7.55,7.57,7.52,7.57,7037881
2018-05-23,7.55,7.58,7.45,7.46,6169739
2018-05-24,7.46,7.53,7.45,7.48,4793197
2018-05-25,7.48,7.5,7.38,7.41,6746236
2018-05-28,7.39,7.4,7.31,7.31,7362112
2018-05-29,7.3,7.35,7.21,7.22,6291446
2018-05-30,7.16,7.16,6.85,6.89,13310830
2018-05-31,6.92,7.02,6.92,6.96,7407115
2018-06-01,6.95,7.0,6.93,6.99,6736902
2018-06-04,6.95,7.03,6.94,6.97,6123579
2018-06-05,6.93,7.08,6.93,7.08,6941252
2018-06-06,7.06,7.08,6.99,7.0,5614669
2018-06-07,7.02,7.23,6.94,7.05,13497737
2018-06-08,7.01,7.05,6.82,6.92,14925694
2018-06-11,6.88,6.89,6.8,6.81,7398526
2018-06-12,6.8,6.86,6.75,6.84,5054575
2018-06-13,6.84,6.86,6.74,6.74,4767714
2018-06-14,6.7,6.81,6.7,6.75,4418429
2018-06-15,6.75,6.83,6.69,6.72,6352326
2018-06-19,6.64,6.69,6.05,6.12,14348510
2018-06-20,6.03,6.21,6.03,6.14,9536682
2018-06-21,6.13,6.23,6.03,6.06,8723111
2018-06-22,6.04,6.14,6.02,6.13,5573252
2018-06-25,6.16,6.21,6.11,6.12,5403672
2018-06-26,6.1,6.13,6.0,6.09,6297058
2018-06-27,6.09,6.14,6.04,6.09,4762086
2018-06-28,6.08,6.14,5.99,6.02,8560359
2018-06-29,6.03,6.14,6.02,6.12,5431386
2018-07-02,6.1,6.15,6.05,6.06,5447445
2018-07-03,6.07,6.12,5.96,6.11,7495346
2018-07-04,6.07,6.09,5.97,5.98,7330161
2018-07-05,5.98,6.02,5.65,5.67,12315500
2018-07-06,5.77,5.86,5.63,5.79,10889630
2018-07-09,5.82,5.9,5.77,5.89,6844460
2018-07-10,5.91,6.04,5.89,6.01,8123011
2018-07-11,5.95,5.95,5.76,5.82,6820936
2018-07-12,5.83,6.05,5.83,6.0,7228631
2018-07-13,6.03,6.05,5.97,6.01,5103195
2018-07-16,6.01,6.02,5.92,5.97,4108522
2018-07-17,5.97,5.98,5.88,5.94,4110875
2018-07-18,5.96,6.02,5.92,5.95,4140644
2018-07-19,5.94,5.97,5.83,5.85,4746041
2018-07-20,5.88,5.97,5.81,5.97,8693896
2018-07-23,5.97,6.04,5.9,6.03,7067131
2018-07-24,6.05,6.25,6.05,6.2,13785813
2018-07-25,6.21,6.23,6.13,6.17,6615235
2018-07-26,6.18,6.22,6.14,6.18,7542518
2018-07-27,6.19,6.21,6.12,6.17,7697952
2018-07-30,6.16,6.19,6.06,6.09,7233542
2018-07-31,6.08,6.15,6.08,6.14,6928400
2018-08-01,6.14,6.21,6.02,6.03,8636544
2018-08-02,6.02,6.05,5.76,5.85,9857904
2018-08-03,5.83,5.98,5.8,5.9,7760014
2018-08-06,5.86,5.93,5.74,5.77,7677316
2018-08-07,5.8,5.93,5.76,5.91,5401617
2018-08-08,5.92,5.97,5.87,5.9,6074741
2018-08-09,5.88,6.03,5.84,6.0,8520594
2018-08-10,6.0,6.12,5.99,6.08,8239982
2018-08-13,6.01,6.12,6.0,6.09,7112653
2018-08-14,6.13,6.15,6.05,6.1,7846550
2018-08-15,6.1,6.12,6.04,6.07,7077952
2018-08-16,6.02,6.09,5.99,6.05,7202699
2018-08-17,6.06,6.12,6.03,6.04,7897567
2018-08-20,6.03,6.13,6.03,6.12,6599514
2018-08-21,6.14,6.16,6.09,6.13,7152948
2018-08-22,5.83,5.88,5.8,5.83,6022652
2018-08-23,5.86,5.87,5.8,5.84,5461670
2018-08-24,5.85,5.86,5.8,5.85,3867081
2018-08-27,5.85,5.92,5.84,5.9,5009375
2018-08-28,5.9,5.92,5.87,5.88,4138907
2018-08-29,5.9,5.9,5.83,5.84,3467413
2018-08-30,5.86,5.87,5.76,5.79,5007604
2018-08-31,5.75,5.81,5.71,5.73,5035267
2018-09-03,5.71,5.76,5.67,5.74,4589406
2018-09-04,5.74,5.85,5.7,5.83,7111204
2018-09-05,5.8,5.88,5.79,5.79,6616371
2018-09-06,5.79,5.87,5.77,5.79,4664076
2018-09-07,5.78,5.86,5.77,5.81,4132817
2018-09-10,5.82,5.82,5.71,5.71,4196698
2018-09-11,5.73,5.73,5.64,5.66,4696410
2018-09-12,5.66,5.69,5.6,5.62,3228140
2018-09-13,5.65,5.68,5.6,5.66,3663415
2018-09-14,5.68,5.69,5.6,5.62,4656348
2018-09-17,5.62,5.62,5.55,5.56,2874116
2018-09-18,5.56,5.64,5.53,5.63,4038965
2018-09-19,5.62,5.72,5.6,5.7,6046644
2018-09-20,5.68,5.73,5.67,5.7,4436354
2018-09-21,5.69,5.8,5.69,5.79,6604273
2018-09-25,5.73,5.78,5.72,5.76,4132251
2018-09-26,5.78,5.81,5.72,5.74,4954540
2018-09-27,5.77,5.79,5.68,5.68,4922374
2018-09-28,5.69,5.74,5.67,5.73,5297153
2018-10-08,5.68,5.68,5.49,5.51,9860013
2018-10-09,5.51,5.54,5.46,5.49,5661067
2018-10-10,5.49,5.52,5.45,5.46,3775973
2018-10-11,5.34,5.34,4.91,4.92,16811730
2018-10-12,4.91,4.97,4.69,4.9,10265964
2018-10-15,4.89,4.97,4.78,4.78,6472239
2018-10-16,4.79,4.91,4.68,4.73,6989285
2018-10-17,4.78,4.84,4.69,4.8,5176336
2018-10-18,4.8,4.81,4.72,4.73,6700879
2018-10-19,4.7,4.95,4.68,4.89,8575706
2018-10-22,4.93,5.18,4.93,5.12,8761955
2018-10-23,5.12,5.14,5.01,5.02,6447408
2018-10-24,5.02,5.14,5.0,5.07,4780160
2018-10-25,4.98,5.1,4.95,5.09,5422858
2018-10-26,5.12,5.28,5.12,5.19,7803913
2018-10-29,5.15,5.24,5.12,5.19,6688158
2018-10-30,5.16,5.24,5.1,5.23,7043697
2018-10-31,5.24,5.27,5.18,5.22,5229279
2018-11-01,5.25,5.38,5.25,5.27,10222106
2018-11-02,5.3,5.49,5.3,5.43,8701536
2018-11-05,5.43,5.55,5.43,5.53,9391960
2018-11-06,5.54,5.78,5.51,5.72,18357201
2018-11-07,5.74,5.75,5.54,5.56,13099361
2018-11-08,5.58,5.62,5.5,5.5,8057853
2018-11-09,5.46,5.58,5.42,5.51,7572793
2018-11-12,5.52,5.71,5.52,5.7,9475531
2018-11-13,5.64,5.79,5.62,5.71,11510157
2018-11-14,5.71,5.96,5.71,5.82,15351068
2018-11-15,5.85,5.91,5.77,5.88,13140531
2018-11-16,5.88,6.47,5.85,6.47,38972006
2018-11-19,6.6,7.12,6.49,7.12,56488545
2018-11-20,7.21,7.8,7.02,7.03,109207544
2018-11-21,6.98,7.57,6.91,7.41,87681598
2018-11-22,7.4,7.4,6.92,7.05,64293381
2018-11-23,6.83,6.85,6.35,6.35,62941738
2018-11-26,6.28,6.42,6.14,6.27,30822489
2018-11-27,6.31,6.36,6.12,6.24,25541329
2018-11-28,6.24,6.26,6.08,6.22,22489701
2018-11-29,6.25,6.38,6.08,6.09,32976203
2018-11-30,6.07,6.12,5.86,6.0,25389416
2018-12-03,6.18,6.23,6.03,6.13,22942153
2018-12-04,6.13,6.27,6.09,6.18,24623625
2018-12-05,6.0,6.03,5.87,5.96,20174305
2018-12-06,5.93,6.01,5.91,5.93,10736147
2018-12-07,5.93,5.98,5.88,5.91,6187857
2018-12-10,5.89,5.89,5.76,5.79,9785359
2018-12-11,5.87,5.9,5.81,5.86,6392772
2018-12-12,5.88,5.94,5.84,5.88,7558805
2018-12-13,5.92,5.98,5.81,5.91,12164616
2018-12-14,5.88,5.91,5.56,5.57,19598259
2018-12-17,5.53,5.74,5.53,5.7,13483560
2018-12-18,5.66,5.78,5.65,5.73,10575242
2018-12-19,5.76,5.8,5.68,5.7,8098420
2018-12-20,5.71,5.88,5.7,5.82,14431233
2018-12-21,5.78,5.82,5.57,5.62,14939615
2018-12-24,5.6,5.65,5.51,5.62,6523428
2018-12-25,5.56,5.56,5.34,5.45,14921405
2018-12-26,5.45,5.65,5.45,5.61,14577769
2018-12-27,5.67,5.71,5.45,5.46,9377146
2018-12-28,5.45,5.6,5.45,5.47,6702485
2019-01-02,5.48,5.55,5.45,5.51,5337104
2019-01-03,5.52,5.65,5.45,5.45,8119259
2019-01-04,5.4,5.64,5.38,5.64,12694495
2019-01-07,5.72,5.75,5.65,5.67,13646026
2019-01-08,5.65,5.79,5.64,5.77,13093622
2019-01-09,5.78,5.84,5.7,5.75,13434232
2019-01-10,5.75,5.82,5.72,5.76,8554644
2019-01-11,5.76,5.79,5.69,5.74,6030913
2019-01-14,5.78,5.78,5.69,5.72,4571833
2019-01-15,5.7,5.77,5.68,5.75,5873995
2019-01-16,5.76,5.79,5.71,5.72,5429577
2019-01-17,5.73,5.78,5.65,5.72,9232824
2019-01-18,5.7,5.72,5.63,5.68,8745075
2019-01-21,5.68,5.75,5.67,5.71,8191604
2019-01-22,5.71,5.74,5.57,5.58,8564901
2019-01-23,5.6,5.62,5.53,5.56,6310680
2019-01-24,5.57,5.64,5.52,5.58,6446668
2019-01-25,5.59,5.63,5.53,5.53,4861024
2019-01-28,5.55,5.58,5.45,5.47,6539095
2019-01-29,5.45,5.48,5.2,5.31,8162407
2019-01-30,5.35,5.52,5.33,5.39,7454676
2019-01-31,5.4,5.45,5.24,5.31,8141379
2019-02-01,5.34,5.5,5.32,5.49,6854359
2019-02-11,5.49,5.6,5.45,5.59,6971493
2019-02-12,5.6,5.68,5.54,5.64,6776425
2019-02-13,5.65,5.81,5.6,5.76,15180675
2019-02-14,5.75,5.94,5.74,5.87,15483701
2019-02-15,5.88,5.92,5.81,5.83,10619950
2019-02-18,5.93,5.97,5.88,5.97,14478589
2019-02-19,5.96,6.13,5.9,5.95,18190002
2019-02-20,5.95,6.02,5.87,5.93,10164300
2019-02-21,5.95,6.04,5.88,5.92,14030354
2019-02-22,5.95,6.13,5.91,6.13,19444581
2019-02-25,6.2,6.58,6.2,6.57,37163103
2019-02-26,6.68,6.86,6.48,6.51,43328192
2019-02-27,6.35,6.53,6.31,6.42,36070104
2019-02-28,6.46,6.48,6.27,6.32,21534079
2019-03-01,6.35,6.36,6.17,6.25,29131504
2019-03-04,6.28,6.57,6.28,6.46,40027721
2019-03-05,6.42,7.11,6.4,7.11,70905666
2019-03-06,7.48,7.75,7.14,7.74,87529416
2019-03-07,7.56,7.97,7.44,7.96,74234671
2019-03-08,7.73,7.79,7.47,7.62,51373210
2019-03-11,7.67,8.27,7.5,8.26,47580852
2019-03-12,8.16,8.55,8.07,8.37,55317052
2019-03-13,8.36,8.67,8.16,8.45,43342570
2019-03-14,8.3,8.44,7.68,7.99,45609101
2019-03-15,7.98,8.79,7.94,8.67,84570750
2019-03-18,8.5,8.59,8.21,8.46,52501817
2019-03-19,8.36,8.45,8.22,8.32,25532086
2019-03-20,8.12,8.17,7.71,7.99,41675836
2019-03-21,7.96,8.22,7.89,8.1,29848242
2019-03-22,8.04,8.32,7.81,8.29,30918650
2019-03-25,8.17,8.19,7.97,8.06,22608335
2019-03-26,8.05,8.09,7.75,7.82,17863708
2019-03-27,7.8,7.86,7.51,7.75,12833277
2019-03-28,7.69,7.84,7.62,7.78,10491003
2019-03-29,7.72,8.03,7.69,7.99,16813679
2019-04-01,8.0,8.2,8.0,8.19,22596689
2019-04-02,8.2,8.29,8.09,8.24,25556372
2019-04-03,8.14,8.33,8.13,8.29,28696098
2019-04-04,8.29,8.72,8.28,8.69,53680773
2019-04-08,8.79,8.81,8.22,8.51,37666152
2019-04-09,8.38,8.46,8.25,8.35,15145208
2019-04-10,8.33,8.33,8.17,8.24,13938543
2019-04-11,8.3,8.35,8.2,8.27,13508039
2019-04-12,8.15,8.19,8.02,8.17,11467345
2019-04-15,8.23,8.25,8.01,8.09,14524906
2019-04-16,8.07,8.13,7.81,8.13,14626453
2019-04-17,8.09,8.19,8.03,8.11,12488550
2019-04-18,8.08,8.11,8.02,8.05,8682787
2019-04-19,8.07,8.07,7.91,8.01,11005420
2019-04-22,7.99,8.04,7.78,7.85,9439882
2019-04-23,7.85,8.16,7.76,8.05,18689931
2019-04-24,8.21,8.26,8.0,8.15,13975696
2019-04-25,8.07,8.1,7.82,7.95,13228601
2019-04-26,7.95,8.04,7.9,8.01,9495541
2019-04-29,7.97,8.09,7.85,7.95,11246473
2019-04-30,7.78,7.79,7.4,7.78,18032397
2019-05-06,7.5,7.58,7.0,7.07,20168497
2019-05-07,7.11,7.12,6.9,7.0,8514197
2019-05-08,6.95,7.04,6.8,7.03,6971400
2019-05-09,6.93,7.04,6.9,6.99,4701969
2019-05-10,7.05,7.2,6.5,7.17,11557211
2019-05-13,7.08,7.28,7.0,7.2,10622447
2019-05-14,7.2,7.23,6.97,7.03,9313404
2019-05-15,7.06,7.13,7.03,7.07,6994055
2019-05-16,7.05,7.13,7.03,7.07,6952648
2019-05-17,7.04,7.09,6.79,6.88,8698004
2019-05-20,6.88,6.91,6.59,6.72,6649421
2019-05-21,6.73,6.9,6.73,6.82,5488618
2019-05-22,6.82,6.89,6.69,6.72,3505095
2019-05-23,6.68,6.74,6.59,6.65,5251503
2019-05-24,6.68,6.71,6.6,6.66,3778551
2019-05-27,6.66,6.78,6.61,6.77,3878461
2019-05-28,6.78,6.91,6.72,6.83,6406580
2019-05-29,6.81,6.81,6.7,6.77,3868025
2019-05-30,6.77,6.77,6.63,6.72,3346782
2019-05-31,6.72,6.81,6.68,6.77,5740215
2019-06-03,6.75,6.84,6.71,6.76,5210791
2019-06-04,6.76,6.76,6.6,6.69,4689720
2019-06-05,6.71,6.75,6.62,6.66,4075725
2019-06-06,6.66,6.75,6.37,6.4,7634665
2019-06-10,6.48,6.54,6.4,6.48,3936708
2019-06-11,6.45,6.76,6.45,6.74,7646964
2019-06-12,6.75,6.79,6.63,6.67,6081649
2019-06-13,6.68,6.73,6.63,6.69,4339303
2019-06-14,6.69,6.7,6.49,6.56,7133740
2019-06-17,6.52,6.63,6.51,6.62,4792201
2019-06-18,6.58,6.63,6.52,6.55,4427903
2019-06-19,6.67,6.73,6.55,6.56,8925155
2019-06-20,6.61,6.93,6.57,6.78,18142173
2019-06-21,6.84,6.98,6.78,6.91,13656176
2019-06-24,6.95,6.98,6.81,6.88,8661755
2019-06-25,6.88,6.88,6.62,6.68,13911752
2019-06-26,6.69,6.69,6.6,6.63,6717216
2019-06-27,6.63,6.7,6.61,6.62,5376514
2019-06-28,6.61,6.64,6.42,6.47,10626205
2019-07-01,6.57,6.73,6.55,6.7,10926758
2019-07-02,6.7,6.71,6.64,6.68,7360456
2019-07-03,6.73,6.87,6.65,6.77,14865852
2019-07-04,6.79,6.88,6.69,6.81,12741213
2019-07-05,6.75,6.79,6.69,6.77,6286914
2019-07-08,6.73,6.73,6.48,6.51,10890212
2019-07-09,6.5,6.51,6.44,6.5,4721768
2019-07-10,6.52,6.52,6.41,6.47,3113705
2019-07-11,6.43,6.52,6.41,6.47,4132196
2019-07-12,6.45,6.49,6.43,6.47,3058662
2019-07-15,6.45,6.56,6.37,6.51,5234538
2019-07-16,6.49,6.5,6.44,6.48,3472319
2019-07-17,6.48,6.49,6.44,6.45,2435791
2019-07-18,6.44,6.45,6.37,6.4,3610171
2019-07-19,6.41,6.48,6.4,6.43,3872513
2019-07-22,6.45,6.45,6.32,6.38,4728229
2019-07-23,6.37,6.39,6.34,6.39,2278309
2019-07-24,6.39,6.44,6.38,6.42,3298875
2019-07-25,6.39,6.41,6.37,6.4,2873443
2019-07-26,6.4,6.4,6.34,6.37,3738010
2019-07-29,6.37,6.37,6.23,6.28,6322919
2019-07-30,6.28,6.33,6.26,6.29,3240823
2019-07-31,6.29,6.31,6.25,6.29,2945040
2019-08-01,6.25,6.29,6.21,6.25,3425458
2019-08-02,6.18,6.18,6.05,6.12,7347108
2019-08-05,6.07,6.11,5.92,5.95,8546701
2019-08-06,5.86,5.89,5.72,5.85,6801177
2019-08-07,5.88,5.91,5.75,5.79,5460004
2019-08-08,5.78,5.82,5.76,5.79,4321517
2019-08-09,5.8,5.8,5.69,5.72,4100851
2019-08-12,5.71,5.74,5.65,5.74,4049584
2019-08-13,5.7,5.7,5.63,5.67,3546797
2019-08-14,5.69,5.7,5.62,5.65,3046007
2019-08-15,5.54,5.65,5.51,5.65,4410621
2019-08-16,5.63,5.67,5.61,5.65,2998285
2019-08-19,5.65,5.77,5.64,5.76,6270810
2019-08-20,5.78,5.82,5.75,5.78,5676806
2019-08-21,5.77,5.84,5.74,5.79,3985945
2019-08-22,5.79,5.82,5.75,5.78,3692849
2019-08-23,5.78,5.79,5.7,5.76,4179635
2019-08-26,5.66,5.68,5.62,5.66,3310343
2019-08-27,5.66,5.77,5.66,5.74,4381436
2019-08-28,5.71,5.78,5.71,5.74,2724932
2019-08-29,5.74,5.75,5.68,5.72,3208789
2019-08-30,5.75,5.76,5.65,5.7,3462921
2019-09-02,5.7,5.75,5.66,5.74,7582163
2019-09-03,5.74,5.75,5.68,5.72,4408864
2019-09-04,5.71,5.8,5.69,5.8,11115271
2019-09-05,5.81,5.9,5.78,5.8,18973827
2019-09-06,5.81,5.82,5.75,5.8,8196857
2019-09-09,5.88,5.94,5.81,5.93,15639124
2019-09-10,5.9,5.91,5.86,5.91,8989307
2019-09-11,5.92,5.93,5.85,5.87,8224852
2019-09-12,5.88,5.9,5.83,5.88,9777037
2019-09-16,5.9,5.91,5.84,5.89,8669322
2019-09-17,5.87,5.88,5.71,5.74,9621297
2019-09-18,5.71,5.73,5.66,5.7,7751592
2019-09-19,5.67,5.72,5.63,5.67,7675906
2019-09-20,5.66,5.67,5.62,5.65,5211839
2019-09-23,5.64,5.64,5.55,5.6,5245323
2019-09-24,5.58,5.64,5.56,5.6,4857824
2019-09-25,5.58,5.58,5.51,5.52,4079092
2019-09-26,5.53,5.57,5.45,5.51,7028347
2019-09-27,5.5,5.53,5.49,5.52,3325624
2019-09-30,5.54,5.54,5.45,5.51,3558927
2019-10-08,5.51,5.52,5.46,5.49,3806852
2019-10-09,5.47,5.52,5.44,5.52,4256158
2019-10-10,5.52,5.55,5.5,5.51,4242206
2019-10-11,5.53,5.53,5.46,5.52,3833226
2019-10-14,5.53,5.64,5.53,5.58,8175354
2019-10-15,5.58,5.6,5.55,5.59,4262439
2019-10-16,5.59,5.64,5.56,5.59,4453617
2019-10-17,5.6,5.61,5.55,5.6,2994146
2019-10-18,5.59,5.59,5.5,5.53,4835702
2019-10-21,5.52,5.53,5.46,5.53,3897839
2019-10-22,5.53,5.55,5.49,5.53,3495690
2019-10-23,5.53,5.53,5.48,5.52,2869387
2019-10-24,5.5,5.53,5.48,5.51,2640516
2019-10-25,5.51,5.55,5.47,5.55,3657343
2019-10-28,5.58,5.83,5.57,5.74,13263485
2019-10-29,5.76,5.84,5.67,5.81,13940200
2019-10-30,5.76,5.79,5.63,5.72,7482267
2019-10-31,5.67,5.72,5.64,5.71,5690337
2019-11-01,5.7,5.75,5.64,5.75,6027477
2019-11-04,5.76,5.8,5.66,5.71,7375443
2019-11-05,5.7,5.72,5.63,5.68,6519581
2019-11-06,5.66,5.68,5.57,5.63,5486096
2019-11-07,5.6,5.65,5.59,5.61,4151904
2019-11-08,5.62,5.65,5.6,5.6,4898005
2019-11-11,5.6,5.6,5.47,5.52,5117169
2019-11-12,5.5,5.52,5.47,5.5,3033613
2019-11-13,5.5,5.5,5.46,5.49,2477909
2019-11-14,5.47,5.5,5.47,5.49,3269034
2019-11-15,5.48,5.49,5.45,5.47,2983573
2019-11-18,5.46,5.49,5.43,5.47,2667956
2019-11-19,5.47,5.53,5.45,5.52,2781796
2019-11-20,5.53,5.54,5.48,5.49,1965297
2019-11-21,5.47,5.49,5.45,5.47,1778204
2019-11-22,5.48,5.53,5.45,5.47,3779307
2019-11-25,5.47,5.55,5.45,5.53,3690464
2019-11-26,5.53,5.55,5.48,5.5,2518415
2019-11-27,5.51,5.52,5.47,5.5,2874094
2019-11-28,5.5,5.51,5.48,5.5,1762636
2019-11-29,5.49,5.52,5.48,5.51,2293193
2019-12-02,5.52,5.55,5.5,5.55,3856628
2019-12-03,5.53,5.55,5.5,5.54,2084970
2019-12-04,5.53,5.56,5.52,5.55,2262482
2019-12-05,5.55,5.57,5.53,5.57,2934936
2019-12-06,5.55,5.59,5.54,5.59,2617543
2019-12-09,5.6,5.66,5.59,5.65,3612548
2019-12-10,5.64,5.64,5.6,5.63,2433199
2019-12-11,5.63,5.64,5.58,5.6,3016809
2019-12-12,5.59,5.61,5.55,5.56,3244379
2019-12-13,5.58,5.64,5.56,5.62,6235911
2019-12-16,5.63,5.72,5.6,5.69,5812963
2019-12-17,5.7,5.75,5.66,5.72,13330404
2019-12-18,5.7,5.73,5.66,5.68,10733294
2019-12-19,5.67,5.72,5.67,5.72,5842898
2019-12-20,5.73,5.77,5.69,5.74,11612345
2019-12-23,5.75,5.77,5.61,5.62,10677503
2019-12-24,5.62,5.68,5.61,5.67,4696363
2019-12-25,5.65,5.69,5.61,5.67,5891186
2019-12-26,5.66,5.69,5.65,5.67,5535254
2019-12-27,5.68,5.75,5.67,5.7,7549751
2019-12-30,5.7,5.77,5.65,5.75,7972993
2019-12-31,5.76,5.77,5.7,5.72,7904251
2020-01-02,5.78,5.81,5.75,5.77,12800013
2020-01-03,5.77,5.79,5.73,5.73,11823708
2020-01-06,5.73,5.77,5.69,5.72,11567826
2020-01-07,5.72,5.82,5.72,5.82,11611533
2020-01-08,5.79,5.8,5.73,5.74,11154315
2020-01-09,5.76,5.81,5.74,5.77,7369252
2020-01-10,5.78,5.79,5.71,5.74,6022211
2020-01-13,5.73,5.77,5.68,5.76,5558649
2020-01-14,5.77,5.81,5.76,5.77,6837380
2020-01-15,5.77,5.77,5.7,5.72,4324873
2020-01-16,5.73,5.73,5.68,5.7,4064130
2020-01-17,5.7,5.72,5.66,5.66,4269095
2020-01-20,5.67,5.67,5.63,5.66,4502266
2020-01-21,5.66,5.67,5.56,5.6,8318723
2020-01-22,5.57,5.61,5.51,5.6,4955437
2020-01-23,5.56,5.58,5.4,5.48,9047404
2020-02-03,4.93,4.93,4.93,4.93,7113000
2020-02-04,4.57,4.89,4.56,4.87,21742264
2020-02-05,4.82,4.93,4.8,4.87,11028165
2020-02-06,4.89,4.92,4.82,4.89,9482180
2020-02-07,4.89,4.89,4.83,4.89,7445021
2020-02-10,4.88,4.96,4.82,4.95,9118565
2020-02-11,4.95,5.01,4.92,4.95,9759454
2020-02-12,4.96,4.97,4.93,4.96,5790728
2020-02-13,4.95,5.0,4.92,4.94,8448718
2020-02-14,4.95,5.28,4.92,5.13,18747889
2020-02-17,5.12,5.2,5.09,5.18,15025316
2020-02-18,5.19,5.23,5.13,5.16,10428810
2020-02-19,5.17,5.22,5.14,5.16,8312823
2020-02-20,5.18,5.3,5.08,5.26,17178657
2020-02-21,5.25,5.37,5.21,5.35,15684163
2020-02-24,5.34,5.34,5.25,5.28,11037322
2020-02-25,5.18,5.36,5.16,5.31,14634429
2020-02-26,5.29,5.59,5.23,5.43,23786585
2020-02-27,5.43,5.47,5.35,5.39,9722263
2020-02-28,5.28,5.37,5.11,5.19,14024403
2020-03-02,5.19,5.43,5.16,5.43,13404473
2020-03-03,5.48,5.64,5.45,5.53,20030107
2020-03-04,5.56,5.97,5.49,5.96,33110573
2020-03-05,5.99,6.07,5.85,6.02,25638202
2020-03-06,5.95,6.56,5.94,6.45,57384431
2020-03-09,6.5,6.5,6.05,6.15,33131273
2020-03-10,6.08,6.2,5.88,6.16,26075561
2020-03-11,6.2,6.25,5.98,6.07,18257197
2020-03-12,6.0,6.05,5.76,5.88,17410629
2020-03-13,5.59,5.78,5.53,5.74,18105034
2020-03-16,5.77,6.1,5.53,5.71,33668492
2020-03-17,5.58,5.74,5.29,5.47,26468868
2020-03-18,5.47,5.62,5.26,5.36,16151515
2020-03-19,5.32,5.36,5.11,5.31,11627384
2020-03-20,5.34,5.39,5.24,5.34,8101909
2020-03-23,5.18,5.25,5.11,5.19,8247693
2020-03-24,5.24,5.3,5.18,5.28,7073329
2020-03-25,5.36,5.42,5.26,5.37,10067683
2020-03-26,5.33,5.35,5.21,5.26,6193523
2020-03-27,5.31,5.6,5.26,5.44,15326909
2020-03-30,5.36,5.56,5.33,5.5,14575477
2020-03-31,5.52,5.64,5.43,5.49,11369728
2020-04-01,5.5,5.53,5.28,5.36,11028105
2020-04-02,5.31,5.43,5.28,5.42,6515903
2020-04-03,5.4,5.42,5.33,5.37,4271535
2020-04-07,5.42,5.47,5.4,5.45,7790809
2020-04-08,5.43,5.44,5.35,5.38,6581939
2020-04-09,5.4,5.44,5.37,5.4,4703586
2020-04-10,5.42,5.43,5.3,5.35,6492270
2020-04-13,5.35,5.35,5.2,5.25,7627293
2020-04-14,5.24,5.31,5.24,5.3,4630831
2020-04-15,5.26,5.3,5.24,5.26,4300763
2020-04-16,5.25,5.27,5.19,5.24,5724056
2020-04-17,5.26,5.27,5.21,5.26,5659961
2020-04-20,5.26,5.27,5.19,5.22,4537509
2020-04-21,5.2,5.21,5.15,5.18,5691293
2020-04-22,5.16,5.2,5.14,5.19,4487776
2020-04-23,5.18,5.2,5.14,5.17,3976220
2020-04-24,5.18,5.18,5.1,5.12,4225125
2020-04-27,5.12,5.18,5.12,5.13,3520773
2020-04-28,5.16,5.19,4.98,5.07,6409348
2020-04-29,5.05,5.08,5.02,5.07,3664859
2020-04-30,5.07,5.17,5.06,5.16,5824711
2020-05-06,5.19,5.3,5.17,5.22,8086202
2020-05-07,5.2,5.23,5.15,5.16,4654930
2020-05-08,5.18,5.21,5.16,5.2,3786683
2020-05-11,5.21,5.22,5.17,5.19,3481807
2020-05-12,5.19,5.2,5.1,5.13,4099672
2020-05-13,5.13,5.16,5.07,5.08,5759496
2020-05-14,5.09,5.1,5.06,5.07,2791271
2020-05-15,5.06,5.12,5.06,5.08,3233949
2020-05-18,5.08,5.22,5.06,5.17,6570790
2020-05-19,5.2,5.25,5.17,5.22,6154908
2020-05-20,5.22,5.24,5.17,5.19,4754746
2020-05-21,5.22,5.43,5.19,5.37,17082187
2020-05-22,5.39,5.41,5.27,5.3,8937137
2020-05-25,5.28,5.32,5.21,5.23,5458023
2020-05-26,5.24,5.27,5.23,5.25,4321838
2020-05-27,5.25,5.26,5.2,5.23,4968279
2020-05-28,5.26,5.3,5.22,5.24,3453992
2020-05-29,5.24,5.38,5.2,5.36,8590683
2020-06-01,5.37,5.47,5.35,5.42,11598731
2020-06-02,5.42,5.49,5.4,5.43,6022754
2020-06-03,5.43,5.48,5.37,5.4,5399522
2020-06-04,5.4,5.42,5.33,5.34,4009657
2020-06-05,5.36,5.56,5.34,5.52,12249953
2020-06-08,5.55,5.58,5.45,5.49,8725910
2020-06-09,5.51,5.53,5.42,5.47,6236670
2020-06-10,5.44,5.47,5.39,5.43,3740967
2020-06-11,5.41,5.49,5.4,5.43,5549461
2020-06-12,5.37,5.48,5.32,5.45,8016491
2020-06-15,5.43,5.47,5.39,5.42,8609763
2020-06-16,5.44,5.46,5.41,5.42,6748912
2020-06-17,5.44,5.52,5.41,5.42,8496458
2020-06-18,5.42,5.5,5.4,5.48,6367703
2020-06-19,5.49,5.5,5.41,5.48,8957957
2020-06-22,5.48,5.51,5.44,5.49,7029257
2020-06-23,5.49,5.6,5.45,5.6,12195093
2020-06-24,5.59,5.61,5.55,5.57,6222932
2020-06-29,5.55,6.13,5.52,5.66,20004527
2020-06-30,5.69,5.96,5.63,5.94,23244925
2020-07-01,5.9,6.12,5.86,6.06,28883792
2020-07-02,6.14,6.24,5.99,6.09,39414492
2020-07-03,6.06,6.19,6.04,6.13,22901105
2020-07-06,6.18,6.46,6.18,6.44,53161473
2020-07-07,6.66,6.75,6.41,6.44,57795153
2020-07-08,6.37,6.58,6.33,6.56,37277387
2020-07-09,6.5,6.59,6.39,6.44,39912305
2020-07-10,6.43,6.43,6.18,6.3,45346686
2020-07-13,6.27,6.35,6.18,6.31,30291960
2020-07-14,6.3,6.38,6.14,6.29,28846702
2020-07-15,6.29,6.34,6.08,6.15,22308060
2020-07-16,6.14,6.2,5.97,6.04,19098564
2020-07-17,6.04,6.06,5.8,5.91,21018324
2020-07-20,5.93,6.13,5.88,6.06,18674851
2020-07-21,6.13,6.19,6.06,6.1,15538368
2020-07-22,6.08,6.15,6.0,6.08,13878009
2020-07-23,6.04,6.04,5.85,5.97,13015385
2020-07-24,5.9,6.0,5.75,5.81,13589528
2020-07-27,5.8,5.83,5.67,5.73,8518584
2020-07-28,5.73,5.79,5.71,5.75,5831333
2020-07-29,5.72,5.83,5.7,5.83,6627904
2020-07-30,5.83,5.88,5.78,5.87,9848442
2020-07-31,5.77,5.85,5.73,5.81,9831002
2020-08-03,5.81,5.95,5.8,5.91,12440270
2020-08-04,5.91,5.94,5.82,5.89,10712093
2020-08-05,5.89,5.89,5.79,5.87,8901169
2020-08-06,5.92,5.94,5.82,5.88,8384109
2020-08-07,5.9,5.9,5.75,5.85,10275209
2020-08-10,5.82,5.89,5.79,5.87,10005220
2020-08-11,5.88,5.96,5.82,5.87,12088724
2020-08-12,5.85,5.86,5.73,5.82,7239306
2020-08-13,5.82,5.86,5.79,5.83,5809347
2020-08-14,5.84,5.88,5.79,5.88,7455698
2020-08-17,5.89,5.99,5.86,5.96,12019758
2020-08-18,5.98,5.98,5.92,5.95,7548221
2020-08-19,5.94,5.96,5.87,5.91,9107859
2020-08-20,5.89,5.9,5.84,5.87,5676970
2020-08-21,5.88,5.92,5.85,5.9,5593290
2020-08-24,5.92,5.92,5.86,5.9,7085913
2020-08-25,5.91,5.92,5.85,5.87,6529975
2020-08-26,5.86,5.87,5.61,5.76,14121418
2020-08-27,5.72,5.85,5.68,5.8,8867594
2020-08-28,5.78,5.85,5.76,5.83,7837916
2020-08-31,5.83,5.87,5.77,5.81,8887555
2020-09-01,5.79,5.8,5.73,5.76,5753506
2020-09-02,5.75,5.77,5.67,5.73,6703414
2020-09-03,5.73,5.74,5.67,5.72,5425506
2020-09-04,5.68,5.72,5.63,5.71,4451640
2020-09-07,5.7,5.75,5.65,5.7,7442578
2020-09-08,5.68,5.73,5.67,5.72,5472828
2020-09-09,5.69,5.72,5.64,5.69,6483565
2020-09-10,5.7,5.71,5.59,5.64,8988295
2020-09-11,5.63,5.68,5.58,5.67,4510031
2020-09-14,5.69,5.72,5.64,5.7,7221178
2020-09-15,5.7,5.7,5.66,5.69,3650915
2020-09-16,5.68,5.79,5.64,5.78,6643764
2020-09-17,5.77,5.89,5.74,5.87,13380392
2020-09-18,5.87,5.9,5.84,5.9,6944164
2020-09-21,5.91,5.91,5.84,5.88,5257579
2020-09-22,5.85,5.87,5.77,5.82,6432973
2020-09-23,5.84,5.85,5.75,5.79,5501262
2020-09-24,5.77,5.77,5.65,5.73,5329756
2020-09-25,5.71,5.73,5.64,5.71,4490152
2020-09-28,5.71,5.73,5.66,5.7,3473935
2020-09-29,5.7,5.73,5.68,5.7,4080302
2020-09-30,5.68,5.72,5.6,5.7,5335009
2020-10-09,5.73,5.75,5.7,5.72,6183722
2020-10-12,5.75,5.79,5.71,5.77,11133698
2020-10-13,5.76,5.76,5.71,5.72,5344867
2020-10-14,5.72,5.72,5.65,5.67,4426106
2020-10-15,5.68,5.69,5.64,5.65,3300214
2020-10-16,5.66,5.7,5.64,5.69,3958997
2020-10-19,5.69,5.71,5.63,5.67,5159703
2020-10-20,5.65,5.65,5.6,5.64,3860598
2020-10-21,5.63,5.65,5.58,5.64,4195695
2020-10-22,5.61,5.64,5.59,5.63,2779555
2020-10-23,5.61,5.65,5.6,5.64,4578550
2020-10-26,5.61,5.67,5.58,5.63,3618989
2020-10-27,5.61,5.62,5.57,5.6,2789310
2020-10-28,5.59,5.6,5.53,5.57,3502766
2020-10-29,5.57,5.57,5.51,5.57,3620618
2020-10-30,5.55,5.58,5.47,5.52,5462240
2020-11-02,5.48,5.5,5.37,5.41,7284698
2020-11-03,5.4,5.44,5.39,5.41,4413337
2020-11-04,5.42,5.55,5.41,5.49,6719248
2020-11-05,5.52,5.54,5.47,5.51,3242637
2020-11-06,5.51,5.52,5.46,5.49,2995577
2020-11-09,5.49,5.56,5.48,5.53,6080821
2020-11-10,5.53,5.55,5.43,5.46,6986004
2020-11-11,5.45,5.46,5.41,5.45,4052046
2020-11-12,5.42,5.46,5.41,5.45,4212481
2020-11-13,5.44,5.44,5.35,5.41,6837560
2020-11-16,5.41,5.42,5.39,5.42,3631626
2020-11-17,5.41,5.47,5.39,5.47,5679268
2020-11-18,5.45,5.5,5.44,5.5,4288060
2020-11-19,5.5,5.52,5.47,5.5,2989611
2020-11-20,5.47,5.51,5.46,5.5,2603198
2020-11-23,5.5,5.55,5.48,5.52,5667646
2020-11-24,5.52,5.54,5.5,5.52,3466431
2020-11-25,5.52,5.53,5.47,5.5,5470924
2020-11-26,5.48,5.49,5.45,5.49,4251151
2020-11-27,5.47,5.55,5.46,5.54,4857580
2020-11-30,5.52,5.68,5.51,5.59,13597026
2020-12-01,5.56,5.63,5.51,5.59,8947116
2020-12-02,5.59,5.67,5.57,5.64,7004234
2020-12-03,5.65,5.66,5.61,5.64,4420625
2020-12-04,5.64,5.65,5.57,5.62,3927539
2020-12-07,5.62,5.63,5.56,5.59,3890035
2020-12-08,5.59,5.63,5.55,5.62,5560864
2020-12-09,5.62,5.63,5.53,5.53,3658441
2020-12-10,5.53,5.58,5.51,5.55,3915679
2020-12-11,5.55,5.57,5.43,5.51,7861202
2020-12-14,5.52,5.56,5.47,5.53,7921112
2020-12-15,5.53,5.54,5.45,5.52,3599152
2020-12-16,5.5,5.53,5.46,5.51,3025139
2020-12-17,5.51,5.52,5.45,5.52,3576342
2020-12-18,5.5,5.54,5.46,5.5,3375215
2020-12-21,5.5,5.52,5.45,5.51,3390578
2020-12-22,5.52,5.57,5.47,5.5,8541674
2020-12-23,5.48,5.65,5.48,5.55,11838085
2020-12-24,5.55,5.56,5.45,5.49,7098378
2020-12-25,5.47,5.52,5.46,5.48,5015403
2020-12-28,5.45,5.47,5.39,5.44,6808793
2020-12-29,5.42,5.46,5.41,5.45,4439358
2020-12-30,5.44,5.45,5.39,5.42,5886833
2020-12-31,5.41,5.45,5.39,5.43,7637251
2021-01-04,5.41,5.42,5.36,5.39,6287625
2021-01-05,5.37,5.38,5.31,5.37,6762925
2021-01-06,5.38,5.47,5.33,5.41,7144320
2021-01-07,5.42,5.43,5.3,5.35,6261167
2021-01-08,5.34,5.46,5.3,5.4,5751960
2021-01-11,5.36,5.39,5.28,5.31,5309674
2021-01-12,5.28,5.33,5.25,5.31,6693618
2021-01-13,5.29,5.3,5.18,5.27,7642412
2021-01-14,5.22,5.3,5.22,5.28,4759434
2021-01-15,5.26,5.3,5.26,5.29,4125083
2021-01-18,5.29,5.3,5.26,5.27,4357519
2021-01-19,5.28,5.37,5.19,5.3,8882590
2021-01-20,5.28,5.3,5.25,5.26,2750206
2021-01-21,5.28,5.3,5.24,5.26,3619063
2021-01-22,5.23,5.23,5.13,5.15,6895412
2021-01-25,5.1,5.14,5.05,5.1,5813512
2021-01-26,5.07,5.1,5.03,5.05,4279273
2021-01-27,5.04,5.07,5.0,5.02,5370188
2021-01-28,5.02,5.02,4.95,4.98,4516263
2021-01-29,4.96,5.0,4.9,4.96,5357788
2021-02-01,4.96,4.96,4.85,4.87,5082148
2021-02-02,4.86,4.88,4.84,4.88,3380744
2021-02-03,4.85,4.88,4.77,4.79,4230689
2021-02-04,4.79,4.81,4.74,4.8,4584697
2021-02-05,4.79,4.82,4.76,4.78,3804209
2021-02-08,4.78,4.81,4.77,4.78,4222990
2021-02-09,4.77,4.82,4.75,4.8,3871331
2021-02-10,4.81,4.89,4.79,4.87,4278520
2021-02-18,4.88,4.91,4.85,4.86,8554149
2021-02-19,4.88,4.95,4.85,4.93,7482135
2021-02-22,4.94,5.04,4.94,4.98,6953966
2021-02-23,4.99,5.02,4.93,4.94,5568497
2021-02-24,4.94,4.97,4.94,4.96,3999496
2021-02-25,4.95,5.12,4.94,4.97,23046640
2021-02-26,4.9,4.95,4.88,4.88,10069532
2021-03-01,4.88,4.91,4.87,4.87,9446846
2021-03-02,4.89,4.89,4.8,4.83,8958107
2021-03-03,4.83,4.86,4.81,4.83,10356539
2021-03-04,4.81,4.85,4.81,4.84,7526434
2021-03-05,4.85,4.89,4.84,4.88,8088261
2021-03-08,4.91,4.92,4.86,4.86,10887036
2021-03-09,4.86,4.87,4.78,4.82,8738787
2021-03-10,4.83,4.85,4.77,4.8,6731842
2021-03-11,4.78,4.84,4.77,4.83,5912976
2021-03-12,4.81,4.89,4.79,4.88,7994652
2021-03-15,4.87,4.94,4.83,4.89,10758920
2021-03-16,4.89,4.92,4.88,4.91,8799915
2021-03-17,4.91,4.93,4.86,4.88,5683620
2021-03-18,4.89,4.9,4.85,4.87,6048578
2021-03-19,4.85,4.89,4.84,4.87,4639350
2021-03-22,4.87,4.93,4.86,4.91,7530208
2021-03-23,4.93,4.97,4.88,4.91,6179582
2021-03-24,4.94,5.05,4.89,4.95,28744475
2021-03-25,4.96,5.03,4.93,4.96,18293912
2021-03-26,4.95,4.98,4.93,4.95,14245165
2021-03-29,4.92,4.98,4.91,4.97,16919021
2021-03-30,4.95,4.99,4.9,4.92,7083595
2021-03-31,4.91,5.09,4.89,5.05,15042782
2021-04-01,5.04,5.07,4.99,5.04,8856926
2021-04-02,5.04,5.06,5.0,5.05,7829252
2021-04-06,5.19,5.19,5.03,5.05,12490949
2021-04-07,5.03,5.05,5.01,5.03,6571215
2021-04-08,5.01,5.03,4.97,5.0,7072706
2021-04-09,4.98,4.98,4.95,4.96,6731259
2021-04-12,4.97,5.05,4.96,5.04,7994648
2021-04-13,5.04,5.05,5.01,5.02,5844004
2021-04-14,5.02,5.04,4.99,5.02,5335088
2021-04-15,5.0,5.03,4.98,5.02,4535136
2021-04-16,5.02,5.09,5.0,5.08,7693473
2021-04-19,5.09,5.14,5.06,5.08,8288200
2021-04-20,5.09,5.1,5.05,5.08,6984582
2021-04-21,5.06,5.09,5.03,5.08,6351824
2021-04-22,5.08,5.13,5.07,5.09,7026592
2021-04-23,5.08,5.08,4.98,5.04,7040441
2021-04-26,5.03,5.08,5.01,5.04,8234589
2021-04-27,5.02,5.06,4.98,5.0,6598662
2021-04-28,5.0,5.04,4.97,5.03,4953675
2021-04-29,5.04,5.06,5.01,5.06,8302227
2021-04-30,5.03,5.05,4.94,4.95,8854620
2021-05-06,4.93,4.97,4.92,4.94,7999332
2021-05-07,4.92,4.94,4.88,4.9,9355167
2021-05-10,4.9,4.91,4.85,4.86,11158399
2021-05-11,4.85,4.88,4.82,4.83,17768895
2021-05-12,4.82,4.87,4.8,4.86,8463402
2021-05-13,4.84,4.88,4.83,4.86,7492730
2021-05-14,4.86,4.89,4.84,4.86,16293536
2021-05-17,4.86,4.87,4.84,4.84,10137271
2021-05-18,4.85,4.93,4.83,4.87,10759761
2021-05-19,4.86,4.87,4.83,4.86,8179906
2021-05-20,4.86,4.86,4.82,4.84,5702722
2021-05-21,4.82,4.85,4.82,4.84,4274566
2021-05-24,4.83,4.87,4.83,4.84,7323794
2021-05-25,4.84,4.86,4.82,4.86,11103925
2021-05-26,4.85,4.89,4.83,4.87,10905903
2021-05-27,4.86,4.88,4.84,4.84,9609602
2021-05-28,4.84,4.86,4.83,4.84,9104026
2021-05-31,4.85,4.85,4.8,4.82,11405847
2021-06-01,4.82,4.83,4.8,4.83,8376034
2021-06-02,4.81,4.83,4.8,4.81,9151757
2021-06-03,4.82,5.04,4.8,4.93,29713878
2021-06-04,4.92,4.93,4.85,4.87,18518197
2021-06-07,4.86,4.92,4.85,4.88,9795236
2021-06-08,4.9,4.96,4.87,4.92,10195644
2021-06-09,4.91,4.92,4.89,4.9,7847605
2021-06-10,4.89,4.9,4.84,4.86,6956431
2021-06-11,4.87,4.89,4.83,4.84,8247459
2021-06-15,4.84,4.84,4.81,4.83,7823643
2021-06-16,4.83,4.83,4.78,4.8,9513284
2021-06-17,4.79,4.82,4.78,4.78,5833181
2021-06-18,4.78,4.81,4.76,4.8,7242863
2021-06-21,4.82,4.82,4.78,4.79,5889754
2021-06-22,4.79,4.81,4.78,4.8,5417426
2021-06-23,4.79,4.81,4.78,4.81,6648923
2021-06-24,4.8,4.83,4.79,4.82,6629577
2021-06-25,4.82,4.82,4.8,4.82,4537194
2021-06-28,4.82,4.83,4.78,4.79,5166924
2021-06-29,4.78,4.79,4.76,4.76,6955722
2021-06-30,4.77,4.78,4.75,4.76,5025842
2021-07-01,4.75,4.79,4.74,4.76,11179152
2021-07-02,4.77,4.77,4.69,4.69,8449622
2021-07-05,4.71,4.75,4.69,4.73,5830312
2021-07-06,4.71,4.75,4.69,4.72,9649152
2021-07-07,4.72,4.72,4.7,4.72,7452829
2021-07-08,4.71,4.72,4.67,4.7,6079246
2021-07-09,4.68,4.7,4.68,4.69,5702951
2021-07-12,4.71,4.73,4.67,4.69,8936602
2021-07-13,4.7,4.7,4.66,4.68,8002382
2021-07-14,4.69,4.71,4.67,4.71,8061288
2021-07-15,4.7,4.73,4.69,4.71,7073028
2021-07-16,4.72,4.73,4.69,4.7,5514703
2021-07-19,4.7,4.7,4.64,4.66,5887140
2021-07-20,4.65,4.68,4.64,4.65,4666940
2021-07-21,4.65,4.67,4.6,4.62,9849356
2021-07-22,4.63,4.65,4.61,4.64,4814491
2021-07-23,4.62,4.64,4.59,4.61,5807885
2021-07-26,4.59,4.59,4.54,4.56,9020984
2021-07-27,4.56,4.56,4.5,4.53,8183021
2021-07-28,4.52,4.55,4.47,4.51,9767206
2021-07-29,4.51,4.52,4.49,4.51,4353877
2021-07-30,4.51,4.52,4.47,4.48,5319036
2021-08-02,4.47,4.51,4.46,4.48,18344717
2021-08-03,4.47,4.47,4.43,4.45,11716822
2021-08-04,4.44,4.44,4.4,4.42,11854494
2021-08-05,4.41,4.45,4.39,4.42,11656436
2021-08-06,4.41,4.42,4.34,4.42,10398568
2021-08-09,4.4,4.44,4.38,4.42,16637139
2021-08-10,4.42,4.43,4.39,4.41,7426960
2021-08-11,4.41,4.49,4.4,4.46,14579952
2021-08-12,4.45,4.46,4.41,4.44,7383538
2021-08-13,4.44,4.44,4.41,4.43,5519328
2021-08-16,4.44,4.46,4.43,4.45,7462020
2021-08-17,4.46,4.48,4.39,4.41,12564956
2021-08-18,4.39,4.44,4.37,4.42,9196135
2021-08-19,4.33,4.34,4.28,4.3,10011625
2021-08-20,4.29,4.34,4.26,4.34,7609116
2021-08-23,4.32,4.34,4.27,4.29,15329463
2021-08-24,4.28,4.3,4.27,4.29,8593239
2021-08-25,4.29,4.37,4.27,4.36,12199709
2021-08-26,4.35,4.47,4.34,4.43,19377617
2021-08-27,4.42,4.47,4.4,4.44,9037471
2021-08-30,4.44,4.45,4.38,4.43,9391843
2021-08-31,4.44,4.52,4.44,4.51,15576235
2021-09-01,4.52,4.63,4.5,4.51,24440191
2021-09-02,4.53,4.55,4.48,4.5,22670196
2021-09-03,4.55,4.69,4.55,4.59,23298529
2021-09-06,4.56,4.65,4.55,4.58,14977622
2021-09-07,4.58,4.6,4.56,4.58,21698458
2021-09-08,4.58,4.64,4.57,4.63,14355645
2021-09-09,4.64,4.69,4.61,4.65,15336676
2021-09-10,4.65,4.72,4.63,4.66,15567865
2021-09-13,4.66,4.69,4.63,4.68,11844687
2021-09-14,4.69,4.71,4.54,4.54,17848419
2021-09-15,4.54,4.59,4.49,4.57,13290550
2021-09-16,4.58,4.63,4.48,4.49,16893747
2021-09-17,4.5,4.52,4.44,4.45,11390378
2021-09-22,4.41,4.45,4.39,4.41,23090203
2021-09-23,4.42,4.57,4.42,4.48,27541461
2021-09-24,4.5,4.51,4.43,4.43,18453698
2021-09-27,4.43,4.45,4.33,4.34,18081332
2021-09-28,4.38,4.43,4.35,4.41,11190591
2021-09-29,4.4,4.43,4.34,4.35,11454342
2021-09-30,4.37,4.38,4.33,4.36,11373120
2021-10-08,4.38,4.48,4.36,4.47,13889612
2021-10-11,4.47,4.52,4.45,4.47,12399135
2021-10-12,4.47,4.53,4.42,4.44,12617689
2021-10-13,4.44,4.47,4.39,4.41,8374757
2021-10-14,4.42,4.43,4.39,4.42,7227371
2021-10-15,4.41,4.42,4.38,4.39,9213183
2021-10-18,4.37,4.38,4.31,4.36,12122678
2021-10-19,4.37,4.37,4.32,4.32,8174946
2021-10-20,4.33,4.34,4.3,4.3,7335321
2021-10-21,4.31,4.34,4.29,4.31,9758124
2021-10-22,4.32,4.38,4.31,4.31,10005915
2021-10-25,4.29,4.29,4.2,4.25,10697377
2021-10-26,4.25,4.27,4.21,4.22,8602122
2021-10-27,4.22,4.23,4.1,4.11,12449050
2021-10-28,4.11,4.13,4.08,4.08,9233124
2021-10-29,4.08,4.12,4.08,4.12,9409041
2021-11-01,4.12,4.12,4.07,4.08,15953616
2021-11-02,4.07,4.08,3.97,3.98,17411811
2021-11-03,3.98,4.0,3.96,3.98,11787337
2021-11-04,3.98,3.99,3.93,3.94,18462922
2021-11-05,3.94,3.94,3.88,3.88,12454959
2021-11-08,3.89,3.92,3.87,3.89,10849419
2021-11-09,3.89,3.91,3.88,3.9,7386413
2021-11-10,3.9,3.94,3.87,3.93,11347849
2021-11-11,3.94,4.05,3.92,3.93,71141165
2021-11-12,3.94,3.97,3.9,3.93,28387792
2021-11-15,3.92,3.96,3.91,3.95,17492951
2021-11-16,3.94,3.97,3.91,3.91,13547768
2021-11-17,3.92,3.93,3.9,3.92,8380079
2021-11-18,3.92,3.92,3.89,3.89,10651503
