日期,股票代码,名称,收盘价,最高价,最低价,开盘价,前收盘,涨跌额,涨跌幅,成交量,成交金额
2020-11-26,'000905,中证500,6334.3042,6358.174,6284.9727,6349.8616,6350.3667,-16.0625,-0.2529,123236936,1.2552846608e+11
2020-11-25,'000905,中证500,6350.3667,6489.722,6350.3667,6489.2553,6475.1881,-124.8214,-1.9277,153813106,1.56624909522e+11
2020-11-24,'000905,中证500,6475.1881,6495.1373,6454.6653,6472.7468,6472.9301,2.258,0.0349,154062965,1.48759535148e+11
2020-11-23,'000905,中证500,6472.9301,6516.2407,6407.0565,6435.9187,6422.9854,49.9447,0.7776,181925668,1.70218076144e+11
2020-11-20,'000905,中证500,6422.9854,6429.8695,6351.3079,6354.7873,6360.5998,62.3856,0.9808,130667645,1.28065402931e+11
2020-11-19,'000905,中证500,6360.5998,6370.1805,6293.5553,6328.0837,6341.0136,19.5862,0.3089,123804845,1.21059609479e+11
2020-11-18,'000905,中证500,6341.0136,6382.4966,6314.3093,6333.4506,6336.9406,4.073,0.0643,133982462,1.29795857711e+11
2020-11-17,'000905,中证500,6336.9406,6380.7685,6300.5666,6380.7685,6387.371,-50.4304,-0.7895,141274318,1.38972383424e+11
2020-11-16,'000905,中证500,6387.371,6387.4154,6294.2899,6319.7042,6306.97,80.401,1.2748,133677330,1.31781935049e+11
2020-11-13,'000905,中证500,6306.97,6319.4126,6248.355,6304.4593,6315.4938,-8.5238,-0.135,107116322,1.12943607787e+11
2020-11-12,'000905,中证500,6315.4938,6340.9983,6285.2907,6305.0655,6294.6055,20.8883,0.3318,104680687,1.13184124162e+11
2020-11-11,'000905,中证500,6294.6055,6375.2402,6292.8368,6356.3666,6373.0853,-78.4798,-1.2314,130728081,1.34439037098e+11
2020-11-10,'000905,中证500,6373.0853,6435.413,6339.2861,6434.4298,6421.6506,-48.5653,-0.7563,141928932,1.55931471262e+11
2020-11-09,'000905,中证500,6421.6506,6452.9139,6337.4415,6337.4415,6301.2477,120.4029,1.9108,160027882,1.75071789214e+11
2020-11-06,'000905,中证500,6301.2477,6366.1854,6254.0869,6366.1854,6351.9789,-50.7312,-0.7987,118244211,1.31702113343e+11
2020-11-05,'000905,中证500,6351.9789,6358.4445,6273.3148,6294.6136,6234.158,117.8209,1.8899,118843215,1.32602148329e+11
2020-11-04,'000905,中证500,6234.158,6256.0695,6181.0972,6246.6368,6241.7676,-7.6096,-0.1219,92929745,1.08226613294e+11
2020-11-03,'000905,中证500,6241.7676,6245.5576,6155.7346,6175.1593,6143.1157,98.6519,1.6059,105440036,1.15863061001e+11
2020-11-02,'000905,中证500,6143.1157,6162.2763,6095.8038,6119.4514,6111.4803,31.6354,0.5176,111756379,1.23794413319e+11
2020-10-30,'000905,中证500,6111.4803,6274.6162,6103.8909,6272.9273,6255.1933,-143.713,-2.2975,112122360,1.2646100249e+11
2020-10-29,'000905,中证500,6255.1933,6287.6478,6159.1435,6168.9076,6245.9986,9.1947,0.1472,92587483,1.09761286278e+11
2020-10-28,'000905,中证500,6245.9986,6254.716,6164.2406,6221.7402,6221.3414,24.6572,0.3963,87130888,1.04079228635e+11
2020-10-27,'000905,中证500,6221.3414,6227.8424,6168.971,6187.4731,6214.3779,6.9635,0.1121,75586516,89315873362.5
2020-10-26,'000905,中证500,6214.3779,6239.7156,6127.3829,6195.3539,6213.2626,1.1153,0.018,73392956,85255066150.9
2020-10-23,'000905,中证500,6213.2626,6362.4283,6202.5347,6312.0076,6317.1438,-103.8812,-1.6444,80565090,93954361163.2
2020-10-22,'000905,中证500,6317.1438,6334.5424,6256.2324,6331.8037,6350.0127,-32.8689,-0.5176,85724729,96745752080.7
2020-10-21,'000905,中证500,6350.0127,6426.5095,6323.4406,6426.194,6423.1128,-73.1001,-1.1381,87512255,1.02120928452e+11
2020-10-20,'000905,中证500,6423.1128,6423.1573,6324.3889,6349.6437,6358.3213,64.7915,1.019,86189224,95327322735.8
2020-10-19,'000905,中证500,6358.3213,6483.5079,6346.2632,6466.566,6428.6822,-70.3609,-1.0945,103668363,1.14682882324e+11
2020-10-16,'000905,中证500,6428.6822,6473.6343,6388.6459,6456.7375,6460.0408,-31.3586,-0.4854,98732022,1.09046534531e+11
2020-10-15,'000905,中证500,6460.0408,6518.5503,6456.7714,6511.0707,6508.3743,-48.3335,-0.7426,107004252,1.15595908996e+11
2020-10-14,'000905,中证500,6508.3743,6547.8376,6492.6581,6547.8376,6551.3987,-43.0244,-0.6567,118629604,1.33539992971e+11
2020-10-13,'000905,中证500,6551.3987,6557.8635,6486.3088,6538.8354,6541.176,10.2227,0.1563,111558450,1.30283812099e+11
2020-10-12,'000905,中证500,6541.176,6541.3102,6399.6833,6408.0827,6357.9711,183.2049,2.8815,144824349,1.60960006151e+11
2020-10-09,'000905,中证500,6357.9711,6373.9367,6290.4705,6300.0703,6192.5045,165.4666,2.672,100386231,1.15149926305e+11
2020-09-30,'000905,中证500,6192.5045,6260.1234,6155.0208,6245.1158,6228.7708,-36.2663,-0.5822,81484093,89615460415.2
2020-09-29,'000905,中证500,6228.7708,6280.4433,6179.8807,6206.9908,6178.4693,50.3015,0.8141,81371164,91783259881.9
2020-09-28,'000905,中证500,6178.4693,6261.9304,6171.02,6255.021,6236.8904,-58.4211,-0.9367,78962915,87526269792.6
2020-09-25,'000905,中证500,6236.8904,6285.4717,6206.1823,6271.7008,6244.6389,-7.7485,-0.1241,87798788,92989168390.1
2020-09-24,'000905,中证500,6244.6389,6354.6827,6243.282,6353.694,6392.0329,-147.394,-2.3059,112801467,1.12624608425e+11
2020-09-23,'000905,中证500,6392.0329,6411.2048,6356.1636,6382.2813,6358.652,33.3809,0.525,95048833,1.06027143368e+11
2020-09-22,'000905,中证500,6358.652,6462.9751,6341.4838,6392.025,6445.9649,-87.3129,-1.3545,121305894,1.22989741812e+11
2020-09-21,'000905,中证500,6445.9649,6515.337,6434.3239,6492.2249,6469.4692,-23.5043,-0.3633,126023721,1.33640323489e+11
2020-09-18,'000905,中证500,6469.4692,6473.5997,6353.5609,6367.7923,6367.0206,102.4486,1.6091,135226264,1.36788919948e+11
2020-09-17,'000905,中证500,6367.0206,6416.0088,6291.6343,6345.6715,6353.836,13.1846,0.2075,118959681,1.23682498363e+11
2020-09-16,'000905,中证500,6353.836,6387.7666,6321.5668,6379.5178,6387.8805,-34.0445,-0.533,113379887,1.12504425528e+11
2020-09-15,'000905,中证500,6387.8805,6388.1304,6328.5366,6351.0366,6351.2422,36.6383,0.5769,115184154,1.17077083505e+11
2020-09-14,'000905,中证500,6351.2422,6381.182,6297.9023,6350.3551,6311.967,39.2752,0.6222,130502277,1.29303970063e+11
2020-09-11,'000905,中证500,6311.967,6319.6691,6209.7881,6209.7881,6235.5687,76.3983,1.2252,124629194,1.1569088016e+11
2020-09-10,'000905,中证500,6235.5687,6414.9623,6219.6361,6404.6646,6349.2234,-113.6547,-1.7901,181049497,1.49335340844e+11
2020-09-09,'000905,中证500,6349.2234,6471.4824,6319.2713,6455.3053,6525.098,-175.8746,-2.6954,216916351,1.76688524174e+11
2020-09-08,'000905,中证500,6525.098,6542.9954,6432.952,6493.7737,6478.8124,46.2856,0.7144,161230318,1.48148725286e+11
2020-09-07,'000905,中证500,6478.8124,6669.3935,6459.1029,6619.8982,6618.5762,-139.7638,-2.1117,155581748,1.67216213932e+11
2020-09-04,'000905,中证500,6618.5762,6631.0289,6538.4896,6545.888,6662.2515,-43.6753,-0.6556,125358462,1.32077386325e+11
2020-09-03,'000905,中证500,6662.2515,6732.6741,6638.4482,6715.1042,6717.5579,-55.3064,-0.8233,142110335,1.5159172785e+11
2020-09-02,'000905,中证500,6717.5579,6742.5527,6647.0341,6725.6913,6710.4599,7.098,0.1058,149562548,1.60818469798e+11
2020-09-01,'000905,中证500,6710.4599,6710.4599,6637.6339,6667.168,6668.4331,42.0268,0.6302,125632490,1.40204445918e+11
2020-08-31,'000905,中证500,6668.4331,6765.8853,6667.6792,6719.2859,6691.2096,-22.7765,-0.3404,156024385,1.73312513829e+11
2020-08-28,'000905,中证500,6691.2096,6695.3574,6553.9227,6571.8981,6578.7912,112.4184,1.7088,141949593,1.5587861173e+11
2020-08-27,'000905,中证500,6578.7912,6585.7193,6486.7508,6538.1362,6525.8786,52.9126,0.8108,129836198,1.42139979127e+11
2020-08-26,'000905,中证500,6525.8786,6660.7634,6501.2409,6650.449,6652.5478,-126.6692,-1.9041,153734771,1.70546092542e+11
2020-08-25,'000905,中证500,6652.5478,6734.4378,6631.6853,6698.1196,6688.9647,-36.4169,-0.5444,147098130,1.5824310113e+11
2020-08-24,'000905,中证500,6688.9647,6702.7487,6589.9285,6667.2961,6643.9444,45.0203,0.6776,143020354,1.57948512266e+11
2020-08-21,'000905,中证500,6643.9444,6686.0233,6589.1968,6628.9007,6593.785,50.1594,0.7607,142963493,1.53128200636e+11
2020-08-20,'000905,中证500,6593.785,6672.4908,6570.6949,6622.0053,6666.274,-72.489,-1.0874,157646258,1.63429358353e+11
2020-08-19,'000905,中证500,6666.274,6782.5931,6661.9879,6782.5931,6789.3979,-123.1239,-1.8135,194309136,2.05475855509e+11
2020-08-18,'000905,中证500,6789.3979,6811.5637,6737.5288,6747.6059,6744.5468,44.8511,0.665,189166175,2.08576358641e+11
2020-08-17,'000905,中证500,6744.5468,6752.3176,6614.1849,6646.5418,6623.5633,120.9835,1.8266,201407357,2.07540650739e+11
2020-08-14,'000905,中证500,6623.5633,6629.5058,6506.0266,6542.6032,6552.6567,70.9066,1.0821,156875988,1.61300612456e+11
2020-08-13,'000905,中证500,6552.6567,6592.1163,6518.4229,6552.3695,6528.3999,24.2568,0.3716,162060515,1.66812245237e+11
2020-08-12,'000905,中证500,6528.3999,6599.6573,6395.006,6580.0058,6600.8472,-72.4473,-1.0975,177889045,1.97969436425e+11
2020-08-11,'000905,中证500,6600.8472,6756.8451,6594.9793,6727.7692,6725.2956,-124.4484,-1.8505,180845771,2.03427777772e+11
2020-08-10,'000905,中证500,6725.2956,6768.866,6651.7421,6666.5601,6688.8822,36.4134,0.5444,175353227,2.10390907232e+11
2020-08-07,'000905,中证500,6688.8822,6755.528,6578.6672,6743.2907,6770.3016,-81.4194,-1.2026,198128214,2.27976663622e+11
2020-08-06,'000905,中证500,6770.3016,6792.2759,6656.2782,6780.3265,6772.8422,-2.5406,-0.0375,205229842,2.40928921872e+11
2020-08-05,'000905,中证500,6772.8422,6790.008,6653.2772,6696.687,6697.7071,75.1351,1.1218,184843816,2.17994170978e+11
2020-08-04,'000905,中证500,6697.7071,6764.9049,6672.894,6758.4937,6739.8085,-42.1014,-0.6247,209478936,2.45084781554e+11
2020-08-03,'000905,中证500,6739.8085,6739.8085,6614.4314,6635.3429,6579.6696,160.1389,2.4338,207266746,2.40946720735e+11
2020-07-31,'000905,中证500,6579.6696,6619.2616,6463.415,6499.3939,6511.436,68.2336,1.0479,179912941,2.07862488529e+11
2020-07-30,'000905,中证500,6511.436,6564.775,6491.4492,6548.7007,6530.2712,-18.8352,-0.2884,177615561,2.09285453558e+11
2020-07-29,'000905,中证500,6530.2712,6530.2712,6324.0483,6341.0079,6359.6637,170.6075,2.6826,159221684,1.86898356931e+11
2020-07-28,'000905,中证500,6359.6637,6385.3908,6307.7891,6345.682,6298.7351,60.9286,0.9673,138838144,1.62440480589e+11
2020-07-27,'000905,中证500,6298.7351,6337.3275,6229.4712,6304.5859,6283.9831,14.752,0.2348,145542481,1.68023361892e+11
2020-07-24,'000905,中证500,6283.9831,6609.2877,6265.3789,6584.8093,6620.0859,-336.1028,-5.077,219017777,2.4723279743e+11
2020-07-23,'000905,中证500,6620.0859,6629.2067,6431.2609,6562.0485,6620.6893,-0.6034,-0.0091,207992462,2.40882435491e+11
2020-07-22,'000905,中证500,6620.6893,6699.6871,6534.7427,6554.1681,6563.3239,57.3654,0.874,210101198,2.32947421316e+11
2020-07-21,'000905,中证500,6563.3239,6591.0097,6500.8682,6546.5653,6526.8325,36.4914,0.5591,193965949,2.14682284529e+11
2020-07-20,'000905,中证500,6526.8325,6526.8325,6340.6495,6419.08,6344.5912,182.2413,2.8724,212413222,2.25848583601e+11
2020-07-17,'000905,中证500,6344.5912,6447.5092,6272.9416,6327.0265,6319.9981,24.5931,0.3891,196803909,2.15076901728e+11
2020-07-16,'000905,中证500,6319.9981,6710.995,6305.133,6642.3288,6638.8384,-318.8403,-4.8027,253315870,2.77008155088e+11
2020-07-15,'000905,中证500,6638.8384,6838.1524,6598.5228,6815.6162,6807.727,-168.8886,-2.4808,256472830,3.00879616806e+11
2020-07-14,'000905,中证500,6807.727,6897.0034,6672.7996,6897.0034,6899.5175,-91.7905,-1.3304,293868297,3.41854745107e+11
2020-07-13,'000905,中证500,6899.5175,6899.622,6710.6352,6710.6352,6676.4373,223.0802,3.3413,297305595,3.35186154096e+11
2020-07-10,'000905,中证500,6676.4373,6763.8121,6644.3586,6664.3263,6693.7452,-17.3079,-0.2586,288736672,3.22509785234e+11
2020-07-09,'000905,中证500,6693.7452,6712.1445,6530.0207,6541.2854,6535.4151,158.3301,2.4226,317412271,3.34582903483e+11
2020-07-08,'000905,中证500,6535.4151,6541.4382,6352.3731,6378.9461,6380.0276,155.3875,2.4355,288847389,2.92261704952e+11
2020-07-07,'000905,中证500,6380.0276,6480.0286,6300.2446,6368.3135,6299.8551,80.1725,1.2726,325865425,3.29327405395e+11
2020-07-06,'000905,中证500,6299.8551,6318.3081,6095.9561,6095.9561,6051.5099,248.3452,4.1039,302376489,2.91741992284e+11
2020-07-03,'000905,中证500,6051.5099,6052.523,5968.0663,5989.9958,5975.2794,76.2305,1.2758,226826818,2.17087507632e+11
2020-07-02,'000905,中证500,5975.2794,5979.9902,5858.5743,5880.8832,5881.8875,93.3919,1.5878,201181380,2.00063179993e+11
2020-07-01,'000905,中证500,5881.8875,5885.8738,5814.7554,5884.54,5864.4164,17.4711,0.2979,142832982,1.61437631595e+11
2020-06-30,'000905,中证500,5864.4164,5875.3274,5788.2081,5790.0647,5762.4378,101.9786,1.7697,115350324,1.3967151855e+11
2020-06-29,'000905,中证500,5762.4378,5789.1592,5740.2558,5774.4585,5789.0893,-26.6515,-0.4604,117761151,1.31671126495e+11
2020-06-24,'000905,中证500,5789.0893,5824.3132,5773.2908,5808.5388,5804.343,-15.2537,-0.2628,110241436,1.28536776012e+11
2020-06-23,'000905,中证500,5804.343,5809.2832,5755.3982,5783.1198,5784.0269,20.3161,0.3512,125748127,1.4027742131e+11
2020-06-22,'000905,中证500,5784.0269,5815.3942,5770.8094,5793.7883,5787.1482,-3.1213,-0.0539,145392349,1.57370407892e+11
2020-06-19,'000905,中证500,5787.1482,5796.3597,5727.6226,5733.4291,5734.403,52.7452,0.9198,141768098,1.47827142215e+11
2020-06-18,'000905,中证500,5734.403,5744.4525,5705.295,5738.0314,5735.4183,-1.0153,-0.0177,158154366,1.60763116094e+11
2020-06-17,'000905,中证500,5735.4183,5735.4183,5685.6241,5708.6871,5695.3007,40.1176,0.7044,146837518,1.53683182939e+11
2020-06-16,'000905,中证500,5695.3007,5695.3007,5624.8549,5633.2588,5590.6435,104.6572,1.872,133951703,1.42087502349e+11
2020-06-15,'000905,中证500,5590.6435,5661.9706,5590.6435,5605.8832,5591.4871,-0.8436,-0.0151,145359776,1.5256715081e+11
2020-06-12,'000905,中证500,5591.4871,5620.2062,5479.2713,5483.7845,5589.1019,2.3852,0.0427,129545465,1.42138382119e+11
2020-06-11,'000905,中证500,5589.1019,5673.3108,5567.538,5618.6411,5615.2417,-26.1398,-0.4655,127515454,1.44595249405e+11
2020-06-10,'000905,中证500,5615.2417,5616.6108,5581.9153,5611.6579,5610.3774,4.8643,0.0867,108368097,1.14114998789e+11
2020-06-09,'000905,中证500,5610.3774,5616.0363,5560.139,5582.144,5575.3036,35.0738,0.6291,114870929,1.19378870792e+11
2020-06-08,'000905,中证500,5575.3036,5627.1893,5567.2087,5618.3753,5585.4231,-10.1195,-0.1812,119446190,1.28061193175e+11
2020-06-05,'000905,中证500,5585.4231,5592.3453,5542.8701,5585.1592,5576.7535,8.6696,0.1555,112253897,1.15167433561e+11
2020-06-04,'000905,中证500,5576.7535,5597.2621,5549.3577,5589.3445,5572.3125,4.441,0.0797,120778465,1.2380998618e+11
2020-06-03,'000905,中证500,5572.3125,5618.2892,5567.0729,5583.701,5566.4438,5.8687,0.1054,138345519,1.46218273434e+11
2020-06-02,'000905,中证500,5566.4438,5596.4399,5544.1862,5595.3589,5569.48,-3.0362,-0.0545,139029103,1.49203304081e+11
2020-06-01,'000905,中证500,5569.48,5576.6538,5446.2912,5446.2912,5406.3403,163.1397,3.0176,141697582,1.4787996549e+11
2020-05-29,'000905,中证500,5406.3403,5416.6599,5336.0669,5349.5678,5361.167,45.1733,0.8426,105003250,1.10023218186e+11
2020-05-28,'000905,中证500,5361.167,5390.1397,5290.2897,5367.2664,5369.4992,-8.3322,-0.1552,102524251,1.07583819702e+11
2020-05-27,'000905,中证500,5369.4992,5426.5558,5358.47,5426.5558,5420.2126,-50.7134,-0.9356,103960371,1.13109428499e+11
2020-05-26,'000905,中证500,5420.2126,5421.9045,5341.0821,5341.1113,5316.6036,103.609,1.9488,90969008,99351009048.7
2020-05-25,'000905,中证500,5316.6036,5344.2849,5293.2294,5323.9656,5328.2268,-11.6232,-0.2181,84385681,91375351529.7
2020-05-22,'000905,中证500,5328.2268,5421.887,5307.2962,5421.7282,5426.1745,-97.9477,-1.8051,106415711,1.15705492517e+11
2020-05-21,'000905,中证500,5426.1745,5511.2324,5415.5986,5508.2041,5489.7024,-63.5279,-1.1572,114559108,1.28883851422e+11
2020-05-20,'000905,中证500,5489.7024,5547.1691,5473.7896,5545.0441,5547.8759,-58.1735,-1.0486,123491264,1.41354557271e+11
2020-05-19,'000905,中证500,5547.8759,5548.2181,5504.2327,5515.0289,5478.8218,69.0541,1.2604,112008860,1.33182704773e+11
2020-05-18,'000905,中证500,5478.8218,5528.7754,5454.9615,5522.7233,5507.9336,-29.1118,-0.5285,133654664,1.58389049358e+11
2020-05-15,'000905,中证500,5507.9336,5543.9334,5486.2557,5510.1454,5487.107,20.8266,0.3796,112651511,1.32317035662e+11
2020-05-14,'000905,中证500,5487.107,5528.0915,5485.0152,5513.0817,5536.2802,-49.1732,-0.8882,119197701,1.29595787538e+11
2020-05-13,'000905,中证500,5536.2802,5546.5535,5483.9868,5495.8969,5512.464,23.8162,0.432,107895822,1.20477112076e+11
2020-05-12,'000905,中证500,5512.464,5519.2868,5441.7013,5494.0693,5496.192,16.272,0.2961,115943677,1.27585356337e+11
2020-05-11,'000905,中证500,5496.192,5547.9416,5466.6158,5529.1056,5507.6965,-11.5045,-0.2089,129851985,1.42054909598e+11
2020-05-08,'000905,中证500,5507.6965,5527.0903,5467.646,5474.8739,5445.7519,61.9446,1.1375,136318622,1.46384767223e+11
2020-05-07,'000905,中证500,5445.7519,5473.7738,5425.7964,5454.2515,5451.3159,-5.564,-0.1021,140146354,1.47975355319e+11
2020-05-06,'000905,中证500,5451.3159,5451.456,5318.443,5320.94,5353.8595,97.4564,1.8203,141679050,1.59945700645e+11
2020-04-30,'000905,中证500,5353.8595,5368.8943,5261.0467,5261.0467,5226.8116,127.0479,2.4307,133036686,1.42523793301e+11
2020-04-29,'000905,中证500,5226.8116,5269.735,5201.4734,5203.7103,5227.846,-1.0344,-0.0198,105926849,1.03339319168e+11
2020-04-28,'000905,中证500,5227.846,5273.2565,5102.0608,5268.1255,5265.7248,-37.8788,-0.7193,140824910,1.33971236967e+11
2020-04-27,'000905,中证500,5265.7248,5314.4114,5249.3133,5278.9787,5273.5474,-7.8226,-0.1483,117132427,1.10738403021e+11
2020-04-24,'000905,中证500,5273.5474,5354.7629,5258.5692,5350.5426,5357.7904,-84.243,-1.5723,131383367,1.27211203387e+11
2020-04-23,'000905,中证500,5357.7904,5407.49,5354.9401,5402.6478,5387.6233,-29.8329,-0.5537,144618302,1.4532460221e+11
2020-04-22,'000905,中证500,5387.6233,5388.2073,5296.2644,5304.731,5343.8806,43.7427,0.8186,123597006,1.27945771531e+11
2020-04-21,'000905,中证500,5343.8806,5358.6005,5287.6633,5358.6005,5381.7857,-37.9051,-0.7043,130744426,1.39768427427e+11
2020-04-20,'000905,中证500,5381.7857,5381.7857,5311.1974,5329.8688,5318.4547,63.331,1.1908,120642182,1.30825823688e+11
2020-04-17,'000905,中证500,5318.4547,5377.147,5309.5809,5354.9828,5316.9707,1.484,0.0279,136969833,1.56745771336e+11
2020-04-16,'000905,中证500,5316.9707,5328.1204,5238.4335,5245.9247,5268.7497,48.221,0.9152,120742193,1.22069165006e+11
2020-04-15,'000905,中证500,5268.7497,5320.5792,5264.0114,5291.9664,5288.593,-19.8433,-0.3752,122477400,1.28025726348e+11
2020-04-14,'000905,中证500,5288.593,5288.593,5189.8242,5197.1716,5169.1757,119.4173,2.3102,110188244,1.18917318031e+11
2020-04-13,'000905,中证500,5169.1757,5198.3708,5140.8505,5176.4431,5208.5102,-39.3345,-0.7552,98180993,1.01355716432e+11
2020-04-10,'000905,中证500,5208.5102,5321.7865,5197.9841,5321.7865,5322.4614,-113.9512,-2.1409,123816388,1.26468212009e+11
2020-04-09,'000905,中证500,5322.4614,5336.1174,5289.3845,5301.2663,5271.7961,50.6653,0.9611,125098462,1.28352885531e+11
2020-04-08,'000905,中证500,5271.7961,5291.4149,5232.6161,5243.1623,5267.073,4.7231,0.0897,137786254,1.36499534391e+11
2020-04-07,'000905,中证500,5267.073,5273.0857,5197.5826,5202.5465,5107.0393,160.0337,3.1336,145109452,1.46826555109e+11
2020-04-03,'000905,中证500,5107.0393,5161.5728,5085.0948,5143.5185,5147.2019,-40.1626,-0.7803,109478978,1.1275117306e+11
2020-04-02,'000905,中证500,5147.2019,5147.2019,4998.1063,4998.6259,5019.2187,127.9832,2.5499,113351078,1.1782217144e+11
2020-04-01,'000905,中证500,5019.2187,5108.175,5007.7115,5029.5837,5041.4534,-22.2347,-0.441,112154111,1.10651112519e+11
2020-03-31,'000905,中证500,5041.4534,5090.5675,5030.573,5073.5232,5027.4856,13.9678,0.2778,111605612,1.06538446159e+11
2020-03-30,'000905,中证500,5027.4856,5074.6251,4974.3165,5073.7047,5137.3371,-109.8515,-2.1383,123981316,1.24559163372e+11
2020-03-27,'000905,中证500,5137.3371,5227.7921,5134.4903,5222.8511,5166.1091,-28.772,-0.5569,117045073,1.184807911e+11
2020-03-26,'000905,中证500,5166.1091,5227.4679,5157.1478,5180.4657,5217.4237,-51.3146,-0.9835,125652450,1.26982007995e+11
2020-03-25,'000905,中证500,5217.4237,5229.2205,5160.3887,5200.7752,5096.0408,121.3829,2.3819,146881070,1.42310080633e+11
2020-03-24,'000905,中证500,5096.0408,5118.0355,4963.2918,5089.1516,4998.9095,97.1313,1.943,140787705,1.37371423375e+11
2020-03-23,'000905,中证500,4998.9095,5129.1405,4981.6682,5079.3549,5219.2809,-220.3714,-4.2223,138684745,1.33727699572e+11
2020-03-20,'000905,中证500,5219.2809,5225.0268,5129.0733,5217.488,5157.8235,61.4574,1.1915,127513289,1.31519032482e+11
2020-03-19,'000905,中证500,5157.8235,5185.0889,5020.4387,5119.9437,5119.4716,38.3519,0.7491,154593702,1.48680627065e+11
2020-03-18,'000905,中证500,5119.4716,5333.1204,5119.4716,5257.9438,5212.0619,-92.5903,-1.7765,164286604,1.60536059992e+11
2020-03-17,'000905,中证500,5212.0619,5300.5591,5052.6546,5245.5231,5200.1142,11.9477,0.2298,159137878,1.52551271989e+11
2020-03-16,'000905,中证500,5200.1142,5496.889,5183.3436,5496.889,5457.2006,-257.0864,-4.711,186849952,1.84923547742e+11
2020-03-13,'000905,中证500,5457.2006,5507.3899,5224.7267,5225.5063,5493.8838,-36.6832,-0.6677,195266659,1.88405108227e+11
2020-03-12,'000905,中证500,5493.8838,5549.3501,5446.7941,5507.3213,5589.5311,-95.6473,-1.7112,158753157,1.54102925606e+11
2020-03-11,'000905,中证500,5589.5311,5708.9152,5589.5311,5692.7173,5675.1113,-85.5802,-1.508,187750912,1.90010266288e+11
2020-03-10,'000905,中证500,5675.1113,5675.8756,5423.4289,5459.1732,5525.8167,149.2946,2.7018,208402877,2.10472315061e+11
2020-03-09,'000905,中证500,5525.8167,5699.9198,5525.8167,5668.6366,5763.8602,-238.0435,-4.1299,218538089,2.12042107536e+11
2020-03-06,'000905,中证500,5763.8602,5802.6293,5723.7326,5737.0958,5801.1199,-37.2597,-0.6423,185297147,1.77496499289e+11
2020-03-05,'000905,中证500,5801.1199,5811.2074,5732.168,5795.25,5716.5112,84.6087,1.4801,217232221,2.17238387621e+11
2020-03-04,'000905,中证500,5716.5112,5719.1783,5603.9288,5670.4997,5710.0235,6.4877,0.1136,185133098,1.94980150091e+11
2020-03-03,'000905,中证500,5710.0235,5832.3531,5658.1205,5756.7914,5656.4193,53.6042,0.9477,226325494,2.44204351206e+11
2020-03-02,'000905,中证500,5656.4193,5683.2425,5505.2683,5516.4386,5451.2897,205.1296,3.763,199511612,2.13505004462e+11
2020-02-28,'000905,中证500,5451.2897,5641.7724,5438.8521,5558.4158,5753.7277,-302.438,-5.2564,224306709,2.32879770245e+11
2020-02-27,'000905,中证500,5753.7277,5829.0372,5689.539,5770.2183,5743.3929,10.3348,0.1799,204694875,2.21902086233e+11
2020-02-26,'000905,中证500,5743.3929,5885.2702,5724.499,5824.0484,5897.7219,-154.329,-2.6168,266375080,2.81045744357e+11
2020-02-25,'000905,中证500,5897.7219,5912.2741,5643.8843,5745.617,5865.4665,32.2554,0.5499,267366678,3.01960915841e+11
2020-02-24,'000905,中证500,5865.4665,5884.1397,5754.6794,5784.5751,5784.0321,81.4344,1.4079,218098962,2.50154433483e+11
2020-02-21,'000905,中证500,5784.0321,5822.3973,5700.9519,5704.836,5706.7127,77.3194,1.3549,207236239,2.30175046237e+11
2020-02-20,'000905,中证500,5706.7127,5712.1825,5580.0672,5619.5203,5603.2626,103.4501,1.8462,192076026,2.0556497865e+11
2020-02-19,'000905,中证500,5603.2626,5678.8191,5601.3916,5654.1778,5660.8142,-57.5516,-1.0167,185642085,2.10591418572e+11
2020-02-18,'000905,中证500,5660.8142,5660.8142,5577.8981,5607.8401,5594.4366,66.3776,1.1865,185098701,2.0642852443e+11
2020-02-17,'000905,中证500,5594.4366,5594.4366,5454.4626,5454.4626,5420.8025,173.6341,3.2031,174636657,1.83878721182e+11
2020-02-14,'000905,中证500,5420.8025,5474.4682,5375.9258,5407.4738,5412.8418,7.9607,0.1471,145346496,1.62742004601e+11
2020-02-13,'000905,中证500,5412.8418,5482.7951,5397.2324,5456.6591,5459.9461,-47.1043,-0.8627,158202642,1.75679828632e+11
2020-02-12,'000905,中证500,5459.9461,5461.6736,5340.487,5345.522,5361.2768,98.6693,1.8404,151041473,1.64552224784e+11
2020-02-11,'000905,中证500,5361.2768,5396.9558,5323.7602,5390.5255,5388.4349,-27.1581,-0.504,152508177,1.57302894199e+11
2020-02-10,'000905,中证500,5388.4349,5389.0387,5301.4121,5322.0089,5327.0369,61.398,1.1526,176703282,1.86767921839e+11
2020-02-07,'000905,中证500,5327.0369,5329.3558,5226.6999,5287.269,5282.8922,44.1447,0.8356,191147642,2.03495543098e+11
2020-02-06,'000905,中证500,5282.8922,5299.178,5100.4818,5128.1863,5123.9619,158.9303,3.1017,185957456,1.97274056316e+11
2020-02-05,'000905,中证500,5123.9619,5178.4378,5026.4083,5035.4089,4996.4743,127.4876,2.5516,171095339,1.77352350637e+11
2020-02-04,'000905,中证500,4996.4743,5013.7695,4736.1227,4736.1227,4910.9011,85.5732,1.7425,189672279,1.75374996026e+11
2020-02-03,'000905,中证500,4910.9011,4960.7456,4896.8945,4896.8945,5377.7411,-466.84,-8.681,81777084,89455038460.2
2020-01-23,'000905,中证500,5377.7411,5558.4257,5326.9315,5521.7921,5575.5126,-197.7715,-3.5471,145773071,1.6186191753e+11
2020-01-22,'000905,中证500,5575.5126,5597.9935,5440.1998,5502.587,5523.9419,51.5707,0.9336,123474770,1.38250254243e+11
2020-01-21,'000905,中证500,5523.9419,5581.98,5515.1928,5581.0102,5587.5359,-63.594,-1.1381,124604808,1.35220987296e+11
2020-01-20,'000905,中证500,5587.5359,5587.5359,5500.5937,5523.0098,5510.0453,77.4906,1.4064,115403001,1.28212120829e+11
2020-01-17,'000905,中证500,5510.0453,5555.4119,5499.4674,5539.723,5527.6676,-17.6223,-0.3188,104949329,1.10491857887e+11
2020-01-16,'000905,中证500,5527.6676,5559.0175,5514.6912,5539.4211,5530.0266,-2.359,-0.0427,111897276,1.22337955368e+11
2020-01-15,'000905,中证500,5530.0266,5545.1012,5492.6508,5532.9613,5542.3316,-12.305,-0.222,112425020,1.18142835148e+11
2020-01-14,'000905,中证500,5542.3316,5583.7202,5539.8997,5576.6291,5559.6272,-17.2956,-0.3111,129811383,1.34845327469e+11
2020-01-13,'000905,中证500,5559.6272,5559.6272,5447.7315,5478.3159,5480.2279,79.3993,1.4488,118076181,1.28651948007e+11
2020-01-10,'000905,中证500,5480.2279,5516.0948,5455.2516,5511.6739,5497.5429,-17.315,-0.315,113819821,1.18196969042e+11
2020-01-09,'000905,中证500,5497.5429,5497.5429,5457.3498,5465.8574,5423.7966,73.7463,1.3597,132431667,1.35961014647e+11
2020-01-08,'000905,中证500,5423.7966,5500.1601,5409.569,5481.9844,5499.8395,-76.0429,-1.3826,155406847,1.49838069326e+11
2020-01-07,'000905,中证500,5499.8395,5499.8395,5440.6916,5441.9032,5434.8503,64.9892,1.1958,144142722,1.42194161768e+11
2020-01-06,'000905,中证500,5434.8503,5481.55,5355.0237,5365.2171,5380.6372,54.2131,1.0076,159587414,1.58190935628e+11
2020-01-03,'000905,中证500,5380.6372,5395.2585,5351.8049,5376.0328,5366.1375,14.4997,0.2702,128452021,1.22199725543e+11
2020-01-02,'000905,中证500,5366.1375,5374.9082,5288.1675,5306.6677,5267.6622,98.4753,1.8694,145894405,1.36813752305e+11
2019-12-31,'000905,中证500,5267.6622,5269.8736,5228.1726,5239.9132,5241.9383,25.7239,0.4907,103889658,95356584996.5
2019-12-30,'000905,中证500,5241.9383,5242.1238,5119.8558,5160.3102,5179.1929,62.7454,1.2115,116869456,1.06835905579e+11
2019-12-27,'000905,中证500,5179.1929,5252.7878,5175.852,5223.4701,5219.1404,-39.9475,-0.7654,126259628,1.16273066099e+11
2019-12-26,'000905,中证500,5219.1404,5219.1404,5171.4403,5181.3814,5183.0986,36.0418,0.6954,95625533,89169212218.4
2019-12-25,'000905,中证500,5183.0986,5195.8663,5153.5138,5157.3667,5162.0702,21.0284,0.4074,95918676,97321480183.4
2019-12-24,'000905,中证500,5162.0702,5165.1561,5092.9061,5098.805,5084.3505,77.7197,1.5286,85451916,80244021672.9
2019-12-23,'000905,中证500,5084.3505,5188.85,5079.4417,5161.2823,5184.6752,-100.3247,-1.935,105652530,98214944067.9
2019-12-20,'000905,中证500,5184.6752,5258.0056,5182.0632,5244.2134,5241.7376,-57.0624,-1.0886,117998472,1.07404905742e+11
2019-12-19,'000905,中证500,5241.7376,5255.1689,5215.884,5236.9151,5235.1248,6.6128,0.1263,113666294,1.11318995285e+11
2019-12-18,'000905,中证500,5235.1248,5267.4061,5221.698,5235.4761,5236.0624,-0.9376,-0.0179,129264398,1.2638073689e+11
2019-12-17,'000905,中证500,5236.0624,5257.8279,5161.1524,5167.2291,5166.0391,70.0233,1.3555,150219142,1.43007732177e+11
2019-12-16,'000905,中证500,5166.0391,5166.0391,5081.9093,5095.3481,5073.6858,92.3533,1.8202,116522533,1.18077922882e+11
2019-12-13,'000905,中证500,5073.6858,5082.7599,5029.8833,5047.8973,5012.0011,61.6847,1.2307,99979184,1.00214793148e+11
2019-12-12,'000905,中证500,5012.0011,5044.1972,5008.3676,5025.4907,5027.2784,-15.2773,-0.3039,80055439,82031906194.2
2019-12-11,'000905,中证500,5027.2784,5052.3501,5007.5596,5044.9367,5049.0514,-21.773,-0.4312,86011038,87198618378.9
2019-12-10,'000905,中证500,5049.0514,5054.3122,4998.1479,5012.4716,5024.604,24.4474,0.4866,82936330,85621362339.6
2019-12-09,'000905,中证500,5024.604,5040.2408,5005.8413,5020.2216,5010.5104,14.0936,0.2813,88486415,92501704118.5
2019-12-06,'000905,中证500,5010.5104,5010.513,4954.7856,4968.041,4967.6021,42.9083,0.8638,73705957,77615890698.4
2019-12-05,'000905,中证500,4967.6021,4978.9896,4923.1116,4927.7757,4920.6682,46.9339,0.9538,74077104,77991494680.4
2019-12-04,'000905,中证500,4920.6682,4935.5695,4901.0364,4902.4853,4926.4548,-5.7866,-0.1175,63496450,65049445239.8
2019-12-03,'000905,中证500,4926.4548,4926.4548,4863.662,4889.4069,4905.4209,21.0339,0.4288,60345525,59970188116.3
2019-12-02,'000905,中证500,4905.4209,4930.5853,4889.319,4897.6306,4894.9416,10.4793,0.2141,63150159,61517277181.6
2019-11-29,'000905,中证500,4894.9416,4909.411,4850.5879,4888.3484,4889.2595,5.6821,0.1162,61395620,58933970584.8
2019-11-28,'000905,中证500,4889.2595,4916.8046,4878.0072,4897.6525,4904.2568,-14.9973,-0.3058,59672314,56925664898.3
2019-11-27,'000905,中证500,4904.2568,4935.6277,4872.3024,4881.402,4882.1624,22.0944,0.4526,72646940,70087736428.7
2019-11-26,'000905,中证500,4882.1624,4920.6768,4882.1624,4906.4289,4901.5021,-19.3397,-0.3946,81259730,74550160674.7
2019-11-25,'000905,中证500,4901.5021,4915.3452,4853.8425,4904.9949,4904.0828,-2.5807,-0.0526,86347265,78620478553.6
2019-11-22,'000905,中证500,4904.0828,5018.0642,4876.8117,4954.3102,4945.7188,-41.636,-0.8419,88027695,89306629279.5
2019-11-21,'000905,中证500,4945.7188,4963.0886,4919.5937,4929.8513,4946.2757,-0.5569,-0.0113,66167513,63282046848.6
2019-11-20,'000905,中证500,4946.2757,4991.6959,4941.9109,4975.7561,4975.1128,-28.8371,-0.5796,78998277,81388200081.2
2019-11-19,'000905,中证500,4975.1128,4975.1128,4890.7563,4892.3397,4892.4609,82.6519,1.6894,72363369,73229636654.5
2019-11-18,'000905,中证500,4892.4609,4901.001,4851.39,4862.2803,4868.4367,24.0242,0.4935,63965372,63914780872.7
2019-11-15,'000905,中证500,4868.4367,4936.9848,4868.4367,4910.2052,4912.1075,-43.6708,-0.889,70076404,74051052837.1
2019-11-14,'000905,中证500,4912.1075,4925.4416,4871.5569,4875.2493,4875.543,36.5645,0.75,63910112,68278831817.1
2019-11-13,'000905,中证500,4875.543,4888.1914,4853.5946,4878.9678,4881.6144,-6.0714,-0.1244,60606408,60162199835.3
2019-11-12,'000905,中证500,4881.6144,4887.2957,4823.4288,4878.9722,4876.1594,5.455,0.1119,68785493,64024939307.4
2019-11-11,'000905,中证500,4876.1594,4961.1943,4868.4348,4961.1943,4988.2938,-112.1344,-2.248,77096401,71951297699.8
2019-11-08,'000905,中证500,4988.2938,5051.5643,4985.9488,5036.6566,5007.0666,-18.7728,-0.3749,79096556,80301698426.8
2019-11-07,'000905,中证500,5007.0666,5020.2236,4960.8385,4970.529,4974.7343,32.3323,0.6499,72092198,70612908509.6
2019-11-06,'000905,中证500,4974.7343,5027.7894,4955.8258,5022.1048,5025.3029,-50.5686,-1.0063,83216275,82703564204.0
2019-11-05,'000905,中证500,5025.3029,5041.2355,4972.7168,4995.4616,4987.8364,37.4665,0.7512,85072951,84235951765.0
2019-11-04,'000905,中证500,4987.8364,5016.9371,4974.3632,4974.3632,4962.3495,25.4869,0.5136,81278227,82241598022.4
2019-11-01,'000905,中证500,4962.3495,4967.0484,4896.0073,4908.6477,4917.4174,44.9321,0.9137,74155656,72447112677.3
2019-10-31,'000905,中证500,4917.4174,4967.7453,4911.3756,4950.0259,4947.8954,-30.478,-0.616,79582687,79650641370.5
2019-10-30,'000905,中证500,4947.8954,4984.4037,4938.1025,4975.6732,5007.7126,-59.8172,-1.1945,85762155,83620058905.4
2019-10-29,'000905,中证500,5007.7126,5080.9295,5007.7126,5080.9295,5084.4677,-76.7551,-1.5096,108706305,1.05275425054e+11
2019-10-28,'000905,中证500,5084.4677,5084.6884,5026.064,5026.064,4994.5684,89.8993,1.7999,102907395,1.01064614546e+11
2019-10-25,'000905,中证500,4994.5684,5001.5089,4922.0836,4953.3271,4958.2465,36.3219,0.7326,73158777,72672829238.8
2019-10-24,'000905,中证500,4958.2465,4972.7625,4921.1123,4961.6853,4967.1949,-8.9484,-0.1801,64868443,62074661055.7
2019-10-23,'000905,中证500,4967.1949,5009.9404,4955.0555,5009.3572,5005.5525,-38.3576,-0.7663,69036507,65559048969.1
2019-10-22,'000905,中证500,5005.5525,5011.0127,4954.1075,4954.1075,4951.0354,54.5171,1.1011,65534982,63627854013.6
2019-10-21,'000905,中证500,4951.0354,4957.2357,4906.3624,4956.7929,4961.8072,-10.7718,-0.2171,69899271,65366244551.4
2019-10-18,'000905,中证500,4961.8072,5056.5575,4953.1478,5033.8167,5029.854,-68.0468,-1.3529,82038850,74431254150.2
2019-10-17,'000905,中证500,5029.854,5049.3606,5017.4677,5039.2712,5038.356,-8.502,-0.1687,70514508,65942908151.8
2019-10-16,'000905,中证500,5038.356,5086.9729,5036.5028,5064.3325,5061.0029,-22.6469,-0.4475,78221408,73744399915.3
2019-10-15,'000905,中证500,5061.0029,5115.2478,5057.2839,5115.2478,5131.1312,-70.1283,-1.3667,88321430,86494758013.9
2019-10-14,'000905,中证500,5131.1312,5151.6944,5089.3126,5095.2164,5055.5165,75.6147,1.4957,103688878,1.00737694042e+11
2019-10-11,'000905,中证500,5055.5165,5074.9035,5012.3843,5057.8108,5046.3594,9.1571,0.1815,82786016,82692670947.9
2019-10-10,'000905,中证500,5046.3594,5049.2193,4979.1948,4988.1408,4982.9535,63.4059,1.2725,73818154,75962306588.5
2019-10-09,'000905,中证500,4982.9535,4985.4405,4904.3222,4926.2085,4941.7607,41.1928,0.8336,66505759,67224088877.7
2019-10-08,'000905,中证500,4941.7607,4994.4433,4937.0284,4955.078,4940.903,0.8577,0.0174,66443425,69528043024.5
2019-09-30,'000905,中证500,4940.903,5022.4285,4940.903,5009.1385,5005.6299,-64.7269,-1.2931,65785130,66977336936.6
2019-09-27,'000905,中证500,5005.6299,5033.185,4974.0324,4974.0324,4970.2403,35.3896,0.712,74329833,77773539941.2
2019-09-26,'000905,中证500,4970.2403,5108.8037,4970.2403,5099.5177,5087.0091,-116.7688,-2.2954,94670752,1.00909210437e+11
2019-09-25,'000905,中证500,5087.0091,5162.1513,5087.0091,5162.1513,5180.7418,-93.7327,-1.8093,92202920,1.03768929295e+11
2019-09-24,'000905,中证500,5180.7418,5237.4102,5159.3315,5168.1222,5171.484,9.2578,0.179,94527996,1.0859021678e+11
2019-09-23,'000905,中证500,5171.484,5192.8838,5124.7981,5192.8838,5204.4848,-33.0008,-0.6341,94657680,1.03757230386e+11
2019-09-20,'000905,中证500,5204.4848,5220.2351,5180.0778,5198.7279,5191.6687,12.8161,0.2469,94186438,1.04270351935e+11
2019-09-19,'000905,中证500,5191.6687,5191.6687,5126.1532,5150.4983,5141.0381,50.6306,0.9848,88129311,92724183285.5
2019-09-18,'000905,中证500,5141.0381,5163.8104,5119.6137,5148.0631,5140.4502,0.5879,0.0114,89555999,92044125712.6
2019-09-17,'000905,中证500,5140.4502,5237.5592,5118.2077,5237.5592,5250.3398,-109.8896,-2.093,114771435,1.13656216326e+11
2019-09-16,'000905,中证500,5250.3398,5279.5896,5228.29,5263.3007,5242.6115,7.7283,0.1474,114136339,1.16963948641e+11
2019-09-12,'000905,中证500,5242.6115,5255.7851,5197.5696,5230.2944,5217.2913,25.3202,0.4853,96044226,99874269567.8
2019-09-11,'000905,中证500,5217.2913,5273.9678,5206.9728,5262.4946,5245.305,-28.0137,-0.5341,115603941,1.1906234148e+11
2019-09-10,'000905,中证500,5245.305,5264.3276,5212.5251,5264.3276,5263.4594,-18.1544,-0.3449,131111547,1.3817523057e+11
2019-09-09,'000905,中证500,5263.4594,5263.4594,5171.8514,5202.7058,5154.6378,108.8216,2.1111,132941927,1.39542294574e+11
2019-09-06,'000905,中证500,5154.6378,5167.4828,5111.7349,5152.185,5138.4051,16.2327,0.3159,112798576,1.2260522323e+11
2019-09-05,'000905,中证500,5138.4051,5208.9999,5119.4281,5119.5739,5093.2662,45.1389,0.8862,158947369,1.60737034593e+11
2019-09-04,'000905,中证500,5093.2662,5093.2662,5027.6672,5036.5238,5044.1805,49.0857,0.9731,122499224,1.23208416373e+11
2019-09-03,'000905,中证500,5044.1805,5044.1805,4999.8872,5019.4049,5008.2958,35.8847,0.7165,109090449,1.15052722425e+11
2019-09-02,'000905,中证500,5008.2958,5020.2648,4890.2253,4894.0496,4886.494,121.8018,2.4926,108292930,1.09204318759e+11
2019-08-30,'000905,中证500,4886.494,4975.9723,4862.5821,4963.2785,4934.1838,-47.6898,-0.9665,102451634,1.08135467947e+11
2019-08-29,'000905,中证500,4934.1838,4954.9574,4912.22,4937.5909,4928.1935,5.9903,0.1216,96817996,94062432252.4
2019-08-28,'000905,中证500,4928.1935,4948.0177,4910.6033,4929.8939,4936.1238,-7.9303,-0.1607,98994293,92168539738.9
2019-08-27,'000905,中证500,4936.1238,4976.5805,4878.2891,4878.2891,4855.4584,80.6654,1.6613,108192637,1.05376287946e+11
2019-08-26,'000905,中证500,4855.4584,4867.3032,4793.8441,4799.4831,4887.9024,-32.444,-0.6638,88453144,86780252776.6
2019-08-23,'000905,中证500,4887.9024,4902.7831,4861.2002,4888.5329,4887.9142,-0.0118,-0.0002,82502528,81178885784.7
2019-08-22,'000905,中证500,4887.9142,4896.5752,4851.9692,4894.3625,4882.7213,5.1929,0.1064,82238110,82031364627.7
2019-08-21,'000905,中证500,4882.7213,4896.2914,4859.328,4865.7174,4872.6061,10.1152,0.2076,84940790,83121773981.2
2019-08-20,'000905,中证500,4872.6061,4912.9917,4864.8159,4878.6745,4875.0363,-2.4302,-0.0498,100202293,94825269892.6
2019-08-19,'000905,中证500,4875.0363,4875.0363,4765.0581,4765.0581,4722.6625,152.3738,3.2264,106580926,1.05144365498e+11
2019-08-16,'000905,中证500,4722.6625,4755.9526,4696.9213,4702.1415,4706.5504,16.1121,0.3423,77542458,76502437623.1
2019-08-15,'000905,中证500,4706.5504,4709.363,4576.4614,4585.0944,4683.8403,22.7101,0.4849,78261611,72618382798.6
2019-08-14,'000905,中证500,4683.8403,4731.8627,4677.1302,4713.5026,4658.3884,25.4519,0.5464,71148787,69438518109.2
2019-08-13,'000905,中证500,4658.3884,4667.715,4638.0294,4649.349,4685.045,-26.6566,-0.569,58691317,57730564572.2
2019-08-12,'000905,中证500,4685.045,4685.045,4591.6615,4608.1166,4600.3526,84.6924,1.841,61946507,62148044562.9
2019-08-09,'000905,中证500,4600.3526,4690.654,4593.2238,4677.2477,4656.1009,-55.7483,-1.1973,64443337,64477323102.3
2019-08-08,'000905,中证500,4656.1009,4663.032,4636.2385,4641.8665,4626.3641,29.7368,0.6428,60077796,56743200906.6
2019-08-07,'000905,中证500,4626.3641,4686.7321,4624.7423,4678.4283,4650.5627,-24.1986,-0.5203,67417406,62344725908.4
2019-08-06,'000905,中证500,4650.5627,4684.5159,4558.0604,4665.8404,4751.9846,-101.4219,-2.1343,98667866,84239326255.9
2019-08-05,'000905,中证500,4751.9846,4838.7588,4749.9444,4795.9105,4809.9198,-57.9352,-1.2045,71612542,69025913447.0
2019-08-02,'000905,中证500,4809.9198,4816.8104,4756.4044,4773.4302,4870.469,-60.5492,-1.2432,79002361,73848047874.7
2019-08-01,'000905,中证500,4870.469,4900.0866,4850.5281,4877.5573,4903.203,-32.734,-0.6676,64332504,61801931692.3
2019-07-31,'000905,中证500,4903.203,4921.7224,4892.5557,4914.044,4922.9175,-19.7145,-0.4005,62754547,58776188915.0
2019-07-30,'000905,中证500,4922.9175,4961.0247,4902.7813,4902.8411,4897.0183,25.8992,0.5289,71194127,65553974536.0
2019-07-29,'000905,中证500,4897.0183,4914.48,4872.545,4897.6519,4898.1099,-1.0916,-0.0223,56581521,54815760176.9
2019-07-26,'000905,中证500,4898.1099,4902.0916,4868.197,4880.7194,4891.6432,6.4667,0.1322,59252777,57190685291.2
2019-07-25,'000905,中证500,4891.6432,4899.715,4861.7715,4873.1742,4873.0271,18.6161,0.382,67384418,65540811955.8
2019-07-24,'000905,中证500,4873.0271,4898.8054,4837.7669,4837.7669,4823.9182,49.1089,1.018,69451383,63586100131.0
2019-07-23,'000905,中证500,4823.9182,4823.9182,4778.0529,4778.0529,4776.5749,47.3433,0.9912,54729263,48300963629.5
2019-07-22,'000905,中证500,4776.5749,4886.402,4766.0716,4885.4293,4878.6903,-102.1154,-2.0931,72191578,61198813614.8
2019-07-19,'000905,中证500,4878.6903,4920.4135,4861.2031,4861.2125,4844.1087,34.5816,0.7139,68597298,57390762230.9
2019-07-18,'000905,中证500,4844.1087,4909.7172,4843.5134,4909.7172,4929.085,-84.9763,-1.724,72636158,59848894329.2
2019-07-17,'000905,中证500,4929.085,4953.4093,4914.4924,4930.6466,4932.0458,-2.9608,-0.06,75361088,65860765215.8
2019-07-16,'000905,中证500,4932.0458,4940.2313,4909.6633,4917.7931,4925.3243,6.7215,0.1365,68924962,60958972154.8
2019-07-15,'000905,中证500,4925.3243,4951.6237,4787.9062,4850.8904,4861.5679,63.7564,1.3114,84594481,75865112765.4
2019-07-12,'000905,中证500,4861.5679,4874.3204,4820.6635,4848.222,4844.5474,17.0205,0.3513,61479398,54064544424.8
2019-07-11,'000905,中证500,4844.5474,4905.1604,4821.5516,4867.6825,4843.8649,0.6825,0.0141,62628484,56483156357.0
2019-07-10,'000905,中证500,4843.8649,4896.0413,4829.2848,4891.9111,4881.6235,-37.7586,-0.7735,60795192,55261260669.1
2019-07-09,'000905,中证500,4881.6235,4892.5583,4838.9366,4868.475,4870.7807,10.8428,0.2226,61012512,56755420859.3
2019-07-08,'000905,中证500,4870.7807,5028.6349,4855.2148,5028.6349,5042.6599,-171.8792,-3.4085,91766077,81431278977.5
2019-07-05,'000905,中证500,5042.6599,5055.0145,5001.5234,5026.3316,5025.0207,17.6392,0.351,64904141,60552010316.7
2019-07-04,'000905,中证500,5025.0207,5067.997,5002.3322,5046.883,5040.7227,-15.702,-0.3115,80147189,72016475806.0
2019-07-03,'000905,中证500,5040.7227,5074.7097,5021.8958,5074.7097,5084.41,-43.6873,-0.8592,85358589,79210212964.4
2019-07-02,'000905,中证500,5084.41,5102.4091,5066.2507,5092.8418,5100.2619,-15.8519,-0.3108,97080637,91618108604.6
2019-07-01,'000905,中证500,5100.2619,5100.2619,5016.2363,5044.6638,4950.4798,149.7821,3.0256,111630214,1.08157182514e+11
2019-06-28,'000905,中证500,4950.4798,5005.1921,4920.4349,5005.1921,5007.4833,-57.0035,-1.1384,77164628,70271421892.0
2019-06-27,'000905,中证500,5007.4833,5030.3718,4972.6702,4974.9859,4962.5936,44.8897,0.9046,81631266,77117707879.1
2019-06-26,'000905,中证500,4962.5936,4991.1275,4928.733,4943.7751,4974.9882,-12.3946,-0.2491,70035687,64206718430.5
2019-06-25,'000905,中证500,4974.9882,5020.2009,4910.1971,5020.2009,5024.2046,-49.2164,-0.9796,99202180,85713850536.5
2019-06-24,'000905,中证500,5024.2046,5038.4798,4996.1699,5032.3746,5021.3051,2.8995,0.0577,99620157,86442218788.6
2019-06-21,'000905,中证500,5021.3051,5045.7149,4973.5853,4973.5853,4954.7338,66.5713,1.3436,122814214,1.06832740483e+11
2019-06-20,'000905,中证500,4954.7338,4987.5951,4837.1763,4853.2088,4858.9164,95.8174,1.972,119695961,1.02804340132e+11
2019-06-19,'000905,中证500,4858.9164,4931.1098,4856.9033,4902.9598,4797.1468,61.7696,1.2876,98274376,88246816060.7
2019-06-18,'000905,中证500,4797.1468,4825.6252,4773.5495,4804.3018,4802.8185,-5.6717,-0.1181,66523897,56694905767.0
2019-06-17,'000905,中证500,4802.8185,4826.5959,4779.6429,4796.1203,4795.5267,7.2918,0.1521,73361138,64090002525.5
2019-06-14,'000905,中证500,4795.5267,4893.9284,4786.195,4880.2264,4877.6505,-82.1238,-1.6837,102803894,83140662637.5
2019-06-13,'000905,中证500,4877.6505,4892.5811,4831.5194,4855.5398,4863.4922,14.1583,0.2911,96172538,79697102665.4
2019-06-12,'000905,中证500,4863.4922,4917.0919,4852.9834,4889.3606,4901.4723,-37.9801,-0.7749,107847561,94685225285.3
2019-06-11,'000905,中证500,4901.4723,4903.8673,4728.4832,4730.8093,4725.2643,176.208,3.7291,116811446,99669915566.1
2019-06-10,'000905,中证500,4725.2643,4750.5423,4662.7808,4693.7633,4678.7844,46.4799,0.9934,73361381,63265364509.3
2019-06-06,'000905,中证500,4678.7844,4776.6879,4668.5413,4776.4896,4783.8245,-105.0401,-2.1957,83416931,70429637482.1
2019-06-05,'000905,中证500,4783.8245,4850.8038,4777.9781,4837.895,4795.4129,-11.5884,-0.2417,81300165,72772853682.6
2019-06-04,'000905,中证500,4795.4129,4853.8105,4768.0393,4847.6634,4853.8153,-58.4024,-1.2032,86751653,77250794625.1
2019-06-03,'000905,中证500,4853.8153,4942.0652,4838.3523,4921.7084,4912.0005,-58.1852,-1.1846,98540830,83580691984.2
2019-05-31,'000905,中证500,4912.0005,4969.0513,4902.7379,4923.9199,4926.403,-14.4025,-0.2924,86716729,75731116074.4
2019-05-30,'000905,中证500,4926.403,4933.8544,4865.7753,4933.5006,4956.8638,-30.4608,-0.6145,94779602,80822550059.3
2019-05-29,'000905,中证500,4956.8638,4992.9887,4930.4307,4943.5678,4955.4855,1.3783,0.0278,85876852,78641296290.8
2019-05-28,'000905,中证500,4955.4855,5002.2491,4933.8967,4965.5908,4962.947,-7.4615,-0.1503,90263989,83641973469.4
2019-05-27,'000905,中证500,4962.947,4974.2676,4824.142,4848.6417,4841.7573,121.1897,2.503,93076414,81678357210.7
2019-05-24,'000905,中证500,4841.7573,4892.4587,4831.3352,4848.5757,4872.9202,-31.1629,-0.6395,77933436,69305381771.0
2019-05-23,'000905,中证500,4872.9202,4957.9863,4860.1881,4955.2522,4976.3929,-103.4727,-2.0793,90563681,82582767292.1
2019-05-22,'000905,中证500,4976.3929,5018.1092,4941.0098,5002.1602,5009.8725,-33.4796,-0.6683,94092709,86507936442.6
2019-05-21,'000905,中证500,5009.8725,5026.2842,4904.8232,4917.3424,4923.5589,86.3136,1.7531,100837073,91301255167.5
2019-05-20,'000905,中证500,4923.5589,4947.7455,4835.8087,4937.1767,4942.5792,-19.0203,-0.3848,95686497,84271517275.2
2019-05-17,'000905,中证500,4942.5792,5116.9934,4923.6727,5112.2411,5108.3588,-165.7796,-3.2453,119071213,1.03931108299e+11
2019-05-16,'000905,中证500,5108.3588,5118.4448,5059.2068,5071.1085,5076.555,31.8038,0.6265,104422166,91206178690.5
2019-05-15,'000905,中证500,5076.555,5086.7298,4999.3368,5002.6051,4965.6124,110.9426,2.2342,97463860,88150026771.1
2019-05-14,'000905,中证500,4965.6124,5018.4131,4941.9271,4942.3937,5005.9044,-40.292,-0.8049,87540969,78269150192.2
2019-05-13,'000905,中证500,5005.9044,5040.5037,4985.1882,5009.4748,5064.323,-58.4186,-1.1535,91736394,81269399674.7
2019-05-10,'000905,中证500,5064.323,5064.323,4842.6072,4940.4814,4888.4128,175.9102,3.5985,122177483,1.03926817467e+11
2019-05-09,'000905,中证500,4888.4128,4955.7835,4879.6945,4897.9781,4947.7419,-59.3291,-1.1991,90934656,75438861419.0
2019-05-08,'000905,中证500,4947.7419,5028.526,4842.5603,4865.7878,4973.4043,-25.6624,-0.516,107738121,88503433406.3
2019-05-07,'000905,中证500,4973.4043,4990.1939,4886.0568,4933.0425,4908.7984,64.6059,1.3161,116573687,97660954760.0
2019-05-06,'000905,中证500,4908.7984,5125.1616,4874.6433,5122.4696,5307.56,-398.7616,-7.5131,143386233,1.16597523172e+11
2019-04-30,'000905,中证500,5307.56,5349.9438,5244.0447,5244.0447,5265.6011,41.9589,0.7968,102190340,90849649254.3
2019-04-29,'000905,中证500,5265.6011,5421.6568,5252.0486,5405.1641,5408.0306,-142.4295,-2.6337,138672387,1.1971319626e+11
2019-04-26,'000905,中证500,5408.0306,5496.0353,5407.1942,5427.6228,5458.4194,-50.3888,-0.9231,124279880,1.0897081646e+11
2019-04-25,'000905,中证500,5458.4194,5662.7898,5457.8254,5652.0056,5679.7256,-221.3062,-3.8964,151401718,1.32098714891e+11
2019-04-24,'000905,中证500,5679.7256,5682.4788,5568.408,5636.4016,5628.0624,51.6632,0.918,134784412,1.21970724631e+11
2019-04-23,'000905,中证500,5628.0624,5710.7334,5610.7353,5710.7334,5723.0417,-94.9793,-1.6596,149871461,1.33768248902e+11
2019-04-22,'000905,中证500,5723.0417,5824.5207,5704.9769,5821.0229,5810.1798,-87.1381,-1.4997,158161026,1.43410616805e+11
2019-04-19,'000905,中证500,5810.1798,5810.1798,5710.7953,5762.5009,5775.171,35.0088,0.6062,148724289,1.33507304e+11
2019-04-18,'000905,中证500,5775.171,5826.6736,5762.5678,5804.3014,5807.7288,-32.5578,-0.5606,151322505,1.41406848441e+11
2019-04-17,'000905,中证500,5807.7288,5840.6249,5757.9952,5776.6352,5777.0111,30.7177,0.5317,169800155,1.58856829046e+11
2019-04-16,'000905,中证500,5777.0111,5777.0111,5583.6142,5625.1221,5655.9825,121.0286,2.1398,156029632,1.47394539976e+11
2019-04-15,'000905,中证500,5655.9825,5815.3916,5654.3441,5795.5011,5714.3676,-58.3851,-1.0217,157754136,1.47932909424e+11
2019-04-12,'000905,中证500,5714.3676,5749.3368,5673.7447,5720.0481,5727.1749,-12.8073,-0.2236,140078341,1.2612198027e+11
2019-04-11,'000905,中证500,5727.1749,5866.9221,5720.5516,5852.636,5850.7609,-123.586,-2.1123,165876073,1.57397019816e+11
2019-04-10,'000905,中证500,5850.7609,5906.4273,5782.3689,5826.0258,5858.0464,-7.2855,-0.1244,178753607,1.72671580647e+11
2019-04-09,'000905,中证500,5858.0464,5877.84,5798.3736,5834.29,5847.6296,10.4168,0.1781,179363502,1.69072553747e+11
2019-04-08,'000905,中证500,5847.6296,5939.4979,5765.9069,5921.2105,5871.5575,-23.9279,-0.4075,238317466,2.22907102713e+11
2019-04-04,'000905,中证500,5871.5575,5894.9882,5813.4624,5868.3919,5836.0369,35.5206,0.6086,208834859,1.96845266328e+11
2019-04-03,'000905,中证500,5836.0369,5843.468,5724.1257,5744.2215,5775.5497,60.4872,1.0473,199104763,1.8230427856e+11
2019-04-02,'000905,中证500,5775.5497,5833.0223,5750.3296,5794.7878,5757.8379,17.7118,0.3076,228750284,2.16017608687e+11
2019-04-01,'000905,中证500,5757.8379,5763.5806,5591.6651,5591.6651,5547.6561,210.1818,3.7887,221181631,2.08464845274e+11
2019-03-29,'000905,中证500,5547.6561,5550.7601,5346.2139,5370.4209,5370.1234,177.5327,3.3059,178333017,1.64954573844e+11
2019-03-28,'000905,中证500,5370.1234,5487.7654,5370.1234,5432.9438,5447.8795,-77.7561,-1.4273,149261082,1.41312489924e+11
2019-03-27,'000905,中证500,5447.8795,5447.8795,5333.7848,5431.9779,5394.8787,53.0008,0.9824,144956608,1.34714503064e+11
2019-03-26,'000905,中证500,5394.8787,5589.4127,5380.8535,5571.5251,5549.6711,-154.7924,-2.7892,176164730,1.60539919363e+11
2019-03-25,'000905,中证500,5549.6711,5629.2277,5507.3576,5521.251,5622.1402,-72.4691,-1.289,178432937,1.66384283611e+11
2019-03-22,'000905,中证500,5622.1402,5625.095,5505.8058,5591.0427,5589.478,32.6622,0.5844,181954823,1.68610426964e+11
2019-03-21,'000905,中证500,5589.478,5634.6618,5513.392,5525.9922,5515.7856,73.6924,1.336,207150045,1.84005098812e+11
2019-03-20,'000905,中证500,5515.7856,5533.0525,5415.7549,5518.3087,5522.1801,-6.3945,-0.1158,176820735,1.54380099338e+11
2019-03-19,'000905,中证500,5522.1801,5555.1227,5486.7986,5505.6985,5501.183,20.9971,0.3817,166713931,1.50233661548e+11
2019-03-18,'000905,中证500,5501.183,5501.183,5333.2557,5387.3756,5359.0087,142.1743,2.653,172655255,1.5388383594e+11
2019-03-15,'000905,中证500,5359.0087,5418.3293,5308.0621,5328.8085,5298.5024,60.5063,1.142,152846465,1.39681586047e+11
2019-03-14,'000905,中证500,5298.5024,5432.5207,5236.7529,5381.11,5424.8642,-126.3618,-2.3293,178608679,1.54289289899e+11
2019-03-13,'000905,中证500,5424.8642,5557.1556,5388.2464,5557.1556,5551.0029,-126.1387,-2.2724,224349236,2.01483723055e+11
2019-03-12,'000905,中证500,5551.0029,5591.6863,5458.7596,5500.9359,5456.381,94.6219,1.7342,249333993,2.16216097859e+11
2019-03-11,'000905,中证500,5456.381,5456.4199,5272.1903,5279.7507,5245.6999,210.6811,4.0163,214252213,1.85766885698e+11
2019-03-08,'000905,中证500,5245.6999,5480.1728,5245.5313,5340.1057,5458.6153,-212.9154,-3.9005,285680249,2.298677087e+11
2019-03-07,'000905,中证500,5458.6153,5512.6438,5353.5735,5381.2266,5390.0294,68.5859,1.2725,266967220,2.14811701314e+11
2019-03-06,'000905,中证500,5390.0294,5395.554,5256.7934,5328.1279,5295.2878,94.7416,1.7892,264964318,2.09513257016e+11
2019-03-05,'000905,中证500,5295.2878,5295.2878,5125.154,5146.6204,5158.2467,137.0411,2.6567,206891261,1.6804574443e+11
2019-03-04,'000905,中证500,5158.2467,5253.388,5108.2823,5112.9515,5067.225,91.0217,1.7963,232446864,1.83781732246e+11
2019-03-01,'000905,中证500,5067.225,5067.3068,4984.993,5047.2277,5025.2913,41.9337,0.8345,149828330,1.12765394519e+11
2019-02-28,'000905,中证500,5025.2913,5072.6687,4994.0501,5017.4403,5017.8842,7.4071,0.1476,156042877,1.1697224666e+11
2019-02-27,'000905,中证500,5017.8842,5093.7952,4964.623,5027.3875,5038.5435,-20.6593,-0.41,208854087,1.55472037772e+11
2019-02-26,'000905,中证500,5038.5435,5149.6229,5004.552,5059.284,5044.3466,-5.8031,-0.115,262833265,1.96257557763e+11
2019-02-25,'000905,中证500,5044.3466,5045.0755,4835.4825,4840.5434,4777.2977,267.0489,5.59,241783579,1.9054118954e+11
2019-02-22,'000905,中证500,4777.2977,4777.2977,4649.2158,4651.538,4659.1431,118.1546,2.536,146166142,1.11540083319e+11
2019-02-21,'000905,中证500,4659.1431,4750.418,4643.1096,4666.2814,4667.6243,-8.4812,-0.1817,145951113,1.11329120909e+11
2019-02-20,'000905,中证500,4667.6243,4677.9779,4619.46,4667.3534,4667.2836,0.3407,0.0073,120213129,87303394554.9
2019-02-19,'000905,中证500,4667.2836,4706.5253,4614.2779,4683.3252,4660.999,6.2846,0.1348,143874768,1.05704251188e+11
2019-02-18,'000905,中证500,4660.999,4660.999,4527.9685,4527.9685,4502.7348,158.2642,3.5148,124124004,92189941712.6
2019-02-15,'000905,中证500,4502.7348,4544.3864,4497.3858,4523.9449,4532.1699,-29.4351,-0.6495,93511607,67254618818.2
2019-02-14,'000905,中证500,4532.1699,4555.2331,4494.5521,4507.8406,4512.4088,19.7611,0.4379,94828533,70164059523.1
2019-02-13,'000905,中证500,4512.4088,4526.2699,4433.0271,4442.7279,4439.485,72.9238,1.6426,113218903,82940466825.7
2019-02-12,'000905,中证500,4439.485,4452.5007,4394.8339,4398.4427,4402.8668,36.6182,0.8317,85271156,61588925288.5
2019-02-11,'000905,中证500,4402.8668,4403.7282,4306.2006,4306.2006,4294.2696,108.5972,2.5289,75297356,56743679261.6
2019-02-01,'000905,中证500,4294.2696,4295.0379,4189.1098,4189.1098,4176.4739,117.7957,2.8205,66099677,47693471397.3
2019-01-31,'000905,中证500,4176.4739,4240.7162,4151.414,4203.9772,4211.6235,-35.1496,-0.8346,71511205,47694716159.1
2019-01-30,'000905,中证500,4211.6235,4266.8811,4211.1908,4235.2746,4254.2875,-42.664,-1.0028,58513770,42466758482.8
2019-01-29,'000905,中证500,4254.2875,4301.4692,4188.594,4301.4692,4307.2196,-52.9321,-1.2289,77753727,54223809273.1
2019-01-28,'000905,中证500,4307.2196,4370.898,4297.9632,4341.4922,4318.4417,-11.2221,-0.2599,67279935,49287478131.6
2019-01-25,'000905,中证500,4318.4417,4359.4637,4315.9525,4341.4133,4338.17,-19.7283,-0.4548,71657478,52504910506.0
2019-01-24,'000905,中证500,4338.17,4363.2181,4292.8296,4318.7091,4315.6846,22.4854,0.521,70630305,51572057926.8
2019-01-23,'000905,中证500,4315.6846,4322.8895,4292.0872,4298.938,4308.2518,7.4328,0.1725,58485735,40571874370.2
2019-01-22,'000905,中证500,4308.2518,4370.8568,4291.9624,4370.8568,4373.6333,-65.3815,-1.4949,69496672,47826602460.9
2019-01-21,'000905,中证500,4373.6333,4395.0631,4352.8102,4354.6997,4347.8112,25.8221,0.5939,72781531,52937642777.6
2019-01-18,'000905,中证500,4347.8112,4351.4382,4297.4773,4307.1386,4303.7308,44.0804,1.0242,83371611,55476936296.5
2019-01-17,'000905,中证500,4303.7308,4347.1786,4297.6681,4334.6309,4336.8779,-33.1471,-0.7643,74562113,48421136077.9
2019-01-16,'000905,中证500,4336.8779,4364.0963,4330.7437,4347.0758,4347.3555,-10.4776,-0.241,69274744,50030063790.1
2019-01-15,'000905,中证500,4347.3555,4350.9338,4271.6362,4282.9863,4286.5474,60.8081,1.4186,72005181,50608143346.9
2019-01-14,'000905,中证500,4286.5474,4325.9474,4278.761,4317.5239,4314.8757,-28.3283,-0.6565,67679614,44765955489.7
2019-01-11,'000905,中证500,4314.8757,4316.5413,4267.2889,4282.3935,4281.8606,33.0151,0.771,68355085,46599960151.7
2019-01-10,'000905,中证500,4281.8606,4319.4941,4274.1955,4289.5591,4288.7717,-6.9111,-0.1611,68910889,49243142090.7
2019-01-09,'000905,中证500,4288.7717,4354.1986,4280.6556,4286.231,4277.2967,11.475,0.2683,85153595,61510931890.9
2019-01-08,'000905,中证500,4277.2967,4289.6278,4264.6001,4278.2802,4288.3234,-11.0267,-0.2571,69556937,49700132327.3
2019-01-07,'000905,中证500,4288.3234,4297.0238,4223.4585,4235.0346,4210.8786,77.4448,1.8392,81153450,59231303976.4
2019-01-04,'000905,中证500,4210.8786,4210.8786,4071.6898,4075.6217,4112.807,98.0716,2.3845,73448737,52230681319.4
2019-01-03,'000905,中证500,4112.807,4182.1983,4110.527,4131.6949,4131.9567,-19.1497,-0.4635,55491244,41103713165.6
2019-01-02,'000905,中证500,4131.9567,4179.7233,4125.9356,4176.1098,4168.0363,-36.0796,-0.8656,47494449,35572462260.8
2018-12-28,'000905,中证500,4168.0363,4192.6955,4138.9346,4168.9399,4161.2702,6.7661,0.1626,49964185,37350056814.6
2018-12-27,'000905,中证500,4161.2702,4272.8081,4159.7661,4263.3345,4208.4053,-47.1351,-1.12,54219393,40327766017.9
2018-12-26,'000905,中证500,4208.4053,4241.3508,4194.305,4218.6618,4225.5124,-17.1071,-0.4049,45032933,34328585011.4
2018-12-25,'000905,中证500,4225.5124,4244.9521,4132.7639,4233.5432,4274.7218,-49.2094,-1.1512,60383673,43750314455.8
2018-12-24,'000905,中证500,4274.7218,4276.9745,4215.0226,4227.354,4231.144,43.5778,1.0299,41841941,32706121619.9
2018-12-21,'000905,中证500,4231.144,4260.289,4204.486,4246.4287,4259.7614,-28.6174,-0.6718,47110425,35374801446.7
2018-12-20,'000905,中证500,4259.7614,4274.0116,4225.1345,4240.3729,4247.8991,11.8623,0.2793,46967852,34730999573.5
2018-12-19,'000905,中证500,4247.8991,4315.1081,4245.1504,4311.2792,4307.2675,-59.3684,-1.3783,46260174,33854346744.0
2018-12-18,'000905,中证500,4307.2675,4339.4043,4266.4517,4308.0478,4330.6465,-23.379,-0.5399,51303478,37327896872.2
2018-12-17,'000905,中证500,4330.6465,4341.2033,4285.2144,4322.5935,4337.1025,-6.456,-0.1489,51502815,38561891398.1
2018-12-14,'000905,中证500,4337.1025,4439.0458,4331.3785,4436.0023,4443.1572,-106.0547,-2.3869,65786546,47335305358.0
2018-12-13,'000905,中证500,4443.1572,4471.2565,4378.4604,4405.0861,4393.324,49.8332,1.1343,63613910,47775555072.2
2018-12-12,'000905,中证500,4393.324,4417.6041,4381.3236,4408.9142,4395.5702,-2.2462,-0.0511,48093612,35826068754.4
2018-12-11,'000905,中证500,4395.5702,4398.063,4365.1182,4373.0273,4359.3122,36.258,0.8317,50430781,37194242182.2
2018-12-10,'000905,中证500,4359.3122,4396.4047,4350.2267,4381.3803,4410.9593,-51.6471,-1.1709,53940348,40103184692.1
2018-12-07,'000905,中证500,4410.9593,4432.3298,4397.4243,4419.6086,4411.0884,-0.1291,-0.0029,51755054,41253201540.4
2018-12-06,'000905,中证500,4411.0884,4483.3157,4405.8361,4476.8102,4502.7021,-91.6137,-2.0346,66047596,52051360375.0
2018-12-05,'000905,中证500,4502.7021,4532.2794,4445.9731,4456.1979,4536.2104,-33.5083,-0.7387,74275973,55251925549.3
2018-12-04,'000905,中证500,4536.2104,4538.423,4492.0568,4506.2466,4515.1735,21.0369,0.4659,76280213,56315559771.3
2018-12-03,'000905,中证500,4515.1735,4536.8317,4460.3878,4483.6634,4376.6511,138.5224,3.165,96265752,72617444583.0
2018-11-30,'000905,中证500,4376.6511,4385.0031,4291.8111,4334.0405,4345.703,30.9481,0.7122,63848789,44026264210.0
2018-11-29,'000905,中证500,4345.703,4473.3074,4344.9003,4462.7925,4441.8569,-96.1539,-2.1647,77102481,52609677006.8
2018-11-28,'000905,中证500,4441.8569,4441.8569,4333.0553,4389.8322,4387.6515,54.2054,1.2354,72507931,50581746734.4
2018-11-27,'000905,中证500,4387.6515,4416.357,4361.0232,4393.2898,4367.4619,20.1896,0.4623,62352710,43832226111.4
2018-11-26,'000905,中证500,4367.4619,4408.1135,4347.7472,4371.4238,4374.7644,-7.3025,-0.1669,68584699,45641649802.9
2018-11-23,'000905,中证500,4374.7644,4547.5147,4365.3486,4542.1102,4551.3264,-176.562,-3.8794,92074828,64245132838.1
2018-11-22,'000905,中证500,4551.3264,4583.3734,4528.2409,4562.6424,4554.6747,-3.3483,-0.0735,75274993,54157291828.3
2018-11-21,'000905,中证500,4554.6747,4564.5342,4476.4164,4483.378,4537.4493,17.2254,0.3796,90156627,65298600566.4
2018-11-20,'000905,中证500,4537.4493,4645.9,4535.8739,4629.1263,4670.737,-133.2877,-2.8537,103124225,76300239206.5
2018-11-19,'000905,中证500,4670.737,4677.9674,4612.4837,4660.475,4659.0965,11.6405,0.2498,111015106,82549163316.2
2018-11-16,'000905,中证500,4659.0965,4691.5609,4609.8319,4625.0038,4619.8141,39.2824,0.8503,110671824,82381068855.3
2018-11-15,'000905,中证500,4619.8141,4619.8141,4539.9556,4540.8808,4545.5089,74.3052,1.6347,98305200,69668883541.0
2018-11-14,'000905,中证500,4545.5089,4600.1289,4534.5243,4551.7973,4563.5351,-18.0262,-0.395,112598830,74023764775.6
2018-11-13,'000905,中证500,4563.5351,4588.4964,4422.9479,4430.9498,4481.6881,81.847,1.8263,128710363,84982054207.1
2018-11-12,'000905,中证500,4481.6881,4481.7736,4354.4675,4360.6321,4368.6143,113.0738,2.5883,86990536,59949621268.4
2018-11-09,'000905,中证500,4368.6143,4396.3932,4348.8119,4363.2135,4382.3286,-13.7143,-0.3129,67424960,45846347515.2
2018-11-08,'000905,中证500,4382.3286,4450.9818,4379.8833,4442.6555,4415.136,-32.8074,-0.7431,72145355,51522224307.5
2018-11-07,'000905,中证500,4415.136,4479.6944,4414.0703,4437.7218,4438.0965,-22.9605,-0.5174,78086368,58896533554.8
2018-11-06,'000905,中证500,4438.0965,4440.1054,4385.3273,4427.3572,4440.8274,-2.7309,-0.0615,69803049,51219256984.2
2018-11-05,'000905,中证500,4440.8274,4466.1357,4375.0414,4427.6324,4437.9456,2.8818,0.0649,87777277,66155141568.2
2018-11-02,'000905,中证500,4437.9456,4437.9818,4360.8748,4366.734,4298.9837,138.9619,3.2324,96892168,75808808223.6
2018-11-01,'000905,中证500,4298.9837,4367.7304,4294.8669,4299.4595,4272.5518,26.4319,0.6186,86059142,65004691637.8
2018-10-31,'000905,中证500,4272.5518,4298.2426,4204.3595,4207.7588,4204.5424,68.0094,1.6175,74687765,53243305592.6
2018-10-30,'000905,中证500,4204.5424,4233.7942,4096.136,4145.3966,4162.5255,42.0169,1.0094,72834650,52308156537.7
2018-10-29,'000905,中证500,4162.5255,4227.6435,4144.8064,4220.635,4233.9585,-71.433,-1.6871,57451570,41278101418.5
2018-10-26,'000905,中证500,4233.9585,4294.5553,4217.7896,4260.9102,4234.4208,-0.4623,-0.0109,67983621,46824099369.3
2018-10-25,'000905,中证500,4234.4208,4240.5841,4103.5602,4124.1854,4245.4884,-11.0676,-0.2607,69687206,48371839269.6
2018-10-24,'000905,中证500,4245.4884,4297.3708,4207.1648,4233.8377,4253.5561,-8.0677,-0.1897,62823482,44264708175.2
2018-10-23,'000905,中证500,4253.5561,4350.7285,4228.3294,4336.4461,4333.1445,-79.5884,-1.8367,74668065,54448393796.6
2018-10-22,'000905,中证500,4333.1445,4375.5985,4165.7571,4165.7571,4127.9854,205.1591,4.97,92958319,69510999528.9
2018-10-19,'000905,中证500,4127.9854,4130.9325,3948.5593,3958.4458,4018.4614,109.524,2.7255,69561578,49937027367.6
2018-10-18,'000905,中证500,4018.4614,4104.3335,4013.6486,4104.3335,4133.3832,-114.9218,-2.7803,59783911,40382606948.5
2018-10-17,'000905,中证500,4133.3832,4167.7603,4038.4243,4147.3455,4099.6831,33.7001,0.822,69523881,47137717264.1
2018-10-16,'000905,中证500,4099.6831,4221.3422,4076.8707,4193.3791,4199.1532,-99.4701,-2.3688,61076659,44015881330.7
2018-10-15,'000905,中证500,4199.1532,4317.7101,4195.8308,4283.3557,4278.0353,-78.8821,-1.8439,62291848,44849001650.6
2018-10-12,'000905,中证500,4278.0353,4300.0061,4136.6293,4267.3555,4307.4208,-29.3855,-0.6822,81525149,56700633804.0
2018-10-11,'000905,中证500,4307.4208,4503.1983,4274.6995,4483.2662,4629.8877,-322.4669,-6.9649,90563601,64480315025.4
2018-10-10,'000905,中证500,4629.8877,4655.5462,4586.8864,4634.6392,4634.8939,-5.0062,-0.108,51339637,39541080143.7
2018-10-09,'000905,中证500,4634.8939,4685.2177,4612.6352,4652.4876,4646.4929,-11.599,-0.2496,50437454,41244020750.1
2018-10-08,'000905,中证500,4646.4929,4737.2892,4639.4004,4722.4176,4800.7287,-154.2358,-3.2128,63275664,49494827742.0
2018-09-28,'000905,中证500,4800.7287,4802.1578,4746.1771,4762.3345,4755.3803,45.3484,0.9536,57268640,45938739634.3
2018-09-27,'000905,中证500,4755.3803,4817.6168,4754.2773,4812.6445,4815.6306,-60.2503,-1.2511,61437672,47097829211.4
2018-09-26,'000905,中证500,4815.6306,4841.7044,4782.3906,4794.0697,4792.5507,23.0799,0.4816,64719556,51709759381.7
2018-09-25,'000905,中证500,4792.5507,4810.3431,4763.2055,4774.7923,4805.2151,-12.6644,-0.2636,52654240,42641650958.5
2018-09-21,'000905,中证500,4805.2151,4813.2902,4721.6883,4743.8051,4733.4806,71.7345,1.5155,65895196,52507709798.8
2018-09-20,'000905,中证500,4733.4806,4761.4084,4723.3049,4734.4822,4736.8934,-3.4128,-0.072,56398974,43574339399.9
2018-09-19,'000905,中证500,4736.8934,4772.9524,4664.1301,4673.9479,4683.5056,53.3878,1.1399,67055856,55671375968.9
2018-09-18,'000905,中证500,4683.5056,4684.2885,4584.4336,4588.2344,4602.3901,81.1155,1.7625,54432326,44579158885.4
2018-09-17,'000905,中证500,4602.3901,4649.9497,4586.3157,4649.9497,4670.0799,-67.6898,-1.4494,49338946,37905863065.0
2018-09-14,'000905,中证500,4670.0799,4724.003,4669.9429,4720.7775,4721.2121,-51.1322,-1.083,56447930,44931921145.7
2018-09-13,'000905,中证500,4721.2121,4752.8965,4655.2143,4727.4302,4693.9743,27.2378,0.5803,55692102,47279214487.5
2018-09-12,'000905,中证500,4693.9743,4733.5829,4681.1267,4700.8996,4702.9032,-8.9289,-0.1899,42540882,38524810760.4
2018-09-11,'000905,中证500,4702.9032,4738.2588,4669.4177,4702.8347,4704.8782,-1.975,-0.042,49968007,42215660888.1
2018-09-10,'000905,中证500,4704.8782,4794.0136,4701.289,4792.5991,4791.7779,-86.8997,-1.8135,51326475,45376003770.5
2018-09-07,'000905,中证500,4791.7779,4867.5336,4759.4919,4796.8356,4793.3454,-1.5675,-0.0327,53600072,53242803442.3
2018-09-06,'000905,中证500,4793.3454,4849.1761,4773.8777,4800.935,4815.0343,-21.6889,-0.4504,45868494,44572540920.2
2018-09-05,'000905,中证500,4815.0343,4886.2734,4814.9568,4877.1141,4890.2806,-75.2463,-1.5387,58403543,47239977654.9
2018-09-04,'000905,中证500,4890.2806,4905.016,4828.5239,4833.8785,4838.873,51.4076,1.0624,61024914,54969300206.2
2018-09-03,'000905,中证500,4838.873,4840.1523,4754.8097,4808.3791,4814.8237,24.0493,0.4995,52902602,46495749585.7
2018-08-31,'000905,中证500,4814.8237,4862.4442,4805.207,4854.9649,4867.1214,-52.2977,-1.0745,48012054,42052874630.5
2018-08-30,'000905,中证500,4867.1214,4952.6076,4861.0555,4937.6506,4941.9607,-74.8393,-1.5144,54158462,47422496786.4
2018-08-29,'000905,中证500,4941.9607,4974.1638,4929.4589,4972.0849,4974.2072,-32.2465,-0.6483,53272212,45121110906.2
2018-08-28,'000905,中证500,4974.2072,4983.9404,4954.1656,4964.7342,4960.0655,14.1417,0.2851,53465440,53028656165.2
2018-08-27,'000905,中证500,4960.0655,4964.4514,4859.1248,4859.1248,4852.2887,107.7768,2.2212,58545799,58402040239.4
2018-08-24,'000905,中证500,4852.2887,4880.891,4831.8874,4853.8649,4863.6651,-11.3764,-0.2339,43898100,41741677833.7
2018-08-23,'000905,中证500,4863.6651,4885.8114,4821.1107,4832.0069,4837.0183,26.6468,0.5509,47263811,47302482148.5
2018-08-22,'000905,中证500,4837.0183,4878.8189,4829.6051,4877.0124,4891.9801,-54.9618,-1.1235,43922267,41150044535.3
2018-08-21,'000905,中证500,4891.9801,4901.1166,4816.8528,4831.2092,4832.6512,59.3289,1.2277,49737904,48883527002.3
2018-08-20,'000905,中证500,4832.6512,4832.9089,4736.5592,4794.2367,4803.0285,29.6227,0.6168,51631112,47753724288.6
2018-08-17,'000905,中证500,4803.0285,4941.1012,4793.7669,4923.4353,4888.3712,-85.3427,-1.7458,51707974,47777882688.9
2018-08-16,'000905,中证500,4888.3712,4943.2003,4836.0505,4876.6946,4932.8063,-44.4351,-0.9008,52393844,47422713812.2
2018-08-15,'000905,中证500,4932.8063,5038.7747,4929.1978,5035.5656,5037.8831,-105.0768,-2.0857,53349985,49219326097.4
2018-08-14,'000905,中证500,5037.8831,5061.4064,5016.3217,5043.89,5055.2753,-17.3922,-0.344,46375912,47977087129.2
2018-08-13,'000905,中证500,5055.2753,5064.0215,4958.8879,4981.3434,5030.5148,24.7605,0.4922,55722652,57931356663.2
2018-08-10,'000905,中证500,5030.5148,5037.493,4990.8297,5000.0489,5004.7733,25.7415,0.5143,53185012,53025202318.1
2018-08-09,'000905,中证500,5004.7733,5030.1616,4856.4815,4862.1543,4880.5694,124.2039,2.5449,68264833,64727844418.3
2018-08-08,'000905,中证500,4880.5694,4952.4185,4877.6644,4940.7793,4956.8718,-76.3024,-1.5393,58083051,53408613615.2
2018-08-07,'000905,中证500,4956.8718,4956.8718,4797.4529,4836.3133,4825.2508,131.621,2.7278,59145780,55813440681.5
2018-08-06,'000905,中证500,4825.2508,4941.1774,4798.85,4919.5015,4929.75,-104.4992,-2.1198,52455220,51046892567.4
2018-08-03,'000905,中证500,4929.75,5008.2403,4929.75,4982.894,4996.012,-66.262,-1.3263,50735797,48281908095.0
2018-08-02,'000905,中证500,4996.012,5094.3419,4887.5023,5094.3419,5105.3741,-109.3621,-2.1421,74390325,67786089635.1
2018-08-01,'000905,中证500,5105.3741,5233.5012,5105.3741,5198.4559,5188.7166,-83.3425,-1.6062,60369485,58600856449.8
2018-07-31,'000905,中证500,5188.7166,5208.3796,5163.6611,5182.8265,5185.151,3.5656,0.0688,49496356,49340085643.8
2018-07-30,'000905,中证500,5185.151,5255.1878,5167.4021,5244.7718,5249.2904,-64.1394,-1.2219,60836024,58367011437.8
2018-07-27,'000905,中证500,5249.2904,5281.351,5230.1017,5270.2317,5273.4789,-24.1885,-0.4587,61715887,54149400064.2
2018-07-26,'000905,中证500,5273.4789,5318.8808,5262.3114,5307.3043,5308.6569,-35.178,-0.6627,75120240,65271805644.8
2018-07-25,'000905,中证500,5308.6569,5332.616,5294.4201,5308.0154,5304.641,4.0159,0.0757,74850860,72266872319.8
2018-07-24,'000905,中证500,5304.641,5315.6706,5211.9422,5213.3942,5214.0038,90.6372,1.7383,88201816,89531029280.2
2018-07-23,'000905,中证500,5214.0038,5214.3806,5132.3831,5146.6187,5175.2516,38.7522,0.7488,68484315,71205888479.7
2018-07-20,'000905,中证500,5175.2516,5184.8744,5072.1645,5105.6524,5111.3271,63.9245,1.2506,57868514,58971319074.2
2018-07-19,'000905,中证500,5111.3271,5179.727,5088.1243,5153.3769,5156.6363,-45.3092,-0.8787,50483934,51462192224.2
2018-07-18,'000905,中证500,5156.6363,5220.1757,5156.6363,5198.8899,5196.1969,-39.5606,-0.7613,55257134,57391510842.7
2018-07-17,'000905,中证500,5196.1969,5196.1969,5132.2064,5189.1488,5195.2002,0.9967,0.0192,48243322,52610201449.3
2018-07-16,'000905,中证500,5195.2002,5216.5644,5170.2219,5201.528,5204.1855,-8.9853,-0.1727,51667372,57488249263.2
2018-07-13,'000905,中证500,5204.1855,5207.3602,5167.1585,5174.5091,5172.5032,31.6823,0.6125,56354210,61214640119.5
2018-07-12,'000905,中证500,5172.5032,5184.0235,5029.2944,5029.2944,5036.1565,136.3467,2.7074,68089566,71215041000.9
2018-07-11,'000905,中证500,5036.1565,5070.4863,4973.9884,5060.0722,5136.5326,-100.3761,-1.9542,58915262,58812377652.2
2018-07-10,'000905,中证500,5136.5326,5141.713,5094.2862,5114.1215,5107.5507,28.9819,0.5674,52227669,54565886988.8
2018-07-09,'000905,中证500,5107.5507,5107.8749,5007.213,5007.213,4996.6299,110.9208,2.2199,52937159,55786376988.2
2018-07-06,'000905,中证500,4996.6299,5061.0439,4897.2582,4981.983,4982.7627,13.8672,0.2783,61340255,62083400326.3
2018-07-05,'000905,中证500,4982.7627,5126.4735,4981.7793,5109.1425,5121.3436,-138.5809,-2.7059,52927414,52638805702.9
2018-07-04,'000905,中证500,5121.3436,5180.2744,5102.782,5171.1897,5197.1313,-75.7877,-1.4583,53859951,53143823674.5
2018-07-03,'000905,中证500,5197.1313,5203.3646,5054.6573,5138.5477,5138.7826,58.3487,1.1355,61424233,64268450147.8
2018-07-02,'000905,中证500,5138.7826,5238.6382,5100.8747,5216.8532,5217.7643,-78.9817,-1.5137,55248929,58629477980.9
2018-06-29,'000905,中证500,5217.7643,5218.9061,5054.0532,5061.0885,5055.1093,162.655,3.2176,57234937,57894812192.6
2018-06-28,'000905,中证500,5055.1093,5150.655,5050.324,5097.5086,5109.4975,-54.3882,-1.0645,47767518,46664972984.3
2018-06-27,'000905,中证500,5109.4975,5188.2017,5089.711,5159.6219,5160.2829,-50.7854,-0.9842,49857841,48613424210.3
2018-06-26,'000905,中证500,5160.2829,5170.1673,5044.2434,5059.3834,5125.0333,35.2496,0.6878,51066587,49773352500.2
2018-06-25,'000905,中证500,5125.0333,5211.7609,5121.2091,5196.6483,5160.1228,-35.0895,-0.68,47860811,46663143996.8
2018-06-22,'000905,中证500,5160.1228,5165.0353,5017.509,5052.436,5089.2522,70.8706,1.3926,51689206,49898726273.8
2018-06-21,'000905,中证500,5089.2522,5244.6532,5086.931,5196.1295,5198.3935,-109.1413,-2.0995,63240478,60429343500.6
2018-06-20,'000905,中证500,5198.3935,5222.8827,5090.2209,5114.0613,5141.7095,56.684,1.1024,60329417,57106400036.8
2018-06-19,'000905,中证500,5141.7095,5409.4108,5070.2182,5396.6847,5483.9446,-342.2351,-6.2407,82986353,76922845435.4
2018-06-15,'000905,中证500,5483.9446,5593.6872,5448.0748,5582.8396,5586.9314,-102.9868,-1.8434,56448574,59537596123.6
2018-06-14,'000905,中证500,5586.9314,5645.194,5570.8344,5590.5682,5607.0173,-20.0859,-0.3582,44419709,49865462907.5
2018-06-13,'000905,中证500,5607.0173,5679.6739,5605.5454,5678.8092,5693.3461,-86.3288,-1.5163,49234214,53944405089.9
2018-06-12,'000905,中证500,5693.3461,5693.6129,5594.9231,5638.3479,5632.3566,60.9895,1.0828,46645358,54189505136.9
2018-06-11,'000905,中证500,5632.3566,5672.6279,5612.8656,5657.6488,5669.3031,-36.9465,-0.6517,43109691,48746492298.7
2018-06-08,'000905,中证500,5669.3031,5731.8389,5630.6578,5731.8389,5738.0176,-68.7145,-1.1975,52925555,58767162889.8
2018-06-07,'000905,中证500,5738.0176,5798.3297,5734.6345,5786.4601,5774.2575,-36.2399,-0.6276,47376191,54089371805.6
2018-06-06,'000905,中证500,5774.2575,5784.6061,5748.701,5770.7144,5779.0778,-4.8203,-0.0834,48182508,56304602755.6
2018-06-05,'000905,中证500,5779.0778,5779.862,5680.4942,5681.2157,5683.1486,95.9292,1.688,47410470,56450385317.5
2018-06-04,'000905,中证500,5683.1486,5707.4932,5652.1361,5692.9699,5685.1155,-1.9669,-0.0346,46750282,54050300212.8
2018-06-01,'000905,中证500,5685.1155,5759.4979,5654.8402,5729.9177,5754.4746,-69.3591,-1.2053,53833571,61533903644.1
2018-05-31,'000905,中证500,5754.4746,5760.2038,5672.183,5722.9475,5682.5881,71.8865,1.265,56008854,65192215183.8
2018-05-30,'000905,中证500,5682.5881,5778.0424,5675.9116,5759.449,5835.4456,-152.8575,-2.6195,68527885,76127637098.0
2018-05-29,'000905,中证500,5835.4456,5921.7203,5832.5523,5884.5898,5891.2627,-55.8171,-0.9475,56179929,67901925167.8
2018-05-28,'000905,中证500,5891.2627,5938.0723,5858.2716,5910.4817,5917.7978,-26.5351,-0.4484,57810122,68653122203.0
2018-05-25,'000905,中证500,5917.7978,5992.4798,5909.0449,5983.9402,5992.6209,-74.8231,-1.2486,57793809,69492013354.5
2018-05-24,'000905,中证500,5992.6209,6028.5017,5986.7233,6014.021,6013.8472,-21.2263,-0.353,53711808,67066127742.8
2018-05-23,'000905,中证500,6013.8472,6081.533,6012.4165,6080.7259,6092.9069,-79.0597,-1.2976,67845868,82629862738.1
2018-05-22,'000905,中证500,6092.9069,6092.9069,6052.0902,6066.2505,6072.1991,20.7078,0.341,62266852,74429137264.9
2018-05-21,'000905,中证500,6072.1991,6080.8222,6034.0581,6034.4261,5995.1497,77.0494,1.2852,70722451,86933285889.6
2018-05-18,'000905,中证500,5995.1497,6000.9482,5932.1295,5968.5598,5973.7785,21.3712,0.3578,57868274,70899023730.8
2018-05-17,'000905,中证500,5973.7785,6010.2957,5959.7307,6000.7411,6004.0696,-30.2911,-0.5045,52997273,65967379650.2
2018-05-16,'000905,中证500,6004.0696,6045.0343,5991.3751,6002.7535,6020.5697,-16.5001,-0.2741,58338640,74115190083.8
2018-05-15,'000905,中证500,6020.5697,6021.016,5947.457,5972.1618,5967.5541,53.0156,0.8884,54721546,69542971179.0
2018-05-14,'000905,中证500,5967.5541,6008.8875,5951.6746,5982.4709,5991.3424,-23.7883,-0.397,59798192,75641885813.0
2018-05-11,'000905,中证500,5991.3424,6052.5421,5989.4278,6044.9828,6040.5716,-49.2292,-0.815,63847253,76807400760.5
2018-05-10,'000905,中证500,6040.5716,6052.7094,5999.951,6036.0064,6029.2329,11.3387,0.1881,58310665,72313749966.0
2018-05-09,'000905,中证500,6029.2329,6042.906,6002.3882,6034.4563,6041.8143,-12.5814,-0.2082,54124153,67413871006.6
2018-05-08,'000905,中证500,6041.8143,6042.0682,6012.1266,6023.5829,6019.1409,22.6734,0.3767,62194666,80480596675.3
2018-05-07,'000905,中证500,6019.1409,6023.1928,5918.3792,5921.3128,5909.2944,109.8465,1.8589,64033358,83485023684.2
2018-05-04,'000905,中证500,5909.2944,5939.952,5883.7048,5891.1201,5910.6058,-1.3114,-0.0222,55464047,73639276000.2
2018-05-03,'000905,中证500,5910.6058,5911.0865,5779.7298,5843.0903,5855.3233,55.2825,0.9441,67604490,83816639268.5
2018-05-02,'000905,中证500,5855.3233,5894.4595,5817.3868,5861.8413,5860.9836,-5.6603,-0.0966,63147027,78765922510.6
2018-04-27,'000905,中证500,5860.9836,5886.0043,5808.7832,5865.4419,5847.9766,13.007,0.2224,55997822,72295757676.1
2018-04-26,'000905,中证500,5847.9766,5955.2617,5846.0802,5951.1919,5959.422,-111.4454,-1.8701,62638394,77107589606.2
2018-04-25,'000905,中证500,5959.422,5968.8794,5919.5228,5929.405,5957.1927,2.2293,0.0374,60382790,78868220459.7
2018-04-24,'000905,中证500,5957.1927,5957.8295,5825.4524,5825.4524,5823.9205,133.2722,2.2884,67954118,85162005262.5
2018-04-23,'000905,中证500,5823.9205,5913.5679,5761.9719,5885.6124,5880.8359,-56.9154,-0.9678,63952399,81374959446.4
2018-04-20,'000905,中证500,5880.8359,5999.0105,5872.5044,5984.0635,6004.7334,-123.8975,-2.0633,72391389,90559645161.4
2018-04-19,'000905,中证500,6004.7334,6041.9856,5962.7142,5965.2369,5970.6577,34.0757,0.5707,75998556,99648952358.9
2018-04-18,'000905,中证500,5970.6577,5981.3374,5826.6505,5925.84,5890.8571,79.8006,1.3547,76201712,98199217831.7
2018-04-17,'000905,中证500,5890.8571,6038.2486,5886.023,6024.5543,6012.4053,-121.5482,-2.0216,71920258,88004229070.6
2018-04-16,'000905,中证500,6012.4053,6053.9874,5966.1961,6018.1688,6027.1867,-14.7814,-0.2452,70985861,87151671406.4
2018-04-13,'000905,中证500,6027.1867,6093.3469,6018.0068,6073.8353,6051.3346,-24.1479,-0.3991,54157636,66885602109.6
2018-04-12,'000905,中证500,6051.3346,6091.9834,6039.564,6073.7659,6086.6126,-35.278,-0.5796,60524240,72705100809.7
2018-04-11,'000905,中证500,6086.6126,6110.1768,6073.22,6082.0316,6063.7423,22.8703,0.3772,66248859,81079826331.4
2018-04-10,'000905,中证500,6063.7423,6064.3858,5992.997,6032.4888,6025.6493,38.093,0.6322,69420990,81611900906.0
2018-04-09,'000905,中证500,6025.6493,6053.9687,5954.5372,5994.3471,6017.6863,7.963,0.1323,64851820,79255887033.3
2018-04-04,'000905,中证500,6017.6863,6098.8378,6011.1516,6077.6466,6059.7089,-42.0226,-0.6935,67260198,83134527957.9
2018-04-03,'000905,中证500,6059.7089,6066.4443,6008.5085,6039.0675,6121.9642,-62.2553,-1.0169,71749883,87808371289.4
2018-04-02,'000905,中证500,6121.9642,6169.2991,6113.3388,6127.2334,6114.7382,7.226,0.1182,85433833,1.09910556974e+11
2018-03-30,'000905,中证500,6114.7382,6115.2732,6051.0212,6052.1757,6034.8572,79.881,1.3237,73046489,94445331821.3
2018-03-29,'000905,中证500,6034.8572,6040.8623,5967.6342,5993.9722,5973.3414,61.5158,1.0298,68813735,82742504255.8
2018-03-28,'000905,中证500,5973.3414,6036.1584,5949.1042,5962.5642,6034.775,-61.4336,-1.018,75299094,90975268229.1
2018-03-27,'000905,中证500,6034.775,6043.0533,5956.2359,5956.2359,5902.9588,131.8162,2.2331,89199271,1.06538869536e+11
2018-03-26,'000905,中证500,5902.9588,5902.9588,5675.3664,5715.3523,5787.1523,115.8065,2.0011,84772913,91809710463.2
2018-03-23,'000905,中证500,5787.1523,5978.4232,5722.773,5913.3683,6101.2276,-314.0753,-5.1477,121367061,1.21045067671e+11
2018-03-22,'000905,中证500,6101.2276,6161.3749,6074.6568,6130.0482,6129.2042,-27.9766,-0.4564,67407441,78135866726.3
2018-03-21,'000905,中证500,6129.2042,6224.5559,6125.1353,6182.109,6173.6984,-44.4942,-0.7207,79487161,92526116107.9
2018-03-20,'000905,中证500,6173.6984,6176.4962,6091.5038,6109.605,6153.8339,19.8645,0.3228,67475662,78423733545.7
2018-03-19,'000905,中证500,6153.8339,6186.6139,6118.2953,6142.52,6146.3058,7.5281,0.1225,67233214,78681889715.7
2018-03-16,'000905,中证500,6146.3058,6205.8679,6146.3058,6181.381,6180.1108,-33.805,-0.547,65073534,75643387215.7
2018-03-15,'000905,中证500,6180.1108,6203.2422,6117.5974,6172.853,6189.317,-9.2062,-0.1487,72173921,82975054447.7
2018-03-14,'000905,中证500,6189.317,6253.172,6185.1784,6234.2418,6254.1457,-64.8287,-1.0366,75466633,87185225281.0
2018-03-13,'000905,中证500,6254.1457,6297.4323,6251.3986,6285.802,6295.7776,-41.6319,-0.6613,84804758,97523497129.6
2018-03-12,'000905,中证500,6295.7776,6295.7805,6230.3909,6230.8127,6206.9754,88.8022,1.4307,97662276,1.17237502377e+11
2018-03-09,'000905,中证500,6206.9754,6211.2784,6131.0147,6131.1248,6131.5142,75.4612,1.2307,85928341,98413231491.5
2018-03-08,'000905,中证500,6131.5142,6131.7046,6073.6712,6073.6712,6086.4874,45.0268,0.7398,67889911,76733020342.1
2018-03-07,'000905,中证500,6086.4874,6149.097,6082.5838,6133.9467,6145.5768,-59.0894,-0.9615,74594129,84935051856.6
2018-03-06,'000905,中证500,6145.5768,6145.8509,6070.7211,6077.3686,6064.0983,81.4785,1.3436,83495767,99900152654.5
2018-03-05,'000905,中证500,6064.0983,6080.9695,6031.9803,6066.683,6056.3354,7.7629,0.1282,67324693,82113731231.5
2018-03-02,'000905,中证500,6056.3354,6094.7976,6044.2591,6053.4765,6090.2247,-33.8893,-0.5565,73434829,86135000102.6
2018-03-01,'000905,中证500,6090.2247,6090.9953,5974.1183,5987.3591,6023.677,66.5477,1.1048,73101773,86470400021.7
2018-02-28,'000905,中证500,6023.677,6044.0694,5939.6425,5967.8977,6010.5573,13.1197,0.2183,70986917,82266508208.2
2018-02-27,'000905,中证500,6010.5573,6042.3888,6000.881,6025.8832,6029.6795,-19.1222,-0.3171,77022158,90285128511.5
2018-02-26,'000905,中证500,6029.6795,6032.1358,5917.6165,5926.4208,5897.6765,132.003,2.2382,83073987,92064854906.1
2018-02-23,'000905,中证500,5897.6765,5902.9357,5848.5227,5877.7159,5875.7272,21.9493,0.3736,62147850,64825103161.3
2018-02-22,'000905,中证500,5875.7272,5875.7592,5797.9076,5800.9493,5754.8344,120.8928,2.1007,59636107,61991950412.5
2018-02-14,'000905,中证500,5754.8344,5761.7685,5712.879,5741.8838,5736.9505,17.8839,0.3117,41398222,42489982297.3
2018-02-13,'000905,中证500,5736.9505,5789.6975,5727.754,5731.147,5699.0979,37.8526,0.6642,57208634,62790499693.1
2018-02-12,'000905,中证500,5699.0979,5714.8183,5581.7113,5581.7113,5554.8974,144.2005,2.5959,57246494,61430758213.2
2018-02-09,'000905,中证500,5554.8974,5663.1036,5490.6248,5631.9603,5766.4797,-211.5823,-3.6692,84318842,82291670302.2
2018-02-08,'000905,中证500,5766.4797,5786.7852,5691.2916,5695.6656,5711.3322,55.1475,0.9656,62444797,66338245095.3
2018-02-07,'000905,中证500,5711.3322,5831.8113,5630.0868,5805.965,5704.2641,7.0681,0.1239,85235997,88965422772.9
2018-02-06,'000905,中证500,5704.2641,5920.7398,5702.8503,5886.3455,5998.2236,-293.9595,-4.9008,92340709,95655940854.5
2018-02-05,'000905,中证500,5998.2236,6016.157,5907.4691,5927.7367,6004.8494,-6.6258,-0.1103,74046519,79277070536.3
2018-02-02,'000905,中证500,6004.8494,6006.4745,5844.4638,5937.6198,5984.7428,20.1066,0.336,83747561,89557325619.6
2018-02-01,'000905,中证500,5984.7428,6196.7148,5984.2843,6180.9992,6189.3413,-204.5985,-3.3057,94968524,1.02122046942e+11
2018-01-31,'000905,中证500,6189.3413,6277.7418,6170.1606,6277.7418,6313.442,-124.1007,-1.9657,80733495,88106213760.6
2018-01-30,'000905,中证500,6313.442,6330.5373,6300.4556,6301.3482,6309.8836,3.5584,0.0564,70699688,81577586589.1
2018-01-29,'000905,中证500,6309.8836,6398.9699,6295.8952,6385.0365,6383.6312,-73.7476,-1.1553,84031161,96862079561.9
2018-01-26,'000905,中证500,6383.6312,6401.4838,6368.9006,6374.0998,6382.7165,0.9147,0.0143,69004549,82476800609.4
2018-01-25,'000905,中证500,6382.7165,6424.3507,6380.8375,6386.7993,6394.2999,-11.5834,-0.1812,81082937,95990443458.7
2018-01-24,'000905,中证500,6394.2999,6395.5723,6322.9197,6353.2979,6354.9978,39.3021,0.6184,77347727,94754084072.6
2018-01-23,'000905,中证500,6354.9978,6362.58,6330.4561,6342.6884,6347.6383,7.3595,0.1159,66753886,80539655636.3
2018-01-22,'000905,中证500,6347.6383,6347.8147,6248.3142,6264.755,6272.38,75.2583,1.1998,72761169,85475484244.8
2018-01-19,'000905,中证500,6272.38,6316.9977,6261.2353,6284.5962,6286.8007,-14.4207,-0.2294,71806742,84263163775.9
2018-01-18,'000905,中证500,6286.8007,6295.7766,6253.0611,6253.0611,6267.4599,19.3408,0.3086,65015293,76896813454.7
2018-01-17,'000905,中证500,6267.4599,6288.1439,6202.3151,6288.0169,6301.1327,-33.6728,-0.5344,84195503,99694461861.5
2018-01-16,'000905,中证500,6301.1327,6301.4047,6245.1129,6245.153,6253.3759,47.7568,0.7637,79169734,96364861655.1
2018-01-15,'000905,中证500,6253.3759,6392.5174,6236.5629,6391.3662,6399.3737,-145.9978,-2.2814,91474032,1.10512921326e+11
2018-01-12,'000905,中证500,6399.3737,6435.1946,6387.7824,6418.8273,6425.9401,-26.5664,-0.4134,77834558,89777057637.5
2018-01-11,'000905,中证500,6425.9401,6432.4398,6371.5436,6391.9041,6405.9395,20.0006,0.3122,78770071,91569210697.9
2018-01-10,'000905,中证500,6405.9395,6444.3088,6361.0948,6443.4609,6445.7462,-39.8067,-0.6176,80966974,98938304429.0
2018-01-09,'000905,中证500,6445.7462,6449.0346,6425.0274,6441.6841,6446.1818,-0.4356,-0.0068,75573217,92837783215.8
2018-01-08,'000905,中证500,6446.1818,6446.7879,6393.8819,6413.8733,6417.2537,28.9281,0.4508,89476929,1.0638959037e+11
2018-01-05,'000905,中证500,6417.2537,6435.854,6397.2929,6414.7658,6417.535,-0.2813,-0.0044,81581018,97642297444.1
2018-01-04,'000905,中证500,6417.535,6418.256,6375.5134,6380.2665,6388.2533,29.2817,0.4584,80543690,1.02929659396e+11
2018-01-03,'000905,中证500,6388.2533,6391.9799,6324.2604,6331.7199,6332.2269,56.0264,0.8848,83936745,1.03454686368e+11
2018-01-02,'000905,中证500,6332.2269,6332.6089,6258.1563,6263.1506,6250.8207,81.4062,1.3023,73032235,88153985315.5
2017-12-29,'000905,中证500,6250.8207,6250.8207,6201.4554,6201.4554,6204.2702,46.5505,0.7503,57165631,71841804484.6
2017-12-28,'000905,中证500,6204.2702,6219.5391,6157.1051,6163.9637,6173.1528,31.1174,0.5041,65877542,78010228451.1
2017-12-27,'000905,中证500,6173.1528,6228.8826,6168.131,6213.2428,6220.1473,-46.9945,-0.7555,64197529,78009656616.2
2017-12-26,'000905,中证500,6220.1473,6220.4992,6148.1044,6179.5601,6185.5907,34.5566,0.5587,57671656,69117514462.3
2017-12-25,'000905,中证500,6185.5907,6257.0206,6170.682,6244.8639,6242.8847,-57.294,-0.9177,61264712,75604344578.0
2017-12-22,'000905,中证500,6242.8847,6269.3135,6235.226,6236.226,6238.4987,4.386,0.0703,55010644,70736577941.6
2017-12-21,'000905,中证500,6238.4987,6255.8425,6148.8168,6191.7811,6199.3628,39.1359,0.6313,59245859,73900048518.3
2017-12-20,'000905,中证500,6199.3628,6246.9097,6188.3236,6244.0618,6251.2416,-51.8788,-0.8299,57814532,69446005872.7
2017-12-19,'000905,中证500,6251.2416,6251.492,6200.7071,6200.9337,6199.9889,51.2527,0.8267,52639308,65186684816.6
2017-12-18,'000905,中证500,6199.9889,6247.5919,6179.028,6229.7416,6235.7608,-35.7719,-0.5737,53772190,67137249169.2
2017-12-15,'000905,中证500,6235.7608,6278.9264,6214.6465,6274.0975,6284.0807,-48.3199,-0.7689,61938112,77690464896.2
2017-12-14,'000905,中证500,6284.0807,6288.5024,6247.6765,6273.607,6277.441,6.6397,0.1058,55759240,72497810175.5
2017-12-13,'000905,中证500,6277.441,6277.7254,6217.7869,6224.7821,6233.2115,44.2295,0.7096,50352001,64676017754.6
2017-12-12,'000905,中证500,6233.2115,6290.8469,6233.2115,6281.1391,6286.1656,-52.9541,-0.8424,56614397,73964805523.1
2017-12-11,'000905,中证500,6286.1656,6286.5003,6214.6446,6214.6446,6203.1433,83.0223,1.3384,61112906,77392024898.2
2017-12-08,'000905,中证500,6203.1433,6217.5728,6126.3771,6128.1209,6135.4702,67.6731,1.103,55579244,72390389048.2
2017-12-07,'000905,中证500,6135.4702,6182.7533,6130.8335,6156.3505,6172.8031,-37.3329,-0.6048,53097972,69245091449.4
2017-12-06,'000905,中证500,6172.8031,6173.3507,6053.2411,6116.1611,6132.912,39.8911,0.6504,60267213,74993647698.0
2017-12-05,'000905,中证500,6132.912,6279.3926,6099.4066,6265.7867,6279.6206,-146.7086,-2.3363,69690232,87408924597.4
2017-12-04,'000905,中证500,6279.6206,6334.8705,6272.6686,6311.2164,6316.4072,-36.7866,-0.5824,60188169,79301552971.8
2017-12-01,'000905,中证500,6316.4072,6323.8353,6256.2283,6259.9562,6263.421,52.9862,0.846,54746282,72064723367.2
2017-11-30,'000905,中证500,6263.421,6322.0435,6248.1826,6303.9177,6318.3684,-54.9474,-0.8696,60883355,77704182844.4
2017-11-29,'000905,中证500,6318.3684,6329.1768,6245.0599,6293.246,6299.3122,19.0562,0.3025,76563915,94409003341.6
2017-11-28,'000905,中证500,6299.3122,6299.3122,6188.089,6188.089,6194.5522,104.76,1.6912,56478234,71418772702.5
2017-11-27,'000905,中证500,6194.5522,6279.5884,6186.0337,6269.2264,6278.0287,-83.4765,-1.3297,59407491,78092823001.2
2017-11-24,'000905,中证500,6278.0287,6307.8896,6243.9629,6250.0573,6274.5116,3.5171,0.0561,59049056,82258346139.5
2017-11-23,'000905,中证500,6274.5116,6427.5761,6274.5116,6427.5761,6439.4419,-164.9303,-2.5613,75009732,1.04105221545e+11
2017-11-22,'000905,中证500,6439.4419,6483.6282,6391.4563,6456.324,6456.352,-16.9101,-0.2619,70895924,99818243007.6
2017-11-21,'000905,中证500,6456.352,6473.7012,6397.3583,6420.3884,6433.1702,23.1818,0.3603,67754580,97778880444.7
2017-11-20,'000905,中证500,6433.1702,6433.7791,6239.3207,6330.9046,6361.9415,71.2287,1.1196,70066705,95164685556.9
2017-11-17,'000905,中证500,6361.9415,6555.7461,6359.5177,6549.2242,6558.3085,-196.367,-2.9942,89018972,1.15827869491e+11
2017-11-16,'000905,中证500,6558.3085,6570.2755,6511.9028,6529.3137,6537.6563,20.6522,0.3159,67940159,97928408032.5
2017-11-15,'000905,中证500,6537.6563,6603.5083,6505.9924,6592.7575,6614.5136,-76.8573,-1.1619,73949181,1.07724900824e+11
2017-11-14,'000905,中证500,6614.5136,6673.7496,6588.2531,6664.6121,6671.2054,-56.6918,-0.8498,84749061,1.20407808369e+11
2017-11-13,'000905,中证500,6671.2054,6671.2557,6624.671,6644.6915,6641.2164,29.989,0.4516,84596712,1.22270419658e+11
2017-11-10,'000905,中证500,6641.2164,6647.228,6593.033,6599.6498,6611.3517,29.8647,0.4517,80012497,1.12205348031e+11
2017-11-09,'000905,中证500,6611.3517,6611.3856,6558.4895,6562.3584,6561.6897,49.662,0.7568,68818466,93514199765.1
2017-11-08,'000905,中证500,6561.6897,6601.4665,6534.1588,6544.59,6551.9363,9.7534,0.1489,73806798,1.01625899478e+11
2017-11-07,'000905,中证500,6551.9363,6552.2591,6498.3931,6508.2062,6511.0958,40.8405,0.6272,72377674,97329814711.2
2017-11-06,'000905,中证500,6511.0958,6512.1347,6408.3599,6432.0743,6426.9799,84.1159,1.3088,66717600,93924410675.4
2017-11-03,'000905,中证500,6426.9799,6491.0479,6395.4575,6477.8238,6484.9258,-57.9459,-0.8935,68257102,89315916521.4
2017-11-02,'000905,中证500,6484.9258,6541.6099,6476.3728,6541.6099,6552.9545,-68.0287,-1.0381,67552347,90871972558.4
2017-11-01,'000905,中证500,6552.9545,6586.1324,6547.8498,6559.5217,6560.2054,-7.2509,-0.1105,64632776,92988635162.6
2017-10-31,'000905,中证500,6560.2054,6560.2533,6496.6865,6496.6865,6511.7616,48.4438,0.7439,62261436,88141843093.6
2017-10-30,'000905,中证500,6511.7616,6629.3003,6460.0478,6621.7788,6630.8067,-119.0451,-1.7953,83764175,1.09249594174e+11
2017-10-27,'000905,中证500,6630.8067,6673.4661,6622.1242,6664.4291,6671.9288,-41.1221,-0.6163,67921141,90443686926.9
2017-10-26,'000905,中证500,6671.9288,6686.1192,6630.9745,6639.8865,6647.892,24.0368,0.3616,74905894,1.04752208937e+11
2017-10-25,'000905,中证500,6647.892,6648.3874,6593.0745,6596.7906,6603.0042,44.8878,0.6798,58646902,80183428257.8
2017-10-24,'000905,中证500,6603.0042,6605.8991,6556.3449,6605.5206,6612.7637,-9.7595,-0.1476,59171314,78606997171.5
2017-10-23,'000905,中证500,6612.7637,6613.031,6562.9058,6569.7861,6571.424,41.3397,0.6291,60481953,79350010216.7
2017-10-20,'000905,中证500,6571.424,6571.442,6485.8051,6489.7895,6501.3999,70.0241,1.0771,60479316,77533389310.5
2017-10-19,'000905,中证500,6501.3999,6562.3529,6494.731,6553.8676,6563.4369,-62.037,-0.9452,72615790,85253455867.4
2017-10-18,'000905,中证500,6563.4369,6630.6685,6557.6601,6612.4885,6612.9428,-49.5059,-0.7486,73370966,88963265926.0
2017-10-17,'000905,中证500,6612.9428,6644.7522,6589.5417,6604.33,6619.2056,-6.2628,-0.0946,59419247,78773100831.5
2017-10-16,'000905,中证500,6619.2056,6709.8738,6609.6192,6709.8738,6709.8164,-90.6108,-1.3504,85871048,1.0921660695e+11
2017-10-13,'000905,中证500,6709.8164,6711.9305,6659.8792,6660.0264,6659.0957,50.7207,0.7617,72925621,94892307593.1
2017-10-12,'000905,中证500,6659.0957,6674.3844,6611.9745,6658.1296,6666.4696,-7.3739,-0.1106,77960962,99226610300.5
2017-10-11,'000905,中证500,6666.4696,6703.5828,6661.0883,6702.6899,6705.4812,-39.0116,-0.5818,90746053,1.20911021266e+11
2017-10-10,'000905,中证500,6705.4812,6705.7177,6658.8617,6677.3723,6678.371,27.1102,0.4059,87005186,1.11479285756e+11
2017-10-09,'000905,中证500,6678.371,6696.6664,6657.5305,6682.5774,6603.2587,75.1123,1.1375,86419669,1.10668639557e+11
2017-09-29,'000905,中证500,6603.2587,6611.6531,6572.4498,6572.4498,6567.7915,35.4672,0.54,70936294,91769780477.8
2017-09-28,'000905,中证500,6567.7915,6599.127,6565.8825,6577.4321,6583.1401,-15.3486,-0.2332,74625892,94419077216.6
2017-09-27,'000905,中证500,6583.1401,6589.7354,6522.2036,6523.4951,6520.7175,62.4226,0.9573,75171272,94752430762.7
2017-09-26,'000905,中证500,6520.7175,6520.7175,6482.2856,6484.3412,6489.8441,30.8734,0.4757,67765945,82514551820.5
2017-09-25,'000905,中证500,6489.8441,6567.9978,6484.2077,6560.1354,6572.0096,-82.1655,-1.2502,77829250,97438346165.1
2017-09-22,'000905,中证500,6572.0096,6592.8847,6547.2774,6591.1499,6612.0456,-40.036,-0.6055,85236469,1.03274189389e+11
2017-09-21,'000905,中证500,6612.0456,6687.1159,6612.0456,6684.6496,6692.4724,-80.4268,-1.2018,98937493,1.21143624354e+11
2017-09-20,'000905,中证500,6692.4724,6692.712,6613.6567,6627.6924,6636.0201,56.4523,0.8507,101972486,1.26534090097e+11
2017-09-19,'000905,中证500,6636.0201,6681.2538,6611.7512,6670.9661,6669.4548,-33.4347,-0.5013,93518721,1.1750867175e+11
2017-09-18,'000905,中证500,6669.4548,6669.4548,6616.1288,6616.1288,6622.0438,47.411,0.716,88850597,1.10670656817e+11
2017-09-15,'000905,中证500,6622.0438,6663.5099,6603.7281,6661.5211,6672.1849,-50.1411,-0.7515,109384234,1.34077144216e+11
2017-09-14,'000905,中证500,6672.1849,6701.691,6643.5877,6683.4734,6684.3798,-12.1949,-0.1824,113966782,1.45426308339e+11
2017-09-13,'000905,中证500,6684.3798,6684.8593,6630.5032,6635.1693,6644.0118,40.368,0.6076,104722437,1.36521604484e+11
2017-09-12,'000905,中证500,6644.0118,6715.3935,6628.8825,6659.8017,6649.6276,-5.6158,-0.0845,141880275,1.90294359591e+11
2017-09-11,'000905,中证500,6649.6276,6650.1193,6566.2776,6579.8857,6574.1826,75.445,1.1476,102547400,1.34674487526e+11
2017-09-08,'000905,中证500,6574.1826,6599.132,6537.0408,6554.6011,6558.5963,15.5863,0.2376,93851593,1.2091238681e+11
2017-09-07,'000905,中证500,6558.5963,6614.1021,6553.6993,6601.3433,6607.1176,-48.5213,-0.7344,107061807,1.339407309e+11
2017-09-06,'000905,中证500,6607.1176,6610.7452,6540.8253,6550.0614,6571.8591,35.2585,0.5365,105478233,1.36238488046e+11
2017-09-05,'000905,中证500,6571.8591,6576.5616,6528.1132,6561.6726,6564.6804,7.1787,0.1094,95232077,1.20125205055e+11
2017-09-04,'000905,中证500,6564.6804,6566.1014,6519.7882,6530.5086,6526.5046,38.1758,0.5849,119984025,1.43876861352e+11
2017-09-01,'000905,中证500,6526.5046,6530.8989,6466.1264,6472.9476,6470.4259,56.0787,0.8667,121117192,1.40862432142e+11
2017-08-31,'000905,中证500,6470.4259,6470.9433,6429.7427,6451.517,6453.4636,16.9623,0.2628,91029169,1.10910641361e+11
2017-08-30,'000905,中证500,6453.4636,6462.7571,6405.8963,6405.8963,6408.1567,45.3069,0.707,95559661,1.15513787287e+11
2017-08-29,'000905,中证500,6408.1567,6439.0793,6393.4761,6420.5677,6424.5841,-16.4274,-0.2557,87704097,1.11434485531e+11
2017-08-28,'000905,中证500,6424.5841,6442.3999,6348.87,6348.87,6346.5305,78.0536,1.2299,94893401,1.23347859463e+11
2017-08-25,'000905,中证500,6346.5305,6358.8868,6274.3511,6274.3511,6278.59,67.9405,1.0821,75549727,94698935464.0
2017-08-24,'000905,中证500,6278.59,6329.0305,6267.2324,6322.6281,6322.7819,-44.1919,-0.6989,67567586,86463516863.7
2017-08-23,'000905,中证500,6322.7819,6371.3,6310.0102,6359.7757,6375.9814,-53.1995,-0.8344,75609851,94213289883.9
2017-08-22,'000905,中证500,6375.9814,6398.5649,6362.4094,6396.9258,6403.7803,-27.7989,-0.4341,89100166,1.16758431356e+11
2017-08-21,'000905,中证500,6403.7803,6404.0497,6354.0107,6354.0964,6347.7557,56.0246,0.8826,86521795,1.05733629878e+11
2017-08-18,'000905,中证500,6347.7557,6361.9716,6313.1511,6324.8974,6366.034,-18.2783,-0.2871,91174554,1.11490643528e+11
2017-08-17,'000905,中证500,6366.034,6366.2517,6312.8892,6327.0275,6318.7986,47.2354,0.7475,98724886,1.19456888912e+11
2017-08-16,'000905,中证500,6318.7986,6323.5599,6268.1876,6307.1705,6314.7608,4.0378,0.0639,89617698,1.13207847055e+11
2017-08-15,'000905,中证500,6314.7608,6316.1989,6283.5442,6291.1835,6292.6418,22.119,0.3515,82603663,1.07585954406e+11
2017-08-14,'000905,中证500,6292.6418,6293.3517,6165.1298,6165.1298,6161.1903,131.4515,2.1335,89845023,1.13335483019e+11
2017-08-11,'000905,中证500,6161.1903,6275.8931,6153.6005,6242.4877,6289.2174,-128.0271,-2.0357,117860616,1.31559160784e+11
2017-08-10,'000905,中证500,6289.2174,6341.4803,6246.658,6322.8308,6340.022,-50.8046,-0.8013,112699470,1.27938266172e+11
2017-08-09,'000905,中证500,6340.022,6340.3754,6285.0247,6296.115,6303.716,36.306,0.5759,115347648,1.23988807118e+11
2017-08-08,'000905,中证500,6303.716,6322.4694,6281.6178,6302.0261,6303.4209,0.2951,0.0047,120380437,1.31243284608e+11
2017-08-07,'000905,中证500,6303.4209,6304.2674,6217.2893,6227.5184,6225.1151,78.3058,1.2579,108572316,1.14075085978e+11
2017-08-04,'000905,中证500,6225.1151,6297.1163,6224.2026,6258.8472,6261.9676,-36.8525,-0.5885,125888386,1.40098302354e+11
2017-08-03,'000905,中证500,6261.9676,6288.4352,6236.66,6240.1518,6251.8627,10.1049,0.1616,100159939,1.13164040247e+11
2017-08-02,'000905,中证500,6251.8627,6313.5062,6248.3556,6289.2453,6286.5362,-34.6735,-0.5516,114012011,1.32732752804e+11
2017-08-01,'000905,中证500,6286.5362,6299.1562,6261.2848,6293.0559,6298.0004,-11.4642,-0.182,101081557,1.16917914719e+11
2017-07-31,'000905,中证500,6298.0004,6299.8004,6208.461,6214.6567,6215.4633,82.5371,1.3279,113331066,1.29773218265e+11
2017-07-28,'000905,中证500,6215.4633,6229.0561,6165.9919,6170.6584,6184.0207,31.4426,0.5084,86467879,1.04848546512e+11
2017-07-27,'000905,中证500,6184.0207,6192.9383,6105.962,6136.9603,6146.7028,37.3179,0.6071,104005538,1.21283201419e+11
2017-07-26,'000905,中证500,6146.7028,6162.8805,6111.038,6151.8543,6153.5984,-6.8956,-0.1121,88753495,1.05711416131e+11
2017-07-25,'000905,中证500,6153.5984,6170.6462,6113.5608,6159.4123,6167.1282,-13.5298,-0.2194,89224304,1.02685759983e+11
2017-07-24,'000905,中证500,6167.1282,6171.8185,6117.2961,6121.3267,6126.1083,41.0199,0.6696,97299924,1.1432777424e+11
2017-07-21,'000905,中证500,6126.1083,6136.9731,6080.5615,6089.6581,6099.2835,26.8248,0.4398,83132654,97182317720.4
2017-07-20,'000905,中证500,6099.2835,6120.1918,6046.4096,6052.5111,6059.3582,39.9253,0.6589,93828770,1.05755231486e+11
2017-07-19,'000905,中证500,6059.3582,6059.5323,5917.6696,5928.0076,5938.4342,120.924,2.0363,102901914,1.08845290784e+11
2017-07-18,'000905,中证500,5938.4342,5938.4342,5842.9557,5854.072,5876.4592,61.975,1.0546,76564323,83831518528.7
2017-07-17,'000905,中证500,5876.4592,6108.452,5860.78,6108.452,6128.7397,-252.2805,-4.1164,101536169,1.13040983147e+11
2017-07-14,'000905,中证500,6128.7397,6143.4587,6107.9089,6143.3257,6149.9337,-21.194,-0.3446,66386360,80743682309.2
2017-07-13,'000905,中证500,6149.9337,6172.6827,6124.3599,6134.7513,6132.9922,16.9415,0.2762,79136009,96251741978.6
2017-07-12,'000905,中证500,6132.9922,6143.7984,6050.6501,6124.9574,6128.9942,3.998,0.0652,75579501,89554635963.2
2017-07-11,'000905,中证500,6128.9942,6202.2032,6128.9942,6194.6164,6206.5568,-77.5626,-1.2497,76982330,90795353529.7
2017-07-10,'000905,中证500,6206.5568,6236.2921,6189.0004,6221.5252,6226.0108,-19.454,-0.3125,90370999,1.04581745916e+11
2017-07-07,'000905,中证500,6226.0108,6229.8309,6176.7431,6182.4538,6201.6535,24.3573,0.3928,79328307,93885482337.7
2017-07-06,'000905,中证500,6201.6535,6211.9654,6149.9308,6187.4304,6193.9641,7.6894,0.1241,82871814,97626267779.9
2017-07-05,'000905,中证500,6193.9641,6193.9641,6127.5143,6135.713,6146.8527,47.1114,0.7664,68621638,83041215552.7
2017-07-04,'000905,中证500,6146.8527,6170.852,6134.8792,6169.0335,6177.3953,-30.5426,-0.4944,63114196,76708822695.1
2017-07-03,'000905,中证500,6177.3953,6177.3953,6129.8406,6142.1711,6138.1556,39.2397,0.6393,63825322,74248241219.7
2017-06-30,'000905,中证500,6138.1556,6139.0677,6090.2523,6101.3648,6116.9932,21.1624,0.346,53521223,66361720180.4
2017-06-29,'000905,中证500,6116.9932,6132.2451,6089.9202,6089.9202,6086.2112,30.782,0.5058,58035289,70846315031.6
2017-06-28,'000905,中证500,6086.2112,6110.3484,6075.1424,6102.2283,6113.1658,-26.9546,-0.4409,60479482,71450336215.3
2017-06-27,'000905,中证500,6113.1658,6128.3768,6089.6802,6109.3701,6111.6406,1.5252,0.025,62316849,75563273773.1
2017-06-26,'000905,中证500,6111.6406,6111.707,6011.8591,6013.4788,6010.3137,101.3269,1.6859,69846178,86328092267.8
2017-06-23,'000905,中证500,6010.3137,6010.3137,5923.5507,5978.2385,5992.3352,17.9785,0.3,63505124,73951244990.9
2017-06-22,'000905,中证500,5992.3352,6094.5533,5992.3352,6074.3663,6078.1925,-85.8573,-1.4125,69225641,82350322635.8
2017-06-21,'000905,中证500,6078.1925,6080.5326,6035.2737,6074.6095,6066.9046,11.2879,0.1861,56730429,66856678681.2
2017-06-20,'000905,中证500,6066.9046,6089.8121,6058.6882,6061.1098,6057.4115,9.4931,0.1567,66122408,77790508879.8
2017-06-19,'000905,中证500,6057.4115,6057.4115,6009.2243,6010.9392,6012.9996,44.4119,0.7386,59231585,67315215223.7
2017-06-16,'000905,中证500,6012.9996,6027.395,6003.2623,6016.9727,6021.1651,-8.1655,-0.1356,56912596,66287703873.7
2017-06-15,'000905,中证500,6021.1651,6024.3764,5959.1892,5959.4746,5966.4314,54.7337,0.9174,64991110,73277153513.9
2017-06-14,'000905,中证500,5966.4314,5992.7818,5958.2003,5976.0141,5980.0566,-13.6252,-0.2278,60926963,71476434179.6
2017-06-13,'000905,中证500,5980.0566,5986.8692,5894.2253,5895.4692,5902.8551,77.2015,1.3079,60424169,70753185224.1
2017-06-12,'000905,中证500,5902.8551,5950.0431,5896.4049,5943.6443,5969.2741,-66.419,-1.1127,60359675,70214585116.9
2017-06-09,'000905,中证500,5969.2741,5971.5251,5922.7285,5952.4061,5958.977,10.2971,0.1728,62109874,69574732886.3
2017-06-08,'000905,中证500,5958.977,5972.7277,5940.7235,5947.975,5955.0153,3.9617,0.0665,66506547,74753009504.5
2017-06-07,'000905,中证500,5955.0153,5955.0236,5836.4411,5838.8814,5841.5232,113.4921,1.9429,74666059,81742004615.1
2017-06-06,'000905,中证500,5841.5232,5841.8803,5793.4367,5808.9716,5815.8022,25.721,0.4423,48781500,53237820722.1
2017-06-05,'000905,中证500,5815.8022,5830.0525,5777.9509,5778.1891,5772.5174,43.2848,0.7498,54333292,59775835963.1
2017-06-02,'000905,中证500,5772.5174,5780.5015,5655.762,5696.8285,5709.9994,62.518,1.0949,58868847,61562500697.2
2017-06-01,'000905,中证500,5709.9994,5810.5989,5709.6885,5810.4191,5824.1042,-114.1048,-1.9592,60278905,65490263888.3
2017-05-31,'000905,中证500,5824.1042,5913.1835,5820.2063,5887.9405,5836.9338,-12.8296,-0.2198,58477769,66221305694.3
2017-05-26,'000905,中证500,5836.9338,5871.2139,5833.0876,5843.5212,5850.8006,-13.8668,-0.237,59256199,65692499036.2
2017-05-25,'000905,中证500,5850.8006,5859.5019,5740.7985,5788.5567,5799.2499,51.5507,0.8889,70683957,75351887954.4
2017-05-24,'000905,中证500,5799.2499,5799.6834,5668.7221,5740.4428,5764.8759,34.374,0.5963,58130847,62845340537.7
2017-05-23,'000905,中证500,5764.8759,5893.816,5760.3248,5879.5592,5888.8127,-123.9368,-2.1046,64918647,70779450169.3
2017-05-22,'000905,中证500,5888.8127,5987.3066,5873.0412,5962.2861,5974.9772,-86.1645,-1.4421,60894139,66101127999.6
2017-05-19,'000905,中证500,5974.9772,5990.4353,5942.6096,5973.768,5976.2998,-1.3226,-0.0221,55068152,64668962901.3
2017-05-18,'000905,中证500,5976.2998,6030.109,5965.3503,5983.3497,6027.6504,-51.3506,-0.8519,60062125,70971740790.1
2017-05-17,'000905,中证500,6027.6504,6055.9183,6001.0394,6006.4691,6014.7344,12.916,0.2147,73146909,84588690909.4
2017-05-16,'000905,中证500,6014.7344,6014.8806,5839.2197,5882.3298,5893.5075,121.2269,2.057,73426616,84036099308.7
2017-05-15,'000905,中证500,5893.5075,5912.2661,5880.6961,5880.6961,5863.7832,29.7243,0.5069,49725933,58911836308.8
2017-05-12,'000905,中证500,5863.7832,5889.93,5820.2939,5859.3374,5872.6391,-8.8559,-0.1508,56685628,62606811862.1
2017-05-11,'000905,中证500,5872.6391,5873.9064,5731.4825,5856.4147,5885.841,-13.2019,-0.2243,73054314,77588395748.6
2017-05-10,'000905,中证500,5885.841,6038.9734,5885.5213,6010.7303,6012.0016,-126.1606,-2.0985,62645660,71467192554.4
2017-05-09,'000905,中证500,6012.0016,6012.4429,5919.5993,5953.8391,5975.5395,36.4621,0.6102,54726993,62722952718.9
2017-05-08,'000905,中证500,5975.5395,6083.362,5975.2213,6076.458,6089.6828,-114.1433,-1.8744,67182555,76311198233.9
2017-05-05,'000905,中证500,6089.6828,6164.2461,6089.0909,6155.1974,6176.3053,-86.6225,-1.4025,71551996,81292488329.6
2017-05-04,'000905,中证500,6176.3053,6236.8865,6151.8088,6180.0292,6197.4779,-21.1726,-0.3416,77413513,89915586361.4
2017-05-03,'000905,中证500,6197.4779,6225.6265,6174.6918,6205.6817,6216.115,-18.6371,-0.2998,72475447,85574278198.3
2017-05-02,'000905,中证500,6216.115,6216.4949,6186.1678,6205.1005,6211.8624,4.2526,0.0685,70289003,83553106435.3
2017-04-28,'000905,中证500,6211.8624,6214.1617,6166.7979,6174.142,6192.3044,19.558,0.3158,66769167,76705995604.3
2017-04-27,'000905,中证500,6192.3044,6205.2293,6052.8806,6157.5184,6176.3981,15.9063,0.2575,89357789,1.01691925177e+11
2017-04-26,'000905,中证500,6176.3981,6195.3247,6157.3991,6159.8926,6160.4612,15.9369,0.2587,69746029,81432873560.0
2017-04-25,'000905,中证500,6160.4612,6203.6818,6131.9512,6139.4842,6138.5049,21.9563,0.3577,64657729,73714024618.6
2017-04-24,'000905,中证500,6138.5049,6282.7398,6137.9201,6282.331,6300.7128,-162.2079,-2.5744,70771368,78586553276.6
2017-04-21,'000905,中证500,6300.7128,6364.6737,6296.8103,6345.7705,6347.7732,-47.0604,-0.7414,60871101,72187532636.1
2017-04-20,'000905,中证500,6347.7732,6377.8003,6299.8941,6349.4075,6350.6465,-2.8733,-0.0452,79174157,92055492681.1
2017-04-19,'000905,中证500,6350.6465,6401.4112,6285.9903,6390.3311,6418.2114,-67.5649,-1.0527,87000447,95577254209.1
2017-04-18,'000905,中证500,6418.2114,6491.8082,6416.1723,6452.918,6456.598,-38.3866,-0.5945,80185641,91417770876.5
2017-04-17,'000905,中证500,6456.598,6502.036,6426.2797,6500.9489,6528.1624,-71.5644,-1.0962,87532207,99323748146.5
2017-04-14,'000905,中证500,6528.1624,6623.8014,6522.7905,6623.4544,6615.7042,-87.5418,-1.3232,97511151,1.07518934105e+11
2017-04-13,'000905,中证500,6615.7042,6627.702,6562.7621,6569.2398,6576.4761,39.2281,0.5965,87711440,95722060560.7
2017-04-12,'000905,中证500,6576.4761,6626.761,6571.4755,6625.8795,6629.1661,-52.69,-0.7948,114173027,1.25634063396e+11
2017-04-11,'000905,中证500,6629.1661,6631.9963,6531.5307,6566.84,6566.5441,62.622,0.9537,127738048,1.48200620589e+11
2017-04-10,'000905,中证500,6566.5441,6595.1986,6556.0781,6575.4597,6578.726,-12.1819,-0.1852,102529323,1.17949775725e+11
2017-04-07,'000905,中证500,6578.726,6593.949,6544.2362,6554.2567,6559.6526,19.0734,0.2908,100596671,1.15145780026e+11
2017-04-06,'000905,中证500,6559.6526,6569.7021,6535.0376,6554.7454,6539.9665,19.6861,0.301,97471135,1.06538080096e+11
2017-04-05,'000905,中证500,6539.9665,6539.9665,6450.8955,6450.8955,6401.6479,138.3186,2.1607,97014978,1.10261623595e+11
2017-03-31,'000905,中证500,6401.6479,6402.2179,6365.4474,6374.565,6375.7437,25.9042,0.4063,72082772,81869918411.9
2017-03-30,'000905,中证500,6375.7437,6471.935,6369.1202,6467.063,6480.543,-104.7993,-1.6171,96512724,1.02559153021e+11
2017-03-29,'000905,中证500,6480.543,6522.5117,6461.5358,6504.2455,6498.6902,-18.1472,-0.2792,85614048,94145712453.2
2017-03-28,'000905,中证500,6498.6902,6519.0858,6483.6403,6509.0377,6516.0326,-17.3424,-0.2661,61262114,74546542337.4
2017-03-27,'000905,中证500,6516.0326,6555.7939,6510.4398,6545.4462,6546.615,-30.5824,-0.4671,77482737,91609824449.8
2017-03-24,'000905,中证500,6546.615,6552.7481,6500.0657,6509.2327,6512.1874,34.4276,0.5287,83547822,99764242487.0
2017-03-23,'000905,中证500,6512.1874,6533.6523,6445.8112,6502.1273,6499.7928,12.3946,0.1907,76911147,95665083642.5
2017-03-22,'000905,中证500,6499.7928,6514.6285,6459.975,6486.3011,6515.9458,-16.153,-0.2479,72273366,88332148327.9
2017-03-21,'000905,中证500,6515.9458,6516.0101,6484.687,6494.7728,6498.3416,17.6042,0.2709,58995042,75784024756.7
2017-03-20,'000905,中证500,6498.3416,6498.5658,6451.354,6484.5404,6483.2463,15.0953,0.2328,61644783,76363964979.1
2017-03-17,'000905,中证500,6483.2463,6555.5786,6480.2914,6543.5573,6543.3407,-60.0944,-0.9184,73063706,89911150468.6
2017-03-16,'000905,中证500,6543.3407,6543.3407,6499.8323,6499.8323,6486.0616,57.2791,0.8831,68654619,84809251031.3
2017-03-15,'000905,中证500,6486.0616,6499.5423,6471.7207,6486.3,6493.4846,-7.423,-0.1143,55750085,69104007280.6
2017-03-14,'000905,中证500,6493.4846,6518.7786,6480.0806,6508.369,6507.8964,-14.4118,-0.2215,60271995,74548113277.4
2017-03-13,'000905,中证500,6507.8964,6508.0665,6412.708,6444.5584,6447.9165,59.9799,0.9302,64912430,81201111068.9
2017-03-10,'000905,中证500,6447.9165,6464.6026,6436.6388,6436.7583,6439.3822,8.5343,0.1325,56359929,69999414896.5
2017-03-09,'000905,中证500,6439.3822,6484.8275,6425.0028,6484.5815,6497.0878,-57.7056,-0.8882,64238982,73949329067.2
2017-03-08,'000905,中证500,6497.0878,6525.1932,6478.5482,6519.9741,6523.1868,-26.099,-0.4001,63067369,75049470141.4
2017-03-07,'000905,中证500,6523.1868,6523.3598,6491.2635,6517.8451,6517.3235,5.8633,0.09,68534915,82330583704.7
2017-03-06,'000905,中证500,6517.3235,6518.0421,6457.5928,6457.5928,6452.839,64.4845,0.9993,67277672,83853156141.4
2017-03-03,'000905,中证500,6452.839,6457.228,6398.8848,6417.3888,6434.6262,18.2128,0.283,65253253,78891589124.7
2017-03-02,'000905,中证500,6434.6262,6484.1156,6431.4355,6476.1055,6467.6385,-33.0123,-0.5104,72064172,84092921491.9
2017-03-01,'000905,中证500,6467.6385,6488.8245,6440.8074,6446.4356,6450.9701,16.6684,0.2584,72479671,83177653148.5
2017-02-28,'000905,中证500,6450.9701,6451.2916,6414.7839,6424.9954,6424.2549,26.7152,0.4158,63031126,71170206500.1
2017-02-27,'000905,中证500,6424.2549,6480.1867,6417.7848,6476.376,6476.1655,-51.9106,-0.8016,72245010,81011815135.3
2017-02-24,'000905,中证500,6476.1655,6477.4217,6445.0669,6466.1821,6473.993,2.1725,0.0336,76258127,85426215440.3
2017-02-23,'000905,中证500,6473.993,6482.2481,6435.7455,6470.617,6474.225,-0.232,-0.0036,89366678,99277240143.6
2017-02-22,'000905,中证500,6474.225,6474.4899,6431.4088,6432.7507,6434.4383,39.7867,0.6183,87525641,95597767122.4
2017-02-21,'000905,中证500,6434.4383,6434.5346,6386.904,6390.508,6385.0625,49.3758,0.7733,78896901,86222033428.0
2017-02-20,'000905,中证500,6385.0625,6385.0625,6307.2342,6307.2342,6307.1627,77.8998,1.2351,74126636,80325702731.1
2017-02-17,'000905,中证500,6307.1627,6365.6958,6300.51,6356.0922,6359.3361,-52.1734,-0.8204,79079952,80705736069.3
2017-02-16,'000905,中证500,6359.3361,6363.8696,6306.5107,6308.3181,6311.6959,47.6402,0.7548,75074581,75785517260.6
2017-02-15,'000905,中证500,6311.6959,6379.7876,6301.0125,6367.6437,6374.8852,-63.1893,-0.9912,84076607,84745249693.1
2017-02-14,'000905,中证500,6374.8852,6378.0622,6346.5932,6366.937,6369.6526,5.2326,0.0821,76068629,75879186213.3
2017-02-13,'000905,中证500,6369.6526,6370.2071,6331.9619,6341.7267,6337.1081,32.5445,0.5136,83765054,84625077163.4
2017-02-10,'000905,中证500,6337.1081,6350.3394,6320.2482,6329.6825,6331.1771,5.931,0.0937,89377139,87202785397.0
2017-02-09,'000905,中证500,6331.1771,6331.3294,6285.7284,6288.8842,6291.5977,39.5794,0.6291,72722329,74903715864.4
2017-02-08,'000905,中证500,6291.5977,6291.7658,6219.0209,6248.4708,6255.927,35.6707,0.5702,53885119,57742142041.3
2017-02-07,'000905,中证500,6255.927,6269.4606,6223.5399,6254.2002,6259.2471,-3.3201,-0.053,50928232,53950802890.2
2017-02-06,'000905,中证500,6259.2471,6259.4103,6195.4953,6206.5352,6207.0921,52.155,0.8402,45755656,50034776941.3
2017-02-03,'000905,中证500,6207.0921,6231.6039,6190.8278,6227.4615,6223.7061,-16.614,-0.2669,35541491,37929189874.5
2017-01-26,'000905,中证500,6223.7061,6224.1897,6183.1588,6183.1588,6179.5681,44.138,0.7143,40542477,41944886986.9
2017-01-25,'000905,中证500,6179.5681,6187.4333,6152.1441,6156.7761,6165.2642,14.3039,0.232,42974288,43740185010.2
2017-01-24,'000905,中证500,6165.2642,6177.2076,6154.0678,6167.8403,6172.1671,-6.9029,-0.1118,50127803,49571128604.3
2017-01-23,'000905,中证500,6172.1671,6189.1736,6130.1951,6130.4404,6121.9983,50.1688,0.8195,50389736,52727412759.2
2017-01-20,'000905,中证500,6121.9983,6129.5799,6034.9691,6037.5604,6043.675,78.3233,1.296,45717354,49013086159.8
2017-01-19,'000905,中证500,6043.675,6074.4639,6029.6401,6054.7251,6068.593,-24.918,-0.4106,44419616,45854100379.1
2017-01-18,'000905,中证500,6068.593,6098.7843,6049.9691,6067.1677,6082.0657,-13.4727,-0.2215,46142180,48404585974.8
2017-01-17,'000905,中证500,6082.0657,6082.2006,5957.0439,6006.0795,6031.2414,50.8243,0.8427,50540898,54018905761.7
2017-01-16,'000905,中证500,6031.2414,6184.3369,5872.3953,6184.1292,6194.6575,-163.4161,-2.638,78958348,82148409479.2
2017-01-13,'000905,中证500,6194.6575,6282.7162,6182.1048,6272.7899,6272.851,-78.1935,-1.2465,53611484,58444907278.7
2017-01-12,'000905,中证500,6272.851,6339.3218,6269.199,6325.6232,6331.9638,-59.1128,-0.9336,53433634,57259476374.7
2017-01-11,'000905,中证500,6331.9638,6402.8989,6331.5065,6381.7048,6393.9283,-61.9645,-0.9691,62843359,68331890908.8
2017-01-10,'000905,中证500,6393.9283,6428.834,6388.9201,6412.7619,6415.4176,-21.4893,-0.335,68210684,76722142933.1
2017-01-09,'000905,中证500,6415.4176,6415.4682,6357.3566,6365.3886,6371.6168,43.8008,0.6874,63979031,74310358180.7
2017-01-06,'000905,中证500,6371.6168,6401.7389,6364.8875,6398.8633,6399.2841,-27.6673,-0.4323,64902473,73723002444.1
2017-01-05,'000905,中证500,6399.2841,6412.8739,6385.1212,6391.5838,6394.6694,4.6147,0.0722,61445203,72267790980.5
2017-01-04,'000905,中证500,6394.6694,6395.0039,6314.1267,6321.7473,6320.7626,73.9068,1.1693,66739423,78531887327.4
2017-01-03,'000905,中证500,6320.7626,6320.9526,6273.7528,6273.8182,6263.6256,57.137,0.9122,48577791,57302999275.0
2016-12-30,'000905,中证500,6263.6256,6275.5494,6241.7188,6255.6201,6252.6076,11.018,0.1762,46924937,54554271035.9
2016-12-29,'000905,中证500,6252.6076,6286.7413,6242.9837,6261.8676,6270.2395,-17.6319,-0.2812,45028142,51113318088.0
2016-12-28,'000905,中证500,6270.2395,6295.8909,6257.1041,6288.7324,6288.8594,-18.6199,-0.2961,48574165,54961473637.1
2016-12-27,'000905,中证500,6288.8594,6311.0357,6284.0401,6291.6466,6294.7546,-5.8952,-0.0937,49275524,56430287095.1
2016-12-26,'000905,中证500,6294.7546,6295.236,6194.2656,6260.3396,6281.9966,12.758,0.2031,54444358,60864353719.4
2016-12-23,'000905,中证500,6281.9966,6343.8546,6277.66,6339.3466,6341.7879,-59.7913,-0.9428,57182482,64218562488.2
2016-12-22,'000905,中证500,6341.7879,6350.2726,6313.8578,6341.2009,6347.6058,-5.8179,-0.0917,59617207,64478216465.2
2016-12-21,'000905,中证500,6347.6058,6348.376,6311.0581,6311.0581,6300.6383,46.9675,0.7454,63632870,70594550289.7
2016-12-20,'000905,中证500,6300.6383,6315.5363,6275.3113,6314.6113,6320.7324,-20.0941,-0.3179,60920657,65544588691.1
2016-12-19,'000905,中证500,6320.7324,6330.3823,6297.3666,6319.8574,6318.5239,2.2085,0.035,62579158,70180562733.4
2016-12-16,'000905,中证500,6318.5239,6329.1906,6273.0011,6279.2765,6280.3981,38.1258,0.6071,62204176,71330845122.5
2016-12-15,'000905,中证500,6280.3981,6310.7437,6211.2733,6216.1446,6239.4989,40.8992,0.6555,64732973,75209830320.1
2016-12-14,'000905,中证500,6239.4989,6299.0401,6216.9508,6269.0808,6278.1793,-38.6804,-0.6161,68977584,81065251162.7
2016-12-13,'000905,中证500,6278.1793,6292.8031,6190.389,6235.5581,6249.0784,29.1009,0.4657,65206728,75946019131.6
2016-12-12,'000905,中证500,6249.0784,6519.628,6241.6118,6512.959,6513.9155,-264.8371,-4.0657,94736778,1.07463242985e+11
2016-12-09,'000905,中证500,6513.9155,6534.8963,6500.2146,6519.3949,6527.4338,-13.5183,-0.2071,59218291,71500666285.7
2016-12-08,'000905,中证500,6527.4338,6562.6574,6522.9608,6561.7215,6558.0247,-30.5909,-0.4665,56989763,67589603420.6
2016-12-07,'000905,中证500,6558.0247,6558.2433,6481.9199,6493.0029,6490.8897,67.135,1.0343,59406414,67819689395.1
2016-12-06,'000905,中证500,6490.8897,6514.0316,6484.979,6496.1638,6486.0173,4.8724,0.0751,52009198,61621652399.3
2016-12-05,'000905,中证500,6486.0173,6522.5969,6451.0843,6462.2556,6520.9745,-34.9572,-0.5361,66821821,75623703982.2
2016-12-02,'000905,中证500,6520.9745,6623.7939,6520.9745,6617.8743,6624.4657,-103.4912,-1.5623,81097525,91203225960.0
2016-12-01,'000905,中证500,6624.4657,6624.8511,6593.0738,6593.5939,6585.5776,38.8881,0.5905,77818509,87662536456.3
2016-11-30,'000905,中证500,6585.5776,6615.921,6568.7956,6605.3611,6620.7949,-35.2173,-0.5319,81526813,91354956778.7
2016-11-29,'000905,中证500,6620.7949,6681.8812,6619.0387,6658.3551,6670.8035,-50.0086,-0.7497,101446906,1.12700270233e+11
2016-11-28,'000905,中证500,6670.8035,6692.1415,6650.9193,6667.2656,6652.8177,17.9858,0.2703,95741366,1.06722283957e+11
2016-11-25,'000905,中证500,6652.8177,6652.916,6531.3667,6620.2193,6623.0489,29.7688,0.4495,88934636,1.00029174595e+11
2016-11-24,'000905,中证500,6623.0489,6656.9659,6607.0277,6635.2237,6631.1733,-8.1244,-0.1225,93586299,1.04720238937e+11
2016-11-23,'000905,中证500,6631.1733,6676.6675,6617.7752,6668.2484,6661.246,-30.0727,-0.4515,93963240,1.03904384971e+11
2016-11-22,'000905,中证500,6661.246,6661.5407,6617.0696,6619.8503,6611.5399,49.7061,0.7518,92177809,1.01984600257e+11
2016-11-21,'000905,中证500,6611.5399,6635.8918,6591.9754,6597.1749,6602.3265,9.2134,0.1395,78751844,90652603587.2
2016-11-18,'000905,中证500,6602.3265,6643.9408,6592.8358,6632.627,6636.469,-34.1425,-0.5145,81278551,86902679609.2
2016-11-17,'000905,中证500,6636.469,6646.309,6596.896,6633.3099,6644.1878,-7.7188,-0.1162,84535312,87728988756.1
2016-11-16,'000905,中证500,6644.1878,6658.4279,6630.1238,6647.5287,6640.4616,3.7262,0.0561,95468676,1.02794053203e+11
2016-11-15,'000905,中证500,6640.4616,6641.0354,6602.2812,6622.878,6615.0071,25.4545,0.3848,105110912,1.07784604579e+11
2016-11-14,'000905,中证500,6615.0071,6624.2056,6566.0537,6568.6594,6583.8864,31.1207,0.4727,126669343,1.29072810284e+11
2016-11-11,'000905,中证500,6583.8864,6584.4097,6527.4524,6539.3598,6536.9651,46.9213,0.7178,110371594,1.17683140548e+11
2016-11-10,'000905,中证500,6536.9651,6538.7419,6501.6388,6501.6388,6453.5718,83.3933,1.2922,90625238,96157565168.0
2016-11-09,'000905,中证500,6453.5718,6507.8648,6380.5711,6504.4117,6503.1781,-49.6063,-0.7628,88060102,96517280987.0
2016-11-08,'000905,中证500,6503.1781,6518.1891,6476.4443,6487.6487,6468.8171,34.361,0.5312,72444878,78508137414.9
2016-11-07,'000905,中证500,6468.8171,6487.0601,6437.74,6461.0006,6462.5928,6.2243,0.0963,68812126,76326265917.8
2016-11-04,'000905,中证500,6462.5928,6502.7409,6449.5605,6482.6008,6483.7322,-21.1394,-0.326,70635406,81640501576.2
2016-11-03,'000905,中证500,6483.7322,6521.0003,6436.9074,6442.3549,6455.1295,28.6027,0.4431,77549845,88683292153.6
2016-11-02,'000905,中证500,6455.1295,6506.7756,6450.0506,6494.9803,6507.95,-52.8205,-0.8116,72299068,82898303275.1
2016-11-01,'000905,中证500,6507.95,6508.3642,6450.0204,6456.9993,6452.2058,55.7442,0.864,62539902,72251174358.9
2016-10-31,'000905,中证500,6452.2058,6460.7728,6408.2731,6441.4348,6455.8349,-3.6291,-0.0562,60253688,71768415874.2
2016-10-28,'000905,中证500,6455.8349,6536.8349,6455.1476,6512.038,6517.3594,-61.5245,-0.944,70697096,79712066801.7
2016-10-27,'000905,中证500,6517.3594,6529.4679,6488.3634,6522.8868,6530.3898,-13.0304,-0.1995,67102997,76662910798.6
2016-10-26,'000905,中证500,6530.3898,6561.2466,6511.657,6561.1581,6563.3539,-32.9641,-0.5022,80859244,91780594799.3
2016-10-25,'000905,中证500,6563.3539,6563.5233,6536.9443,6543.4668,6539.4661,23.8878,0.3653,83923230,94315371653.8
2016-10-24,'000905,中证500,6539.4661,6546.7881,6472.9393,6479.5541,6475.2807,64.1854,0.9912,86076745,93119437036.5
2016-10-21,'000905,中证500,6475.2807,6506.6107,6424.4429,6498.9857,6498.2375,-22.9568,-0.3533,73195126,83617171252.9
2016-10-20,'000905,中证500,6498.2375,6506.581,6474.7793,6495.8268,6495.2574,2.9801,0.0459,65574912,75634634720.1
2016-10-19,'000905,中证500,6495.2574,6531.162,6476.562,6518.7373,6509.2821,-14.0247,-0.2155,75048807,87276975359.7
2016-10-18,'000905,中证500,6509.2821,6509.2821,6409.7381,6409.7381,6413.1487,96.1334,1.499,73698508,86044533819.1
2016-10-17,'000905,中证500,6413.1487,6487.6708,6394.4868,6478.5108,6469.4915,-56.3428,-0.8709,71704796,83743641999.1
2016-10-14,'000905,中证500,6469.4915,6477.8533,6423.5788,6476.2612,6484.831,-15.3395,-0.2365,65860097,75444317293.1
2016-10-13,'000905,中证500,6484.831,6501.5569,6468.1323,6480.9293,6482.7379,2.0931,0.0323,68471651,78494098696.3
2016-10-12,'000905,中证500,6482.7379,6484.0002,6452.4135,6463.8094,6486.4254,-3.6875,-0.0568,67718487,77595765778.5
2016-10-11,'000905,中证500,6486.4254,6486.6499,6443.7479,6451.0445,6447.6934,38.732,0.6007,78850887,89907667463.6
2016-10-10,'000905,中证500,6447.6934,6447.9361,6345.331,6364.5166,6328.0856,119.6078,1.8901,72724035,87775587397.8
2016-09-30,'000905,中证500,6328.0856,6338.299,6289.4658,6292.0797,6298.7911,29.2945,0.4651,44965129,52590567655.5
2016-09-29,'000905,中证500,6298.7911,6323.4158,6288.9181,6288.9181,6281.2838,17.5073,0.2787,50691558,58112818884.6
2016-09-28,'000905,中证500,6281.2838,6300.8497,6266.7529,6300.8497,6286.9093,-5.6255,-0.0895,49163262,55557965879.7
2016-09-27,'000905,中证500,6286.9093,6287.3356,6200.5654,6229.8183,6241.5157,45.3936,0.7273,56400533,63613816981.3
2016-09-26,'000905,中证500,6241.5157,6364.2086,6239.8672,6363.9308,6370.5834,-129.0677,-2.026,72106659,80920791481.7
2016-09-23,'000905,中证500,6370.5834,6402.6392,6369.2226,6397.3334,6385.6353,-15.0519,-0.2357,62578307,72046479364.6
2016-09-22,'000905,中证500,6385.6353,6410.57,6377.1734,6381.1565,6343.7541,41.8812,0.6602,62971600,73959516342.3
2016-09-21,'000905,中证500,6343.7541,6362.9993,6335.3916,6342.004,6342.0328,1.7213,0.0271,50290343,60152141208.5
2016-09-20,'000905,中证500,6342.0328,6346.9304,6319.7623,6344.7056,6344.181,-2.1482,-0.0339,54505613,62741951535.6
2016-09-19,'000905,中证500,6344.181,6344.4504,6292.807,6292.807,6278.158,66.023,1.0516,54978764,63813913418.5
2016-09-14,'000905,中证500,6278.158,6318.2705,6260.6525,6286.6174,6320.0315,-41.8735,-0.6626,58319692,69112385409.5
2016-09-13,'000905,中证500,6320.0315,6340.8722,6284.0368,6324.7438,6291.6364,28.3951,0.4513,68636660,81512867166.5
2016-09-12,'000905,中证500,6291.6364,6383.8434,6283.8161,6362.77,6471.053,-179.4166,-2.7726,90041756,1.04742908972e+11
2016-09-09,'000905,中证500,6471.053,6539.3476,6470.9046,6518.6757,6517.9835,-46.9305,-0.72,78672463,95311303692.1
2016-09-08,'000905,中证500,6517.9835,6518.3321,6478.6477,6489.6169,6494.3159,23.6676,0.3644,72464135,87823608439.2
2016-09-07,'000905,中证500,6494.3159,6529.8114,6483.0878,6490.3301,6492.9722,1.3437,0.0207,93190209,1.09431482868e+11
2016-09-06,'000905,中证500,6492.9722,6493.3473,6345.6948,6392.6082,6391.7923,101.1799,1.583,86826087,1.04828522285e+11
2016-09-05,'000905,中证500,6391.7923,6419.7461,6372.624,6372.624,6356.9538,34.8385,0.548,65434639,76419151271.3
2016-09-02,'000905,中证500,6356.9538,6403.5722,6320.4791,6371.4921,6381.4755,-24.5217,-0.3843,67506963,78519545107.5
2016-09-01,'000905,中证500,6381.4755,6445.4324,6380.9005,6434.2608,6434.2103,-52.7348,-0.8196,71886109,81004501535.3
2016-08-31,'000905,中证500,6434.2103,6441.106,6390.699,6422.8012,6425.7543,8.456,0.1316,65277005,75033509484.0
2016-08-30,'000905,中证500,6425.7543,6459.7148,6413.7103,6428.9659,6427.5291,-1.7748,-0.0276,61588352,74080579913.6
2016-08-29,'000905,中证500,6427.5291,6442.3982,6398.7765,6409.1178,6410.7335,16.7956,0.262,68956570,82355641766.2
2016-08-26,'000905,中证500,6410.7335,6460.8679,6395.7304,6395.772,6382.5704,28.1631,0.4413,74785794,88200838748.9
2016-08-25,'000905,中证500,6382.5704,6398.5641,6312.6532,6398.5641,6435.0586,-52.4882,-0.8157,79722431,90859885169.7
2016-08-24,'000905,中证500,6435.0586,6466.6253,6415.6998,6432.8787,6428.6978,6.3608,0.0989,73862344,83336139395.5
2016-08-23,'000905,中证500,6428.6978,6448.5425,6380.915,6414.9819,6420.3544,8.3434,0.13,80572963,86882141020.1
2016-08-22,'000905,中证500,6420.3544,6508.7968,6419.5628,6499.7527,6499.5548,-79.2004,-1.2186,92369153,1.01907818836e+11
2016-08-19,'000905,中证500,6499.5548,6516.9793,6451.612,6485.7195,6490.408,9.1468,0.1409,91827099,1.00807655148e+11
2016-08-18,'000905,中证500,6490.408,6527.1975,6466.3975,6485.9268,6488.3648,2.0432,0.0315,110415535,1.20247896486e+11
2016-08-17,'000905,中证500,6488.3648,6502.1391,6437.2631,6462.0466,6468.8946,19.4702,0.301,95788508,1.10221545679e+11
2016-08-16,'000905,中证500,6468.8946,6488.7007,6446.2363,6449.9066,6442.5272,26.3674,0.4093,109712840,1.30364641339e+11
2016-08-15,'000905,中证500,6442.5272,6451.929,6289.7246,6309.4141,6299.0915,143.4357,2.2771,117981468,1.36188716932e+11
2016-08-12,'000905,中证500,6299.0915,6299.0915,6204.9613,6218.3533,6226.3129,72.7786,1.1689,68635478,77608881955.6
2016-08-11,'000905,中证500,6226.3129,6318.9779,6226.3129,6304.7771,6318.2681,-91.9552,-1.4554,70684527,84068495380.8
2016-08-10,'000905,中证500,6318.2681,6366.089,6314.5125,6336.5359,6341.5497,-23.2816,-0.3671,77197424,91372973411.3
2016-08-09,'000905,中证500,6341.5497,6341.7233,6281.0723,6283.2888,6290.7562,50.7935,0.8074,78165122,92794683062.7
2016-08-08,'000905,中证500,6290.7562,6290.8999,6152.5791,6191.6474,6203.2872,87.469,1.41,77047880,87087721739.2
2016-08-05,'000905,中证500,6203.2872,6251.3982,6202.8622,6231.5257,6238.2309,-34.9437,-0.5602,67543356,81408223905.0
2016-08-04,'000905,中证500,6238.2309,6245.3048,6174.2398,6194.2028,6198.3885,39.8424,0.6428,70556394,84228162263.7
2016-08-03,'000905,中证500,6198.3885,6203.6148,6140.8294,6154.4741,6168.5088,29.8797,0.4844,68686951,80885121045.7
2016-08-02,'000905,中证500,6168.5088,6168.6819,6099.2499,6100.7491,6109.2782,59.2306,0.9695,55805056,66288104958.9
2016-08-01,'000905,中证500,6109.2782,6179.2019,6046.4023,6179.2019,6202.8923,-93.6141,-1.5092,72910221,87691638033.9
2016-07-29,'000905,中证500,6202.8923,6259.1994,6183.1647,6239.8538,6243.2883,-40.396,-0.647,72681332,90326551800.2
2016-07-28,'000905,中证500,6243.2883,6273.3798,6148.8585,6220.9168,6229.2885,13.9998,0.2247,91318712,1.14438917848e+11
2016-07-27,'000905,中证500,6229.2885,6515.8778,6154.4592,6499.3377,6494.4743,-265.1858,-4.0833,138527893,1.74673313375e+11
2016-07-26,'000905,中证500,6494.4743,6494.7395,6410.8227,6410.8227,6408.7831,85.6912,1.3371,81556556,1.03166813043e+11
2016-07-25,'000905,中证500,6408.7831,6441.3161,6374.2552,6383.5616,6390.9254,17.8577,0.2794,81090039,1.05671170636e+11
2016-07-22,'000905,中证500,6390.9254,6448.3659,6385.2522,6437.8833,6442.7093,-51.7839,-0.8038,86445493,1.1481454556e+11
2016-07-21,'000905,中证500,6442.7093,6487.0216,6405.6019,6414.8007,6417.9223,24.787,0.3862,87437926,1.17363958834e+11
2016-07-20,'000905,中证500,6417.9223,6454.179,6404.1539,6429.689,6431.9383,-14.016,-0.2179,74820308,1.01445290824e+11
2016-07-19,'000905,中证500,6431.9383,6431.9383,6355.4787,6407.0339,6412.0731,19.8652,0.3098,80961872,1.09308249328e+11
2016-07-18,'000905,中证500,6412.0731,6455.459,6379.0647,6426.8558,6441.0159,-28.9428,-0.4494,89330628,1.16299508439e+11
2016-07-15,'000905,中证500,6441.0159,6469.0454,6409.7969,6459.6255,6455.5827,-14.5668,-0.2256,93192904,1.20337712841e+11
2016-07-14,'000905,中证500,6455.5827,6458.288,6410.3989,6437.277,6446.5634,9.0193,0.1399,95271581,1.24877339066e+11
2016-07-13,'000905,中证500,6446.5634,6456.7724,6392.3995,6413.8122,6395.1448,51.4186,0.804,112122081,1.43467356701e+11
2016-07-12,'000905,中证500,6395.1448,6395.4352,6248.934,6309.819,6312.4988,82.646,1.3092,116873788,1.48468566389e+11
2016-07-11,'000905,中证500,6312.4988,6387.0702,6306.1335,6320.0629,6299.8533,12.6455,0.2007,103662866,1.39771393776e+11
2016-07-08,'000905,中证500,6299.8533,6337.0713,6276.8299,6308.0623,6319.7926,-19.9393,-0.3155,88064741,1.16856242482e+11
2016-07-07,'000905,中证500,6319.7926,6342.4345,6256.272,6291.0571,6297.3969,22.3957,0.3556,112453597,1.51625609211e+11
2016-07-06,'000905,中证500,6297.3969,6299.7335,6231.5408,6250.4887,6269.5046,27.8923,0.4449,95069622,1.21875951293e+11
2016-07-05,'000905,中证500,6269.5046,6276.8212,6226.2952,6244.387,6231.8811,37.6235,0.6037,107928800,1.36874960639e+11
2016-07-04,'000905,中证500,6231.8811,6240.603,6078.6278,6079.5844,6111.5385,120.3426,1.9691,100078191,1.25652740519e+11
2016-07-01,'000905,中证500,6111.5385,6163.4256,6095.85,6133.7178,6123.4939,-11.9554,-0.1952,73814433,96454340220.7
2016-06-30,'000905,中证500,6123.4939,6143.2323,6090.9036,6127.9892,6120.2021,3.2918,0.0538,77299661,1.03442608063e+11
2016-06-29,'000905,中证500,6120.2021,6145.0001,6100.084,6130.576,6107.5105,12.6916,0.2078,93055218,1.21775346891e+11
2016-06-28,'000905,中证500,6107.5105,6111.0708,6012.0512,6018.912,6044.2191,63.2914,1.0471,94952723,1.27682933115e+11
2016-06-27,'000905,中证500,6044.2191,6044.3229,5864.6141,5864.726,5903.6202,140.5989,2.3816,84047907,1.11586009782e+11
2016-06-24,'000905,中证500,5903.6202,6011.3713,5748.8387,5967.5154,5978.1737,-74.5535,-1.2471,98419868,1.25507974957e+11
2016-06-23,'000905,中证500,5978.1737,6015.182,5933.6833,5998.6728,6008.8857,-30.712,-0.5111,77979556,1.03604366492e+11
2016-06-22,'000905,中证500,6008.8857,6009.0569,5895.9138,5901.1504,5916.8032,92.0825,1.5563,72417145,93026461913.5
2016-06-21,'000905,中证500,5916.8032,6053.4091,5888.3583,6023.9225,5985.5691,-68.7659,-1.1489,88140686,1.18730709104e+11
2016-06-20,'000905,中证500,5985.5691,5994.9995,5908.4815,5965.8246,5964.2724,21.2967,0.3571,74530145,1.00491970325e+11
2016-06-17,'000905,中证500,5964.2724,6002.6166,5918.1931,5937.3204,5930.5454,33.727,0.5687,89066841,1.18152309406e+11
2016-06-16,'000905,中证500,5930.5454,5979.1155,5909.6871,5945.4943,5952.846,-22.3006,-0.3746,96031460,1.33397133793e+11
2016-06-15,'000905,中证500,5952.846,5972.8525,5692.8145,5701.3881,5762.7612,190.0848,3.2985,90878605,1.22434527649e+11
2016-06-14,'000905,中证500,5762.7612,5778.8537,5700.5226,5723.9941,5746.4438,16.3174,0.284,62032704,81369911479.6
2016-06-13,'000905,中证500,5746.4438,5992.3346,5745.9998,5943.7334,6023.8776,-277.4338,-4.6056,87139857,1.17810313153e+11
2016-06-08,'000905,中证500,6023.8776,6058.1769,5972.7439,6037.4133,6045.3571,-21.4795,-0.3553,73498163,1.0210551552e+11
2016-06-07,'000905,中证500,6045.3571,6052.0491,6010.3535,6048.3198,6051.8595,-6.5024,-0.1074,69598258,95045442990.1
2016-06-06,'000905,中证500,6051.8595,6067.4652,6008.9257,6051.9476,6032.603,19.2565,0.3192,73552820,1.02119302871e+11
2016-06-03,'000905,中证500,6032.603,6062.1379,5992.3207,6016.9487,6013.8942,18.7088,0.3111,84843514,1.17598513465e+11
2016-06-02,'000905,中证500,6013.8942,6014.6099,5955.3472,5961.7154,5973.7799,40.1143,0.6715,81245308,1.08782016816e+11
2016-06-01,'000905,中证500,5973.7799,6013.9035,5949.6366,5957.1761,5947.3224,26.4575,0.4449,94513987,1.30683567719e+11
2016-05-31,'000905,中证500,5947.3224,5947.4279,5721.8261,5721.8261,5711.3152,236.0072,4.1323,95238072,1.23903097325e+11
2016-05-30,'000905,中证500,5711.3152,5764.7614,5655.6352,5705.9957,5739.5897,-28.2745,-0.4926,48888003,65125799190.0
2016-05-27,'000905,中证500,5739.5897,5780.0682,5712.4793,5728.9033,5744.3876,-4.7979,-0.0835,59984704,80771652279.3
2016-05-26,'000905,中证500,5744.3876,5744.8548,5598.6616,5705.0725,5715.1834,29.2042,0.511,59665727,79416816225.2
2016-05-25,'000905,中证500,5715.1834,5803.9847,5691.6085,5780.266,5743.1782,-27.9948,-0.4874,53302956,74090916117.1
2016-05-24,'000905,中证500,5743.1782,5800.1706,5701.6635,5800.0034,5809.4761,-66.2979,-1.1412,57956416,76372608104.4
2016-05-23,'000905,中证500,5809.4761,5811.6842,5752.0785,5752.1453,5732.9018,76.5743,1.3357,62777792,85829084666.8
2016-05-20,'000905,中证500,5732.9018,5733.2495,5600.492,5619.9362,5666.7331,66.1687,1.1677,55936076,76729349143.9
2016-05-19,'000905,中证500,5666.7331,5729.4001,5628.6462,5628.7267,5631.1927,35.5404,0.6311,56438940,76915663734.6
2016-05-18,'000905,中证500,5631.1927,5743.0332,5563.0572,5743.0332,5790.3416,-159.1489,-2.7485,63704856,79484187005.3
2016-05-17,'000905,中证500,5790.3416,5853.6109,5763.5055,5814.1028,5812.5423,-22.2007,-0.3819,65260138,88432065960.6
2016-05-16,'000905,中证500,5812.5423,5813.0362,5665.2063,5692.6051,5714.3107,98.2316,1.719,57960898,76918597408.3
2016-05-13,'000905,中证500,5714.3107,5779.8921,5677.9415,5708.6277,5726.4555,-12.1448,-0.2121,53076736,70802834354.9
2016-05-12,'000905,中证500,5726.4555,5727.5784,5559.693,5647.0653,5723.4104,3.0451,0.0532,58215814,74358072551.9
2016-05-11,'000905,中证500,5723.4104,5806.4691,5700.0955,5770.3526,5738.8961,-15.4857,-0.2698,58011126,76234410711.7
2016-05-10,'000905,中证500,5738.8961,5766.1568,5697.0927,5728.1084,5743.6473,-4.7512,-0.0827,52657745,66883087274.5
2016-05-09,'000905,中证500,5743.6473,5910.124,5714.1191,5910.124,5961.489,-217.8417,-3.6541,78233381,96969986067.8
2016-05-06,'000905,中证500,5961.489,6226.8759,5961.4591,6208.4401,6203.8166,-242.3276,-3.9061,98056918,1.3080957927e+11
2016-05-05,'000905,中证500,6203.8166,6206.5295,6133.3802,6159.7265,6169.7826,34.034,0.5516,64558967,91831346308.2
2016-05-04,'000905,中证500,6169.7826,6213.1931,6136.3005,6144.5691,6167.4537,2.3289,0.0378,74555740,1.05223343953e+11
2016-05-03,'000905,中证500,6167.4537,6167.7976,5960.9405,5991.8294,5985.594,181.8597,3.0383,75831059,1.03426188795e+11
2016-04-29,'000905,中证500,5985.594,6018.2657,5953.131,5963.9077,5990.3285,-4.7345,-0.079,49704188,66777694275.2
2016-04-28,'000905,中证500,5990.3285,6027.1966,5888.0639,6014.1258,6016.699,-26.3705,-0.4383,60430701,79015956809.3
2016-04-27,'000905,中证500,6016.699,6086.3639,6005.1631,6051.4431,6046.7734,-30.0744,-0.4974,60731581,80741694223.2
2016-04-26,'000905,中证500,6046.7734,6047.0641,5958.4005,5971.8051,5978.0772,68.6962,1.1491,56055305,73373212044.8
2016-04-25,'000905,中证500,5978.0772,5997.2189,5897.7351,5997.2134,6011.3201,-33.2429,-0.553,57034333,73555799591.1
2016-04-22,'000905,中证500,6011.3201,6011.4595,5915.3057,5930.531,5970.682,40.6381,0.6806,62323811,80109649141.1
2016-04-21,'000905,中证500,5970.682,6085.9349,5960.504,6000.3047,6022.2126,-51.5306,-0.8557,84808592,1.06421755467e+11
2016-04-20,'000905,中证500,6022.2126,6344.7813,5923.4332,6331.8699,6308.229,-286.0164,-4.534,117325387,1.5125661954e+11
2016-04-19,'000905,中证500,6308.229,6334.904,6262.6116,6314.5816,6281.2024,27.0266,0.4303,69438667,94250908350.2
2016-04-18,'000905,中证500,6281.2024,6343.7013,6241.9826,6343.7013,6384.3496,-103.1472,-1.6156,80400472,1.06856003924e+11
2016-04-15,'000905,中证500,6384.3496,6414.7939,6345.5538,6403.2525,6401.8545,-17.5049,-0.2734,82798055,1.08425432304e+11
2016-04-14,'000905,中证500,6401.8545,6402.509,6324.4635,6375.4939,6344.2255,57.629,0.9084,99088176,1.26151603482e+11
2016-04-13,'000905,中证500,6344.2255,6421.7271,6292.5692,6292.5692,6252.7729,91.4526,1.4626,132989984,1.68481933211e+11
2016-04-12,'000905,中证500,6252.7729,6316.248,6182.8182,6299.472,6304.3004,-51.5275,-0.8173,87061767,1.18671124388e+11
2016-04-11,'000905,中证500,6304.3004,6334.536,6226.381,6226.381,6168.7419,135.5585,2.1975,102199978,1.3613542429e+11
2016-04-08,'000905,中证500,6168.7419,6199.1468,6087.104,6176.8641,6228.9737,-60.2318,-0.967,88670173,1.1727350609e+11
2016-04-07,'000905,中证500,6228.9737,6355.3277,6228.9737,6344.3677,6323.4342,-94.4605,-1.4938,109927150,1.45352446359e+11
2016-04-06,'000905,中证500,6323.4342,6324.2045,6243.1129,6262.6013,6286.5826,36.8516,0.5862,104674579,1.39410353254e+11
2016-04-05,'000905,中证500,6286.5826,6293.4695,6117.1766,6136.6854,6124.5278,162.0548,2.646,105543049,1.37359798704e+11
2016-04-01,'000905,中证500,6124.5278,6157.7401,6022.9698,6129.7241,6155.8138,-31.286,-0.5082,85219533,1.09236062243e+11
2016-03-31,'000905,中证500,6155.8138,6211.1386,6133.5955,6164.281,6137.5034,18.3104,0.2983,94915722,1.30216390845e+11
2016-03-30,'000905,中证500,6137.5034,6137.7915,5981.4209,5981.4209,5921.8672,215.6362,3.6414,88061292,1.16510738653e+11
2016-03-29,'000905,中证500,5921.8672,6041.3823,5875.0699,6029.9433,6037.7782,-115.911,-1.9198,79003975,99950096209.5
2016-03-28,'000905,中证500,6037.7782,6167.2381,6017.4883,6114.7665,6077.4312,-39.653,-0.6525,93782330,1.24277859799e+11
2016-03-25,'000905,中证500,6077.4312,6081.0923,5996.5377,6006.6685,6018.4242,59.007,0.9804,78231312,1.03214951247e+11
2016-03-24,'000905,中证500,6018.4242,6127.5122,6008.5416,6062.7577,6118.9664,-100.5422,-1.6431,101439743,1.34875739392e+11
2016-03-23,'000905,中证500,6118.9664,6119.3058,6031.2721,6054.2224,6075.4922,43.4742,0.7156,89661324,1.18558592213e+11
2016-03-22,'000905,中证500,6075.4922,6130.2647,6013.0489,6045.8393,6099.4805,-23.9883,-0.3933,107721654,1.39915752245e+11
2016-03-21,'000905,中证500,6099.4805,6100.032,6001.3219,6016.6943,5949.2627,150.2178,2.525,131825514,1.66761329284e+11
2016-03-18,'000905,中证500,5949.2627,5967.4592,5768.9081,5774.3034,5745.975,203.2877,3.5379,125160341,1.57756130598e+11
2016-03-17,'000905,中证500,5745.975,5759.5403,5579.725,5589.2203,5562.8037,183.1713,3.2928,84575758,1.06177927914e+11
2016-03-16,'000905,中证500,5562.8037,5689.281,5531.3341,5662.4386,5639.8012,-76.9975,-1.3653,57487332,69542980638.9
2016-03-15,'000905,中证500,5639.8012,5701.5681,5608.9982,5672.7536,5690.5904,-50.7892,-0.8925,66268900,82607046675.0
2016-03-14,'000905,中证500,5690.5904,5748.3333,5568.464,5568.464,5508.9818,181.6086,3.2966,79997418,95153496604.1
2016-03-11,'000905,中证500,5508.9818,5545.3432,5433.3223,5460.5423,5521.948,-12.9662,-0.2348,49800022,55449986936.4
2016-03-10,'000905,中证500,5521.948,5657.2629,5517.0161,5617.4152,5617.0376,-95.0896,-1.6929,59559411,67298081386.6
2016-03-09,'000905,中证500,5617.0376,5709.5166,5583.0666,5627.1384,5764.3253,-147.2877,-2.5552,72615323,80804882923.7
2016-03-08,'000905,中证500,5764.3253,5764.3253,5538.1512,5751.3875,5752.5482,11.7771,0.2047,98149656,1.06368707875e+11
2016-03-07,'000905,中证500,5752.5482,5788.4718,5681.8474,5686.6863,5621.5614,130.9868,2.3301,87170581,94467279705.3
2016-03-04,'000905,中证500,5621.5614,5805.4085,5542.9828,5755.1192,5776.977,-155.4156,-2.6903,108829948,1.17455003081e+11
2016-03-03,'000905,中证500,5776.977,5872.9242,5745.6227,5757.3608,5753.1482,23.8288,0.4142,128527360,1.36298622526e+11
2016-03-02,'000905,中证500,5753.1482,5763.7994,5462.7415,5464.7331,5473.6349,279.5133,5.1065,110671952,1.17963208755e+11
2016-03-01,'000905,中证500,5473.6349,5504.7514,5294.5438,5361.7919,5350.4337,123.2012,2.3026,80803571,87222593762.6
2016-02-29,'000905,中证500,5350.4337,5618.5094,5286.3446,5618.5094,5648.9376,-298.5039,-5.2842,86703153,93375908217.6
2016-02-26,'000905,中证500,5648.9376,5701.0506,5517.6299,5668.329,5626.0522,22.8854,0.4068,79857895,91756326916.9
2016-02-25,'000905,中证500,5626.0522,6097.5442,5604.1035,6097.4199,6111.0427,-484.9905,-7.9363,110668653,1.29597084427e+11
2016-02-24,'000905,中证500,6111.0427,6116.2549,5975.1403,6041.7529,6070.4998,40.5429,0.6679,89819579,1.11114133801e+11
2016-02-23,'000905,中证500,6070.4998,6118.6447,5982.211,6102.5122,6103.7225,-33.2227,-0.5443,87874876,1.06556791415e+11
2016-02-22,'000905,中证500,6103.7225,6111.6899,6029.4589,6055.6751,5979.5164,124.2061,2.0772,94320520,1.10801609577e+11
2016-02-19,'000905,中证500,5979.5164,6009.724,5919.6832,5939.6973,5957.1305,22.3859,0.3758,70380499,86849115988.6
2016-02-18,'000905,中证500,5957.1305,6034.8519,5945.204,6009.7485,5971.4123,-14.2818,-0.2392,93714798,1.10109734502e+11
2016-02-17,'000905,中证500,5971.4123,5979.4073,5854.2197,5889.5021,5902.5341,68.8782,1.1669,90582520,1.07857008107e+11
2016-02-16,'000905,中证500,5902.5341,5918.5932,5694.7487,5694.7487,5668.0398,234.4943,4.1371,82877143,98534904806.9
2016-02-15,'000905,中证500,5668.0398,5700.5221,5482.7957,5485.723,5664.1971,3.8427,0.0678,53631253,63351303195.7
2016-02-05,'000905,中证500,5664.1971,5747.9794,5662.4365,5734.4807,5721.4853,-57.2882,-1.0013,56075545,65321968978.5
2016-02-04,'000905,中证500,5721.4853,5744.0236,5631.3198,5631.3198,5610.1734,111.3119,1.9841,71083982,83226216373.4
2016-02-03,'000905,中证500,5610.1734,5634.9198,5482.2247,5520.6415,5586.6266,23.5468,0.4215,63280726,70624920617.2
2016-02-02,'000905,中证500,5586.6266,5594.3607,5407.6681,5407.7068,5399.4771,187.1495,3.4661,66571962,75674180029.0
2016-02-01,'000905,中证500,5399.4771,5493.9818,5319.7007,5458.6048,5469.1254,-69.6483,-1.2735,64716114,70863332934.5
2016-01-29,'000905,中证500,5469.1254,5515.4864,5248.215,5262.4596,5271.2325,197.8929,3.7542,72359091,78303710590.9
2016-01-28,'000905,中证500,5271.2325,5511.3206,5257.0812,5441.7378,5514.1886,-242.9561,-4.406,67338076,73152739267.2
2016-01-27,'000905,中证500,5514.1886,5628.1856,5240.6457,5604.1667,5589.3069,-75.1183,-1.344,87924118,95354931801.4
2016-01-26,'000905,中证500,5589.3069,5982.4993,5573.8266,5966.7049,6041.3261,-452.0192,-7.4821,85443917,98104095983.1
2016-01-25,'000905,中证500,6041.3261,6093.2693,5976.3363,6034.0844,5980.6111,60.715,1.0152,65308514,78677683156.3
2016-01-22,'000905,中证500,5980.6111,6013.9706,5799.7117,5954.3643,5886.8835,93.7276,1.5921,69830709,84429369083.6
2016-01-21,'000905,中证500,5886.8835,6191.3173,5886.8835,6031.1695,6138.5031,-251.6196,-4.099,81882765,1.00555303501e+11
2016-01-20,'000905,中证500,6138.5031,6244.9612,6095.7216,6161.2319,6197.0947,-58.5916,-0.9455,91947518,1.13394506635e+11
2016-01-19,'000905,中证500,6197.0947,6203.3998,5956.2253,5965.3551,5978.9076,218.1871,3.6493,87981015,1.06185500293e+11
2016-01-18,'000905,中证500,5978.9076,6051.1817,5765.1458,5768.7577,5893.682,85.2256,1.4461,72469789,86980313690.3
2016-01-15,'000905,中证500,5893.682,6135.271,5852.241,6078.615,6124.82,-231.138,-3.7738,88630539,1.02277307351e+11
2016-01-14,'000905,中证500,6124.82,6137.507,5726.883,5734.608,5924.044,200.776,3.3892,92251446,1.04255125841e+11
2016-01-13,'000905,中证500,5924.044,6226.541,5924.044,6168.987,6136.663,-212.619,-3.4647,86123402,98456702875.0
2016-01-12,'000905,中证500,6136.663,6205.591,5994.636,6126.67,6128.656,8.007,0.1306,91905220,1.05727199662e+11
2016-01-11,'000905,中证500,6128.656,6529.879,6128.223,6435.894,6570.432,-441.776,-6.7237,115600736,1.33119641104e+11
2016-01-08,'000905,中证500,6570.432,6689.141,6222.593,6618.081,6462.243,108.189,1.6742,111129605,1.38934000171e+11
2016-01-07,'000905,中证500,6462.243,6937.416,6454.973,6937.416,7065.607,-603.364,-8.5395,28426742,34781544777.0
2016-01-06,'000905,中证500,7065.607,7066.085,6878.654,6916.532,6889.741,175.866,2.5526,100930427,1.36351475197e+11
2016-01-05,'000905,中证500,6889.741,7020.541,6627.642,6663.726,6983.404,-93.663,-1.3412,113428225,1.56717298586e+11
2016-01-04,'000905,中证500,6983.404,7624.101,6983.285,7615.514,7617.689,-634.285,-8.3265,78014999,1.15089029548e+11
2015-12-31,'000905,中证500,7617.689,7763.296,7617.385,7745.638,7741.047,-123.358,-1.5936,79781523,1.32286915826e+11
2015-12-30,'000905,中证500,7741.047,7747.351,7664.281,7693.022,7674.388,66.659,0.8686,85533232,1.39407264187e+11
2015-12-29,'000905,中证500,7674.388,7675.308,7545.352,7591.714,7603.361,71.027,0.9342,77292530,1.20873940017e+11
2015-12-28,'000905,中证500,7603.361,7837.63,7603.361,7815.382,7792.124,-188.763,-2.4225,109813515,1.70493740379e+11
2015-12-25,'000905,中证500,7792.124,7805.053,7738.867,7759.837,7753.037,39.087,0.5042,81253520,1.28807084414e+11
2015-12-24,'000905,中证500,7753.037,7778.936,7635.784,7760.378,7773.283,-20.246,-0.2605,91509341,1.41331213219e+11
2015-12-23,'000905,中证500,7773.283,7881.295,7756.328,7859.132,7856.608,-83.325,-1.0606,118166309,1.86904470878e+11
2015-12-22,'000905,中证500,7856.608,7856.948,7752.697,7810.996,7788.564,68.044,0.8736,111592508,1.75826885093e+11
2015-12-21,'000905,中证500,7788.564,7798.085,7692.096,7698.443,7699.37,89.194,1.1585,115015003,1.80730410255e+11
2015-12-18,'000905,中证500,7699.37,7746.512,7650.556,7708.335,7716.246,-16.876,-0.2187,114416909,1.83995263802e+11
2015-12-17,'000905,中证500,7716.246,7716.476,7570.67,7570.67,7529.403,186.843,2.4815,130054765,1.99820574463e+11
2015-12-16,'000905,中证500,7529.403,7574.649,7503.086,7522.729,7498.181,31.222,0.4164,85351169,1.38082610031e+11
2015-12-15,'000905,中证500,7498.181,7534.224,7447.108,7448.714,7441.03,57.151,0.7681,86021490,1.34207824297e+11
2015-12-14,'000905,中证500,7441.03,7441.763,7210.41,7224.809,7290.702,150.328,2.0619,79957288,1.19228862265e+11
2015-12-11,'000905,中证500,7290.702,7347.36,7253.842,7320.158,7350.21,-59.508,-0.8096,72132287,1.11880425976e+11
2015-12-10,'000905,中证500,7350.21,7437.706,7332.98,7374.355,7374.274,-24.064,-0.3263,78990424,1.29506622913e+11
2015-12-09,'000905,中证500,7374.274,7431.04,7322.867,7369.108,7404.142,-29.868,-0.4034,83299991,1.3230127163e+11
2015-12-08,'000905,中证500,7404.142,7555.463,7398.558,7555.463,7602.228,-198.086,-2.6056,94938823,1.47230040604e+11
2015-12-07,'000905,中证500,7602.228,7602.77,7476.191,7526.223,7511.675,90.553,1.2055,92881296,1.46830353646e+11
2015-12-04,'000905,中证500,7511.675,7600.343,7464.277,7533.612,7570.508,-58.833,-0.7771,101362535,1.54876247992e+11
2015-12-03,'000905,中证500,7570.508,7571.446,7412.655,7413.218,7405.86,164.648,2.2232,95329412,1.42963965925e+11
2015-12-02,'000905,中证500,7405.86,7444.222,7201.659,7423.498,7443.945,-38.085,-0.5116,102647475,1.49757640119e+11
2015-12-01,'000905,中证500,7443.945,7519.937,7358.365,7403.942,7408.399,35.546,0.4798,113008679,1.73439123367e+11
2015-11-30,'000905,中证500,7408.399,7467.467,7035.547,7388.28,7376.124,32.275,0.4376,129234023,1.96799522008e+11
2015-11-27,'000905,中证500,7376.124,7852.0,7317.645,7839.312,7874.08,-497.956,-6.324,152970489,2.3434060209e+11
2015-11-26,'000905,中证500,7874.08,7974.735,7859.633,7962.169,7922.384,-48.304,-0.6097,140404615,2.29452321502e+11
2015-11-25,'000905,中证500,7922.384,7925.536,7795.164,7803.29,7798.498,123.886,1.5886,124435501,2.06535891531e+11
2015-11-24,'000905,中证500,7798.498,7799.011,7635.781,7739.09,7744.182,54.316,0.7014,110258558,1.68541291743e+11
2015-11-23,'000905,中证500,7744.182,7876.482,7710.054,7816.849,7806.266,-62.084,-0.7953,142383454,2.27603819179e+11
2015-11-20,'000905,中证500,7806.266,7844.061,7720.164,7741.677,7718.622,87.644,1.1355,146076178,2.34536702467e+11
2015-11-19,'000905,中证500,7718.622,7719.521,7538.281,7552.996,7526.942,191.68,2.5466,110520025,1.75807200465e+11
2015-11-18,'000905,中证500,7526.942,7699.609,7504.989,7655.327,7650.381,-123.439,-1.6135,125690006,1.91824420464e+11
2015-11-17,'000905,中证500,7650.381,7820.024,7635.924,7787.075,7718.855,-68.474,-0.8871,162750882,2.58976592754e+11
2015-11-16,'000905,中证500,7718.855,7719.703,7431.74,7438.405,7567.108,151.747,2.0053,116919959,1.87602744777e+11
2015-11-13,'000905,中证500,7567.108,7665.138,7478.413,7601.146,7682.452,-115.344,-1.5014,147559261,2.31879005774e+11
2015-11-12,'000905,中证500,7682.452,7739.654,7579.672,7712.636,7684.666,-2.214,-0.0288,162280293,2.54056873107e+11
2015-11-11,'000905,中证500,7684.666,7686.302,7556.372,7589.664,7575.008,109.658,1.4476,152086170,2.27282275299e+11
2015-11-10,'000905,中证500,7575.008,7633.007,7486.847,7517.408,7543.801,31.207,0.4137,165737542,2.51903189663e+11
2015-11-09,'000905,中证500,7543.801,7593.168,7350.861,7415.757,7446.847,96.954,1.3019,177520097,2.6931395054e+11
2015-11-06,'000905,中证500,7446.847,7456.236,7284.706,7284.867,7276.451,170.396,2.3417,152693272,2.25629351098e+11
2015-11-05,'000905,中证500,7276.451,7364.511,7225.645,7277.096,7267.988,8.463,0.1164,185191773,2.68748054009e+11
2015-11-04,'000905,中证500,7267.988,7268.399,6953.867,6953.867,6920.103,347.885,5.0272,139208397,2.03475230211e+11
2015-11-03,'000905,中证500,6920.103,6998.051,6860.439,6956.893,6936.432,-16.329,-0.2354,89105339,1.31475724728e+11
2015-11-02,'000905,中证500,6936.432,7137.052,6914.147,6936.369,7084.971,-148.539,-2.0965,107204323,1.57872557428e+11
2015-10-30,'000905,中证500,7084.971,7185.525,6984.501,7088.806,7108.975,-24.004,-0.3377,110069552,1.64366270109e+11
2015-10-29,'000905,中证500,7108.975,7185.207,7011.863,7097.188,7048.895,60.08,0.8523,110741269,1.62166873668e+11
2015-10-28,'000905,中证500,7048.895,7270.789,7019.609,7179.988,7231.436,-182.541,-2.5243,132724220,1.9411870108e+11
2015-10-27,'000905,中证500,7231.436,7266.777,6900.438,7123.083,7186.755,44.681,0.6217,147441282,2.10782331638e+11
2015-10-26,'000905,中证500,7186.755,7233.357,7088.568,7223.155,7138.234,48.521,0.6797,163304715,2.36116326943e+11
2015-10-23,'000905,中证500,7138.234,7169.369,6988.551,7015.623,6964.298,173.936,2.4975,158898962,2.31325502051e+11
2015-10-22,'000905,中证500,6964.298,6970.676,6700.619,6708.214,6712.739,251.559,3.7475,135470900,1.84022576283e+11
2015-10-21,'000905,中证500,6712.739,7186.542,6689.268,7159.132,7162.075,-449.336,-6.2738,178169181,2.38182075863e+11
2015-10-20,'000905,中证500,7162.075,7163.261,6996.564,7033.205,7047.372,114.703,1.6276,138062791,1.91314747784e+11
2015-10-19,'000905,中证500,7047.372,7113.663,6951.799,7072.359,7047.56,-0.188,-0.0027,156007932,2.13219886109e+11
2015-10-16,'000905,中证500,7047.56,7052.141,6883.199,6979.677,6929.237,118.323,1.7076,164509969,2.14655812656e+11
2015-10-15,'000905,中证500,6929.237,6929.476,6694.067,6694.067,6724.496,204.741,3.0447,131795067,1.76735004063e+11
2015-10-14,'000905,中证500,6724.496,6842.874,6709.345,6772.458,6802.077,-77.581,-1.1405,125882450,1.62532619309e+11
2015-10-13,'000905,中证500,6802.077,6816.776,6650.615,6672.661,6718.722,83.355,1.2406,132977522,1.67008508624e+11
2015-10-12,'000905,中证500,6718.722,6788.399,6501.759,6505.912,6470.051,248.671,3.8434,153619877,1.94872549236e+11
2015-10-09,'000905,中证500,6470.051,6495.293,6353.042,6369.752,6372.492,97.559,1.5309,99711665,1.2266645334e+11
2015-10-08,'000905,中证500,6372.492,6409.741,6281.531,6322.535,6123.727,248.765,4.0623,94907319,1.17653246783e+11
2015-09-30,'000905,中证500,6123.727,6165.746,6066.834,6139.14,6103.606,20.121,0.3297,56497671,69580036129.0
2015-09-29,'000905,中证500,6103.606,6183.827,6065.854,6114.48,6219.692,-116.086,-1.8664,68579494,81630154383.0
2015-09-28,'000905,中证500,6219.692,6221.01,6020.457,6118.226,6108.376,111.316,1.8224,67737158,81183133597.0
2015-09-25,'000905,中证500,6108.376,6336.429,6064.723,6294.202,6315.11,-206.734,-3.2736,98942032,1.15277170384e+11
2015-09-24,'000905,中证500,6315.11,6324.314,6227.39,6250.088,6224.601,90.509,1.4541,93290191,1.11994625943e+11
2015-09-23,'000905,中证500,6224.601,6302.644,6162.972,6192.326,6295.926,-71.325,-1.1329,101247325,1.21883142432e+11
2015-09-22,'000905,中证500,6295.926,6362.048,6215.572,6264.057,6250.439,45.487,0.7277,118689625,1.42488548295e+11
2015-09-21,'000905,中证500,6250.439,6251.618,5943.59,5966.294,6036.881,213.558,3.5376,105433930,1.23113395119e+11
2015-09-18,'000905,中证500,6036.881,6073.55,5934.096,6007.459,5965.409,71.472,1.1981,83652110,94611596751.0
2015-09-17,'000905,中证500,5965.409,6242.248,5965.409,6057.868,6084.837,-119.428,-1.9627,127835729,1.45294763247e+11
2015-09-16,'000905,中证500,6084.837,6107.371,5704.122,5722.531,5708.03,376.807,6.6013,104952922,1.1335009487e+11
2015-09-15,'000905,中证500,5708.03,5996.217,5689.971,5886.268,6049.79,-341.76,-5.6491,93427426,97459797317.0
2015-09-14,'000905,中证500,6049.79,6554.384,6018.444,6535.263,6493.319,-443.529,-6.8305,119113665,1.38102009146e+11
2015-09-11,'000905,中证500,6493.319,6523.19,6385.309,6423.521,6440.309,53.01,0.8231,92572028,1.13349226594e+11
2015-09-10,'000905,中证500,6440.309,6565.162,6407.119,6434.531,6551.007,-110.698,-1.6898,106415179,1.29231793296e+11
2015-09-09,'000905,中证500,6551.007,6609.943,6380.25,6408.671,6374.855,176.152,2.7632,150097826,1.85118480389e+11
2015-09-08,'000905,中证500,6374.855,6387.361,6014.568,6096.014,6143.557,231.298,3.7649,85509837,99580930223.0
2015-09-07,'000905,中证500,6143.557,6379.198,6094.49,6187.69,6122.553,21.004,0.3431,102447070,1.23125437096e+11
2015-09-02,'000905,中证500,6122.553,6314.29,5866.664,5878.207,6169.207,-46.654,-0.7562,115032723,1.30640199083e+11
2015-09-01,'000905,中证500,6169.207,6507.875,6161.032,6507.875,6581.313,-412.106,-6.2618,98667929,1.12818462238e+11
2015-08-31,'000905,中证500,6581.313,6791.419,6578.354,6791.419,6842.894,-261.581,-3.8227,116258551,1.48296837948e+11
2015-08-28,'000905,中证500,6842.894,6844.451,6512.697,6554.755,6456.055,386.839,5.9919,142758516,1.78364904066e+11
2015-08-27,'000905,中证500,6456.055,6457.864,6099.167,6344.955,6238.526,217.529,3.4869,124932338,1.48108251802e+11
2015-08-26,'000905,中证500,6238.526,6687.527,6165.107,6470.002,6481.412,-242.886,-3.7474,149197209,1.78116573174e+11
2015-08-25,'000905,中证500,6481.412,6666.81,6467.814,6496.107,7006.189,-524.777,-7.4902,104162291,1.27802811339e+11
2015-08-24,'000905,中证500,7006.189,7292.771,7003.655,7255.295,7612.902,-606.713,-7.9695,92192223,1.23506310398e+11
2015-08-21,'000905,中证500,7612.902,8006.293,7583.704,7884.305,8049.512,-436.61,-5.4241,134561093,1.93789999182e+11
2015-08-20,'000905,中证500,8049.512,8376.665,8049.512,8255.931,8340.983,-291.471,-3.4944,138314467,2.15501673923e+11
2015-08-19,'000905,中证500,8340.983,8404.941,7667.319,7865.635,8161.269,179.714,2.202,162622250,2.47735547201e+11
2015-08-18,'000905,中证500,8161.269,8858.33,8140.91,8842.162,8820.457,-659.188,-7.4734,184395700,2.95325451887e+11
2015-08-17,'000905,中证500,8820.457,8820.983,8582.829,8613.286,8625.242,195.215,2.2633,162013281,2.64346701634e+11
2015-08-14,'000905,中证500,8625.242,8717.069,8548.337,8599.774,8534.429,90.813,1.0641,160713073,2.62365904873e+11
2015-08-13,'000905,中证500,8534.429,8535.368,8237.892,8287.771,8336.337,198.092,2.3762,133650284,2.16706928139e+11
2015-08-12,'000905,中证500,8336.337,8490.27,8320.054,8342.606,8435.327,-98.99,-1.1735,132680646,2.17931592252e+11
2015-08-11,'000905,中证500,8435.327,8551.529,8356.523,8402.319,8394.086,41.241,0.4913,162434825,2.63074578261e+11
2015-08-10,'000905,中证500,8394.086,8437.915,8079.877,8106.12,8013.319,380.767,4.7517,145317370,2.30799530818e+11
2015-08-07,'000905,中证500,8013.319,8015.366,7855.684,7874.416,7792.028,221.291,2.84,109469663,1.70596071393e+11
2015-08-06,'000905,中证500,7792.028,7891.564,7633.289,7660.583,7839.338,-47.31,-0.6035,90058280,1.37351466599e+11
2015-08-05,'000905,中证500,7839.338,8047.696,7773.924,7933.317,7942.095,-102.757,-1.2938,119999767,1.86153219755e+11
2015-08-04,'000905,中证500,7942.095,7942.268,7532.829,7548.029,7540.205,401.89,5.33,117180320,1.75497238377e+11
2015-08-03,'000905,中证500,7540.205,7658.173,7370.043,7605.895,7727.061,-186.856,-2.4182,112364589,1.65121586439e+11
2015-07-31,'000905,中证500,7727.061,7876.645,7634.538,7692.478,7800.58,-73.519,-0.9425,107834136,1.69763023826e+11
2015-07-30,'000905,中证500,7800.58,8174.701,7766.462,7979.569,8022.796,-222.216,-2.7698,141928700,2.28327429649e+11
2015-07-29,'000905,中证500,8022.796,8024.577,7472.633,7765.949,7649.82,372.976,4.8756,132745245,2.07022688446e+11
2015-07-28,'000905,中证500,7649.82,7893.938,7261.607,7514.148,7794.181,-144.361,-1.8522,180294330,2.65548850716e+11
2015-07-27,'000905,中证500,7794.181,8493.348,7791.6,8240.678,8425.074,-630.893,-7.4883,171740043,2.77807584726e+11
2015-07-24,'000905,中证500,8425.074,8706.252,8348.418,8580.647,8551.991,-126.917,-1.4841,196947875,3.19783661632e+11
2015-07-23,'000905,中证500,8551.991,8585.801,8288.842,8330.47,8320.236,231.755,2.7854,177494966,2.73744551495e+11
2015-07-22,'000905,中证500,8320.236,8354.385,8075.595,8207.173,8220.463,99.773,1.2137,161165847,2.50461708056e+11
2015-07-21,'000905,中证500,8220.463,8291.927,7937.629,8011.904,8116.496,103.967,1.2809,143097593,2.22962314892e+11
2015-07-20,'000905,中证500,8116.496,8250.398,7931.651,8025.104,7994.697,121.799,1.5235,162131840,2.52542559295e+11
2015-07-17,'000905,中证500,7994.697,8050.728,7620.162,7629.782,7578.759,415.938,5.4882,139377370,2.08394145742e+11
2015-07-16,'000905,中证500,7578.759,7729.697,7078.71,7342.831,7405.295,173.464,2.3424,142013079,2.00520466124e+11
2015-07-15,'000905,中证500,7405.295,7837.844,7391.96,7836.084,7859.057,-453.762,-5.7737,164267658,2.31734125045e+11
2015-07-14,'000905,中证500,7859.057,8076.191,7772.393,7853.997,7695.635,163.422,2.1236,167383703,2.49877916438e+11
2015-07-13,'000905,中证500,7695.635,7695.669,7502.551,7563.38,7244.784,450.851,6.2231,124577679,1.74731605977e+11
2015-07-10,'000905,中证500,7244.784,7245.328,7081.354,7101.818,6896.352,348.432,5.0524,72141194,92427698864.0
2015-07-09,'000905,中证500,6896.352,6896.493,6525.121,6525.121,6602.374,293.978,4.4526,95815747,1.13774457717e+11
2015-07-08,'000905,中证500,6602.374,6702.279,6444.248,6444.667,6763.526,-161.152,-2.3827,275340759,3.06332690164e+11
2015-07-07,'000905,中证500,6763.526,7030.978,6763.118,6977.548,7235.999,-472.473,-6.5295,114115961,1.30756874731e+11
2015-07-06,'000905,中证500,7235.999,7842.429,6883.614,7842.429,7355.491,-119.492,-1.6245,230754385,2.95173221184e+11
2015-07-03,'000905,中证500,7355.491,7930.146,7249.309,7530.265,7835.104,-479.613,-6.1213,156105993,2.11908122079e+11
2015-07-02,'000905,中证500,7835.104,8433.524,7787.099,8369.492,8411.91,-576.806,-6.857,156973835,2.36427497483e+11
2015-07-01,'000905,中证500,8411.91,9103.093,8385.433,8808.514,8906.02,-494.11,-5.548,171297426,2.87642385805e+11
2015-06-30,'000905,中证500,8906.02,8912.397,7882.329,8302.181,8484.643,421.377,4.9663,195568535,3.06723439347e+11
2015-06-29,'000905,中证500,8484.643,9281.172,8339.33,9267.028,9078.065,-593.422,-6.5369,181652778,2.91293816729e+11
2015-06-26,'000905,中证500,9078.065,9603.127,9059.358,9571.555,9906.104,-828.039,-8.3589,145076586,2.47206315502e+11
2015-06-25,'000905,中证500,9906.104,10343.05,9771.89,10298.56,10267.63,-361.526,-3.521,164073383,3.14829259196e+11
2015-06-24,'000905,中证500,10267.63,10271.23,9950.618,10136.25,10046.88,220.75,2.1972,158209439,3.00642771685e+11
2015-06-23,'000905,中证500,10046.88,10074.83,9333.91,9951.782,9987.407,59.473,0.5955,141045839,2.55196431887e+11
2015-06-19,'000905,中证500,9987.407,10601.04,9968.992,10475.92,10731.38,-743.973,-6.9327,137848611,2.60339529543e+11
2015-06-18,'000905,中证500,10731.38,11178.32,10714.33,11093.3,11100.55,-369.17,-3.3257,154351939,3.07393311194e+11
2015-06-17,'000905,中证500,11100.55,11133.11,10497.69,10865.39,10879.84,220.71,2.0286,160039587,3.21536145071e+11
2015-06-16,'000905,中证500,10879.84,11205.75,10768.62,11205.75,11332.89,-453.05,-3.9977,179503841,3.62990370958e+11
2015-06-15,'000905,中证500,11332.89,11616.35,11304.04,11589.95,11545.89,-213.0,-1.8448,205877379,4.25890897184e+11
2015-06-12,'000905,中证500,11545.89,11616.38,11400.65,11424.33,11366.29,179.6,1.5801,210655587,4.25433231496e+11
2015-06-11,'000905,中证500,11366.29,11367.63,11155.95,11220.07,11208.06,158.23,1.4118,190367981,3.8179854381e+11
2015-06-10,'000905,中证500,11208.06,11319.9,10830.33,10947.49,11013.74,194.32,1.7643,184590364,3.75121156378e+11
2015-06-09,'000905,中证500,11013.7365,11089.2015,10861.5772,11009.8817,11030.92,-17.1835,-0.1558,185184469,3.65243116871e+11
2015-06-08,'000905,中证500,11030.92,11157.18,10860.39,11157.18,11144.52,-113.6,-1.0193,235630581,4.57818555545e+11
2015-06-05,'000905,中证500,11144.52,11236.15,10887.17,11117.36,10965.41,179.11,1.6334,248874600,4.84267027835e+11
2015-06-04,'000905,中证500,10965.41,11023.34,10269.04,10986.42,10979.99,-14.58,-0.1328,211460189,4.16105854537e+11
2015-06-03,'000905,中证500,10979.99,11055.21,10674.07,10973.96,10886.4,93.59,0.8597,209059570,4.22516264097e+11
2015-06-02,'000905,中证500,10886.4,10887.88,10541.28,10592.75,10488.31,398.09,3.7956,213234225,4.13213449136e+11
2015-06-01,'000905,中证500,10488.31,10488.89,10067.53,10067.53,9966.845,521.465,5.232,186016136,3.52129991083e+11
2015-05-29,'000905,中证500,9966.845,10140.1,9433.088,9846.389,9868.424,98.421,0.9973,198772638,3.65693602561e+11
2015-05-28,'000905,中证500,9868.424,10637.91,9860.554,10501.36,10497.34,-628.916,-5.9912,258094075,4.84525592023e+11
2015-05-27,'000905,中证500,10497.34,10539.75,10192.18,10421.3,10373.58,123.76,1.193,232612180,4.48444546291e+11
2015-05-26,'000905,中证500,10373.58,10373.84,10046.24,10117.73,10040.09,333.49,3.3216,238514276,4.54167426028e+11
2015-05-25,'000905,中证500,10040.09,10040.71,9659.316,9717.511,9778.171,261.919,2.6786,228463954,4.15725085212e+11
2015-05-22,'000905,中证500,9778.171,9821.811,9547.422,9756.529,9619.223,158.948,1.6524,222507872,4.08872004093e+11
2015-05-21,'000905,中证500,9619.223,9620.095,9320.23,9320.842,9277.331,341.892,3.6852,187177992,3.39920131722e+11
2015-05-20,'000905,中证500,9277.331,9429.22,9173.403,9176.026,9124.833,152.498,1.6712,190955967,3.41437208676e+11
2015-05-19,'000905,中证500,9124.833,9125.515,8904.189,8927.387,8903.595,221.238,2.4848,151754592,2.70857991882e+11
2015-05-18,'000905,中证500,8903.595,8929.944,8698.898,8725.41,8742.885,160.71,1.8382,140445390,2.55350811844e+11
2015-05-15,'000905,中证500,8742.885,8828.115,8626.229,8790.006,8813.393,-70.508,-0.8,143713577,2.56824534229e+11
2015-05-14,'000905,中证500,8813.393,8878.47,8725.297,8829.827,8824.929,-11.536,-0.1307,149017853,2.7216750694e+11
2015-05-13,'000905,中证500,8824.929,8909.575,8643.43,8719.584,8745.678,79.251,0.9062,174986441,3.17305028687e+11
2015-05-12,'000905,中证500,8745.678,8746.21,8564.663,8595.08,8558.218,187.46,2.1904,165849063,3.01031750446e+11
2015-05-11,'000905,中证500,8558.218,8558.801,8242.098,8292.625,8201.293,356.925,4.3521,148572310,2.68455218775e+11
2015-05-08,'000905,中证500,8201.293,8201.804,7983.826,7989.339,7903.478,297.815,3.7682,118887574,2.0315365322e+11
2015-05-07,'000905,中证500,7903.478,8076.23,7886.362,8043.008,8082.999,-179.521,-2.221,112570941,1.79222925143e+11
2015-05-06,'000905,中证500,8082.999,8359.296,8012.483,8220.597,8199.344,-116.345,-1.419,129313935,2.19298265969e+11
2015-05-05,'000905,中证500,8199.344,8501.119,8160.656,8501.119,8510.481,-311.137,-3.6559,144224275,2.37914882236e+11
2015-05-04,'000905,中证500,8510.481,8532.654,8381.373,8493.963,8469.673,40.808,0.4818,136204601,2.35268989084e+11
2015-04-30,'000905,中证500,8469.673,8551.465,8458.601,8460.394,8428.254,41.419,0.4914,146653891,2.52898934988e+11
2015-04-29,'000905,中证500,8428.254,8449.701,8204.73,8248.315,8266.483,161.771,1.957,145074727,2.48413782288e+11
2015-04-28,'000905,中证500,8266.483,8543.33,8187.155,8533.673,8513.016,-246.533,-2.896,184257625,3.03637308443e+11
2015-04-27,'000905,中证500,8513.016,8576.483,8413.234,8503.57,8419.095,93.921,1.1156,185685531,3.07313974984e+11
2015-04-24,'000905,中证500,8419.095,8453.341,8256.2,8321.328,8410.703,8.392,0.0998,183527676,3.04027512457e+11
2015-04-23,'000905,中证500,8410.703,8447.925,8275.126,8371.85,8323.427,87.276,1.0486,197994963,3.22874340203e+11
2015-04-22,'000905,中证500,8323.427,8333.821,8179.302,8180.116,8112.687,210.74,2.5977,199156922,3.18652486694e+11
2015-04-21,'000905,中证500,8112.687,8113.021,7846.614,7852.515,7839.901,272.786,3.4795,169810409,2.72448488963e+11
2015-04-20,'000905,中证500,7839.901,8051.47,7801.029,7967.033,7980.76,-140.859,-1.765,214596065,3.3034902479e+11
2015-04-17,'000905,中证500,7980.76,8032.075,7925.743,7979.354,7912.088,68.672,0.8679,191109824,2.99254996476e+11
2015-04-16,'000905,中证500,7912.088,7976.121,7607.4,7705.464,7802.747,109.341,1.4013,143246059,2.30085191149e+11
2015-04-15,'000905,中证500,7802.747,8093.134,7786.93,8093.134,8119.959,-317.212,-3.9066,167211024,2.66483492173e+11
2015-04-14,'000905,中证500,8119.959,8192.238,8039.951,8129.728,8122.893,-2.934,-0.0361,183190497,2.98146028076e+11
2015-04-13,'000905,中证500,8122.893,8143.382,7977.0,7994.253,7952.189,170.704,2.1466,178484987,2.97003782885e+11
2015-04-10,'000905,中证500,7952.189,7971.622,7683.8,7727.007,7746.151,206.038,2.6599,161502966,2.59672639084e+11
2015-04-09,'000905,中证500,7746.151,7818.2,7483.278,7818.2,7807.997,-61.846,-0.7921,182754749,2.91842959033e+11
2015-04-08,'000905,中证500,7807.997,7920.983,7674.066,7908.77,7863.284,-55.287,-0.7031,189495727,3.07712107371e+11
2015-04-07,'000905,中证500,7863.284,7863.595,7728.8,7728.91,7679.01,184.274,2.3997,180904835,2.86054839446e+11
2015-04-03,'000905,中证500,7679.01,7682.723,7494.362,7532.148,7560.648,118.362,1.5655,170123561,2.64305090175e+11
2015-04-02,'000905,中证500,7560.648,7561.201,7447.119,7463.907,7425.733,134.915,1.8169,167650949,2.60629000508e+11
2015-04-01,'000905,中证500,7425.733,7430.945,7258.738,7258.831,7253.104,172.629,2.3801,154918806,2.37481252005e+11
2015-03-31,'000905,中证500,7253.104,7328.851,7214.481,7280.15,7245.497,7.607,0.105,169906003,2.53293317311e+11
2015-03-30,'000905,中证500,7245.497,7259.541,7180.063,7180.063,7155.945,89.552,1.2514,163219546,2.38312214579e+11
2015-03-27,'000905,中证500,7155.945,7167.37,7060.432,7076.488,7074.437,81.508,1.1521,126460982,1.89864130776e+11
2015-03-26,'000905,中证500,7074.437,7171.621,6995.645,7104.036,7124.872,-50.435,-0.7079,163926380,2.46538405492e+11
2015-03-25,'000905,中证500,7124.872,7170.826,7001.514,7051.821,7046.123,78.749,1.1176,169575448,2.55698438889e+11
2015-03-24,'000905,中证500,7046.123,7055.1,6801.545,7042.926,7017.154,28.969,0.4128,197066881,2.87241225505e+11
2015-03-23,'000905,中证500,7017.154,7017.481,6891.922,6891.922,6850.897,166.257,2.4268,171778131,2.4956069681e+11
2015-03-20,'000905,中证500,6850.897,6862.375,6786.335,6789.058,6782.463,68.434,1.009,152162319,2.18477065296e+11
2015-03-19,'000905,中证500,6782.463,6783.14,6687.442,6733.12,6728.068,54.395,0.8085,166872988,2.26098981798e+11
2015-03-18,'000905,中证500,6728.068,6728.506,6612.457,6624.388,6618.054,110.014,1.6623,164616348,2.21265197128e+11
2015-03-17,'000905,中证500,6618.054,6635.096,6525.829,6547.39,6516.765,101.289,1.5543,172583338,2.35496437807e+11
2015-03-16,'000905,中证500,6516.765,6517.031,6369.197,6369.197,6329.576,187.189,2.9574,137058320,1.89423838762e+11
2015-03-13,'000905,中证500,6329.576,6329.701,6271.818,6271.818,6260.137,69.439,1.1092,95229828,1.27280146278e+11
2015-03-12,'000905,中证500,6260.137,6288.517,6220.631,6273.692,6262.892,-2.755,-0.044,101821474,1.35322669321e+11
2015-03-11,'000905,中证500,6262.892,6281.191,6236.793,6275.173,6276.485,-13.593,-0.2166,99462453,1.31495189042e+11
2015-03-10,'000905,中证500,6276.485,6299.281,6205.924,6214.519,6212.236,64.249,1.0342,102915059,1.35647659212e+11
2015-03-09,'000905,中证500,6212.236,6212.57,6080.543,6113.581,6133.026,79.21,1.2915,98702215,1.27801029077e+11
2015-03-06,'000905,中证500,6133.026,6234.114,6129.622,6214.332,6208.988,-75.962,-1.2234,109313725,1.43376389233e+11
2015-03-05,'000905,中证500,6208.988,6217.788,6161.377,6212.66,6210.421,-1.433,-0.0231,120959089,1.60069239733e+11
2015-03-04,'000905,中证500,6210.421,6211.089,6114.214,6114.694,6118.656,91.765,1.4998,119226334,1.59432393741e+11
2015-03-03,'000905,中证500,6118.656,6199.497,6099.131,6124.276,6139.792,-21.136,-0.3442,146953263,1.91869230411e+11
2015-03-02,'000905,中证500,6139.792,6139.792,6039.254,6064.821,6018.463,121.329,2.0159,127235331,1.6861501957e+11
2015-02-27,'000905,中证500,6018.463,6025.115,5970.681,5974.359,5969.557,48.906,0.8193,96560682,1.25337251201e+11
2015-02-26,'000905,中证500,5969.557,5970.06,5897.715,5903.262,5906.538,63.019,1.0669,90920744,1.13711184402e+11
2015-02-25,'000905,中证500,5906.538,5952.709,5887.366,5926.234,5911.098,-4.56,-0.0771,83550615,1.09965828499e+11
2015-02-17,'000905,中证500,5911.098,5914.285,5877.948,5888.871,5869.713,41.385,0.7051,80938872,1.07302052647e+11
2015-02-16,'000905,中证500,5869.713,5870.082,5786.038,5786.153,5769.272,100.441,1.741,82305575,1.13009193538e+11
2015-02-13,'000905,中证500,5769.272,5789.382,5709.156,5709.156,5681.341,87.931,1.5477,82306367,1.10777388987e+11
2015-02-12,'000905,中证500,5681.341,5689.743,5640.858,5647.546,5641.786,39.555,0.7011,62691774,86260852841.0
2015-02-11,'000905,中证500,5641.786,5642.297,5587.44,5587.639,5580.704,61.082,1.0945,58059566,78478438991.0
2015-02-10,'000905,中证500,5580.704,5581.341,5500.535,5502.725,5504.974,75.73,1.3757,54973769,72864169333.0
2015-02-09,'000905,中证500,5504.974,5551.898,5492.546,5526.144,5534.785,-29.811,-0.5386,55873438,71258538761.0
2015-02-06,'000905,中证500,5534.785,5657.662,5510.763,5640.025,5654.217,-119.432,-2.1123,76277610,95597146323.0
2015-02-05,'000905,中证500,5654.217,5745.136,5654.217,5741.193,5683.519,-29.302,-0.5156,88324355,1.14976816031e+11
2015-02-04,'000905,中证500,5683.519,5734.328,5680.833,5720.975,5707.476,-23.957,-0.4197,80926716,1.04846863054e+11
2015-02-03,'000905,中证500,5707.476,5708.281,5627.399,5627.399,5609.389,98.087,1.7486,75432559,98565929024.0
2015-02-02,'000905,中证500,5609.389,5652.667,5539.523,5568.435,5632.728,-23.339,-0.4143,71871863,87828911030.0
2015-01-30,'000905,中证500,5632.728,5735.932,5631.565,5708.284,5701.205,-68.477,-1.2011,80593273,1.0002059743e+11
2015-01-29,'000905,中证500,5701.205,5739.486,5670.505,5692.387,5739.919,-38.714,-0.6745,84538580,1.02904620083e+11
2015-01-28,'000905,中证500,5739.919,5798.571,5722.494,5756.682,5773.816,-33.897,-0.5871,102386415,1.23833495291e+11
2015-01-27,'000905,中证500,5773.816,5783.99,5670.431,5767.737,5758.979,14.837,0.2576,114317987,1.39606298727e+11
2015-01-26,'000905,中证500,5758.979,5759.367,5636.204,5644.031,5633.289,125.69,2.2312,101298794,1.26015650415e+11
2015-01-23,'000905,中证500,5633.289,5699.726,5611.066,5697.837,5690.156,-56.867,-0.9994,99440337,1.24087905095e+11
2015-01-22,'000905,中证500,5690.156,5690.43,5610.09,5617.609,5611.694,78.462,1.3982,105412621,1.34778391082e+11
2015-01-21,'000905,中证500,5611.694,5611.982,5490.526,5490.84,5472.514,139.18,2.5433,110167428,1.3779497368e+11
2015-01-20,'000905,中证500,5472.514,5472.736,5303.181,5303.181,5281.895,190.619,3.6089,91937953,1.13837154366e+11
2015-01-19,'000905,中证500,5281.895,5475.66,5222.04,5359.47,5520.123,-238.228,-4.3156,105336272,1.21918330584e+11
2015-01-16,'000905,中证500,5520.123,5520.785,5454.239,5459.185,5449.038,71.085,1.3045,84506844,1.04671600817e+11
2015-01-15,'000905,中证500,5449.038,5449.255,5380.336,5380.447,5379.738,69.3,1.2882,67885513,81580602470.0
2015-01-14,'000905,中证500,5379.738,5417.802,5350.165,5404.374,5405.091,-25.353,-0.4691,67086497,83215914595.0
2015-01-13,'000905,中证500,5405.091,5407.629,5333.968,5333.968,5332.221,72.87,1.3666,68693766,84711070629.0
2015-01-12,'000905,中证500,5332.221,5386.584,5303.732,5386.584,5409.058,-76.837,-1.4205,78026430,89363510308.0
2015-01-09,'000905,中证500,5409.058,5497.689,5409.058,5424.501,5444.037,-34.979,-0.6425,90640808,1.05390251286e+11
2015-01-08,'000905,中证500,5444.037,5497.744,5418.011,5482.394,5488.242,-44.205,-0.8054,95634617,1.08520980686e+11
2015-01-07,'000905,中证500,5488.242,5492.825,5436.918,5471.402,5479.864,8.378,0.1529,96050494,1.11787081649e+11
2015-01-06,'000905,中证500,5479.864,5482.124,5354.338,5389.903,5417.017,62.847,1.1602,123754496,1.40328098392e+11
2015-01-05,'000905,中证500,5417.017,5427.231,5314.339,5338.752,5322.714,94.303,1.7717,128787603,1.39343031794e+11
2014-12-31,'000905,中证500,5322.714,5322.714,5241.362,5274.651,5275.085,47.629,0.9029,93682899,1.04486026187e+11
2014-12-30,'000905,中证500,5275.085,5366.16,5261.615,5357.388,5367.637,-92.552,-1.7243,98910328,1.1420766376e+11
2014-12-29,'000905,中证500,5367.637,5436.488,5330.327,5436.488,5422.751,-55.114,-1.0163,120696241,1.3605691421e+11
2014-12-26,'000905,中证500,5422.751,5423.346,5359.533,5370.332,5364.563,58.188,1.0847,105786714,1.19120593922e+11
2014-12-25,'000905,中证500,5364.563,5365.074,5272.319,5279.297,5262.365,102.198,1.9421,89766624,1.00094604429e+11
2014-12-24,'000905,中证500,5262.365,5263.201,5197.721,5212.069,5193.722,68.643,1.3217,86145747,95316706929.0
2014-12-23,'000905,中证500,5193.722,5316.717,5187.632,5273.99,5305.209,-111.487,-2.1015,95282588,1.04442394497e+11
2014-12-22,'000905,中证500,5305.209,5523.963,5279.96,5523.661,5524.122,-218.913,-3.9629,151327540,1.6163456163e+11
2014-12-19,'000905,中证500,5524.122,5558.176,5423.753,5554.665,5558.045,-33.923,-0.6103,133387146,1.48955810733e+11
2014-12-18,'000905,中证500,5558.045,5598.985,5543.401,5551.038,5557.286,0.759,0.0137,107138998,1.23272365978e+11
2014-12-17,'000905,中证500,5557.286,5597.88,5488.796,5597.88,5606.693,-49.407,-0.8812,133134511,1.50577863965e+11
2014-12-16,'000905,中证500,5606.693,5609.681,5548.963,5590.266,5583.597,23.096,0.4136,125116823,1.4413095051e+11
2014-12-15,'000905,中证500,5583.597,5588.853,5466.79,5485.13,5493.2,90.397,1.6456,129681032,1.48824933346e+11
2014-12-12,'000905,中证500,5493.2,5498.95,5437.655,5457.228,5454.443,38.757,0.7106,116562829,1.28461475257e+11
2014-12-11,'000905,中证500,5454.443,5454.918,5341.863,5366.208,5374.097,80.346,1.4951,139869628,1.52239236372e+11
2014-12-10,'000905,中证500,5374.097,5374.227,5150.995,5184.017,5195.406,178.691,3.4394,131311673,1.43553422183e+11
2014-12-09,'000905,中证500,5195.406,5465.086,5181.517,5392.947,5412.674,-217.268,-4.0141,197608666,2.18570643403e+11
2014-12-08,'000905,中证500,5412.674,5435.789,5266.021,5310.567,5333.892,78.782,1.477,152402002,1.73052970205e+11
2014-12-05,'000905,中证500,5333.892,5464.226,5185.355,5462.757,5451.962,-118.07,-2.1656,172436982,1.92822397127e+11
2014-12-04,'000905,中证500,5451.962,5452.335,5343.125,5345.007,5339.005,112.957,2.1157,152121975,1.68985379514e+11
2014-12-03,'000905,中证500,5339.005,5339.248,5245.358,5284.573,5277.657,61.348,1.1624,152946990,1.64129646519e+11
2014-12-02,'000905,中证500,5277.657,5278.648,5196.093,5201.37,5208.139,69.518,1.3348,109407004,1.17627765454e+11
2014-12-01,'000905,中证500,5208.139,5247.007,5181.1,5246.428,5245.267,-37.128,-0.7078,115923389,1.20869295163e+11
2014-11-28,'000905,中证500,5245.267,5261.164,5193.353,5249.665,5251.389,-6.122,-0.1166,125361752,1.30492839959e+11
2014-11-27,'000905,中证500,5251.389,5251.699,5202.764,5229.4,5214.21,37.179,0.713,120587367,1.25432953805e+11
2014-11-26,'000905,中证500,5214.21,5215.643,5168.175,5198.127,5189.001,25.209,0.4858,109880097,1.17427497336e+11
2014-11-25,'000905,中证500,5189.001,5189.429,5106.516,5118.689,5112.119,76.882,1.5039,107770016,1.13198463272e+11
2014-11-24,'000905,中证500,5112.119,5130.028,5065.192,5088.226,5029.773,82.346,1.6372,118515606,1.18607305575e+11
2014-11-21,'000905,中证500,5029.773,5029.777,4975.444,4975.535,4974.626,55.147,1.1086,72866762,74666845524.0
2014-11-20,'000905,中证500,4974.626,4990.935,4961.604,4972.741,4985.101,-10.475,-0.2101,59676755,60572567731.0
2014-11-19,'000905,中证500,4985.101,5002.437,4959.495,4967.636,4967.651,17.45,0.3513,68164715,68842441796.0
2014-11-18,'000905,中证500,4967.651,4973.855,4947.022,4951.585,4958.466,9.185,0.1852,63490500,62652364495.0
2014-11-17,'000905,中证500,4958.466,4982.52,4894.649,4925.472,4909.609,48.857,0.9951,68439222,70056723948.0
2014-11-14,'000905,中证500,4909.609,4920.094,4862.392,4901.139,4921.671,-12.062,-0.2451,65753809,65868662494.0
2014-11-13,'000905,中证500,4921.671,4967.211,4889.373,4963.732,4965.384,-43.713,-0.8804,87063498,88982956345.0
2014-11-12,'000905,中证500,4965.384,4965.384,4855.634,4866.425,4881.48,83.904,1.7188,72860729,72056522141.0
2014-11-11,'000905,中证500,4881.48,5041.332,4842.497,5038.684,5031.001,-149.521,-2.972,106506602,1.04908838887e+11
2014-11-10,'000905,中证500,5031.001,5031.197,4973.317,4989.439,4977.255,53.746,1.0798,85242918,85303607050.0
2014-11-07,'000905,中证500,4977.255,5049.284,4956.868,5029.797,5024.848,-47.593,-0.9472,96201285,97187742398.0
2014-11-06,'000905,中证500,5024.848,5025.226,4959.732,4992.723,4995.443,29.405,0.5886,79650741,80227181703.0
2014-11-05,'000905,中证500,4995.443,5013.614,4976.131,5004.891,5003.47,-8.027,-0.1604,84678572,81152275617.0
2014-11-04,'000905,中证500,5003.47,5036.096,4983.052,5028.54,5028.698,-25.228,-0.5017,93807651,91176863840.0
2014-11-03,'000905,中证500,5028.698,5028.757,4992.529,4993.171,4986.416,42.282,0.8479,92197435,91560095721.0
2014-10-31,'000905,中证500,4986.416,5012.26,4945.289,4999.003,4992.63,-6.214,-0.1245,91669059,92182213087.0
2014-10-30,'000905,中证500,4992.63,5021.19,4975.786,4988.972,4991.755,0.875,0.0175,99168604,98486130913.0
2014-10-29,'000905,中证500,4991.755,4999.958,4923.515,4938.715,4924.955,66.8,1.3564,105608671,1.06415988228e+11
2014-10-28,'000905,中证500,4924.955,4925.085,4819.55,4819.55,4809.518,115.437,2.4002,75113014,76495547386.0
2014-10-27,'000905,中证500,4809.518,4809.942,4739.33,4762.517,4774.666,34.852,0.7299,56003586,55268773413.0
2014-10-24,'000905,中证500,4774.666,4800.361,4754.886,4757.088,4755.231,19.435,0.4087,56333896,55331137358.0
2014-10-23,'000905,中证500,4755.231,4832.427,4732.762,4815.123,4825.609,-70.378,-1.4584,65012401,65545609739.0
2014-10-22,'000905,中证500,4825.609,4902.777,4821.194,4881.512,4884.024,-58.415,-1.196,61360808,64013598945.0
2014-10-21,'000905,中证500,4884.024,4942.459,4878.18,4929.23,4929.16,-45.136,-0.9157,67813183,69276410674.0
2014-10-20,'000905,中证500,4929.16,4929.473,4869.877,4873.455,4860.732,68.428,1.4078,64596603,67365828243.0
2014-10-17,'000905,中证500,4860.732,4914.66,4771.767,4894.593,4906.244,-45.512,-0.9276,85229817,84583435055.0
2014-10-16,'000905,中证500,4906.244,5007.275,4906.244,4962.581,4987.707,-81.463,-1.6333,95753175,97600209795.0
2014-10-15,'000905,中证500,4987.707,4988.178,4922.482,4967.229,4966.083,21.624,0.4354,81985748,84289749588.0
2014-10-14,'000905,中证500,4966.083,5013.95,4933.595,4978.896,4982.681,-16.598,-0.3331,82292188,85600756875.0
2014-10-13,'000905,中证500,4982.681,4982.681,4906.158,4964.233,4981.853,0.828,0.0166,83134546,86362918234.0
2014-10-10,'000905,中证500,4981.853,5007.125,4952.191,4987.042,5004.001,-22.148,-0.4426,96123927,98663729327.0
2014-10-09,'000905,中证500,5004.001,5010.825,4936.729,4996.662,4993.531,10.47,0.2097,104303284,1.06970816332e+11
2014-10-08,'000905,中证500,4993.531,4993.614,4913.679,4935.048,4916.119,77.412,1.5747,90358512,92697659105.0
2014-09-30,'000905,中证500,4916.119,4921.076,4877.883,4886.556,4877.435,38.684,0.7931,81755047,84266876755.0
2014-09-29,'000905,中证500,4877.435,4880.155,4847.816,4847.816,4829.935,47.5,0.9835,80918091,82373936871.0
2014-09-26,'000905,中证500,4829.935,4833.802,4787.309,4803.443,4814.735,15.2,0.3157,72968523,75214793503.0
2014-09-25,'000905,中证500,4814.735,4861.797,4797.271,4826.985,4815.71,-0.975,-0.0202,92339396,92849405302.0
2014-09-24,'000905,中证500,4815.71,4816.184,4733.556,4746.621,4754.472,61.238,1.288,84890143,85795434685.0
2014-09-23,'000905,中证500,4754.472,4754.472,4692.899,4693.367,4694.229,60.243,1.2833,71679128,72122820292.0
2014-09-22,'000905,中证500,4694.229,4753.795,4682.616,4753.795,4758.727,-64.498,-1.3554,77667073,75028837431.0
2014-09-19,'000905,中证500,4758.727,4762.171,4705.088,4718.78,4719.009,39.718,0.8417,73891425,71508698238.0
2014-09-18,'000905,中证500,4719.009,4719.584,4663.147,4679.111,4686.047,32.962,0.7034,77913057,70041531635.0
2014-09-17,'000905,中证500,4686.047,4686.392,4604.671,4649.609,4645.546,40.501,0.8718,86276129,80739930253.0
2014-09-16,'000905,中证500,4645.546,4816.324,4643.862,4809.437,4807.555,-162.009,-3.3699,117310229,1.15746940718e+11
2014-09-15,'000905,中证500,4807.555,4810.07,4752.853,4759.773,4756.949,50.606,1.0638,92873064,93727091981.0
2014-09-12,'000905,中证500,4756.949,4757.04,4689.627,4698.109,4704.942,52.007,1.1054,78550025,78101715993.0
2014-09-11,'000905,中证500,4704.942,4762.132,4670.643,4707.045,4709.909,-4.967,-0.1055,97669705,99548941521.0
2014-09-10,'000905,中证500,4709.909,4713.959,4662.181,4686.117,4701.699,8.21,0.1746,86187344,86626217303.0
2014-09-09,'000905,中证500,4701.699,4701.944,4643.381,4672.109,4666.474,35.225,0.7549,89284306,90541430064.0
2014-09-05,'000905,中证500,4666.474,4666.918,4629.176,4654.515,4647.886,18.588,0.3999,90826617,91527801339.0
2014-09-04,'000905,中证500,4647.886,4648.222,4598.864,4611.562,4608.557,39.329,0.8534,94318100,95294218772.0
2014-09-03,'000905,中证500,4608.557,4612.334,4571.946,4582.479,4576.12,32.437,0.7088,87927134,91114137216.0
2014-09-02,'000905,中证500,4576.12,4576.12,4514.733,4519.242,4507.442,68.678,1.5237,84153838,87290950658.0
2014-09-01,'000905,中证500,4507.442,4507.486,4436.108,4436.546,4427.879,79.563,1.7969,57685418,62594382274.0
2014-08-29,'000905,中证500,4427.879,4427.879,4370.853,4378.624,4381.494,46.385,1.0587,43722812,45962091441.0
2014-08-28,'000905,中证500,4381.494,4431.577,4368.669,4423.764,4421.212,-39.718,-0.8984,54355982,55709092923.0
2014-08-27,'000905,中证500,4421.212,4432.151,4401.668,4401.876,4407.588,13.624,0.3091,54359738,57056865409.0
2014-08-26,'000905,中证500,4407.588,4490.902,4390.111,4474.454,4487.142,-79.554,-1.7729,69606911,68801722151.0
2014-08-25,'000905,中证500,4487.142,4522.704,4476.198,4521.809,4521.752,-34.61,-0.7654,67975469,69175500425.0
2014-08-22,'000905,中证500,4521.752,4526.239,4478.794,4491.628,4495.44,26.312,0.5853,72034759,71989848481.0
2014-08-21,'000905,中证500,4495.44,4501.661,4442.644,4498.493,4497.399,-1.959,-0.0436,72257054,72267555378.0
2014-08-20,'000905,中证500,4497.399,4521.25,4481.92,4495.823,4496.938,0.461,0.0103,76368692,74592337197.0
2014-08-19,'000905,中证500,4496.938,4500.802,4461.981,4491.169,4483.544,13.394,0.2987,77521491,80824709275.0
2014-08-18,'000905,中证500,4483.544,4483.568,4434.175,4434.175,4423.636,59.908,1.3543,71526261,72487150029.0
2014-08-15,'000905,中证500,4423.636,4428.973,4368.337,4372.771,4373.504,50.132,1.1463,64972287,64887976007.0
2014-08-14,'000905,中证500,4373.504,4426.47,4368.707,4397.207,4401.809,-28.305,-0.643,74617880,71659794240.0
2014-08-13,'000905,中证500,4401.809,4410.462,4347.368,4399.403,4399.806,2.003,0.0455,73110600,72425032488.0
2014-08-12,'000905,中证500,4399.806,4400.002,4370.226,4378.247,4377.018,22.788,0.5206,67262929,66976600235.0
2014-08-11,'000905,中证500,4377.018,4377.244,4317.347,4317.347,4311.697,65.321,1.515,64798592,63782885172.0
2014-08-08,'000905,中证500,4311.697,4317.931,4283.606,4287.941,4286.09,25.607,0.5974,57397716,56641088555.0
2014-08-07,'000905,中证500,4286.09,4348.194,4284.221,4329.301,4328.601,-42.511,-0.9821,71135738,67096777592.0
2014-08-06,'000905,中证500,4328.601,4336.757,4276.676,4291.63,4300.12,28.481,0.6623,74507248,70105526860.0
2014-08-05,'000905,中证500,4300.12,4300.505,4262.764,4284.145,4278.847,21.273,0.4972,74379616,68408087519.0
2014-08-04,'000905,中证500,4278.847,4278.847,4213.114,4213.114,4210.219,68.628,1.63,66083148,61712975929.0
2014-08-01,'000905,中证500,4210.219,4268.434,4201.924,4242.299,4257.045,-46.826,-1.1,78171893,74451501289.0
2014-07-31,'000905,中证500,4257.045,4257.414,4208.57,4211.067,4214.836,42.209,1.0014,65711040,65347460960.0
2014-07-30,'000905,中证500,4214.836,4220.214,4184.354,4198.41,4207.862,6.974,0.1657,69146676,68380608506.0
2014-07-29,'000905,中证500,4207.862,4221.575,4167.273,4173.17,4168.373,39.489,0.9473,80760831,75538996027.0
2014-07-28,'000905,中证500,4168.373,4168.393,4106.992,4106.992,4089.801,78.572,1.9212,79528351,70428854394.0
2014-07-25,'000905,中证500,4089.801,4089.801,4047.873,4052.032,4054.223,35.578,0.8776,55043408,49022362222.0
2014-07-24,'000905,中证500,4054.223,4073.863,4013.555,4055.145,4057.113,-2.89,-0.0712,62738287,54485179264.0
2014-07-23,'000905,中证500,4057.113,4094.649,4042.041,4083.08,4083.288,-26.175,-0.641,58518276,52667947011.0
2014-07-22,'000905,中证500,4083.288,4086.111,4023.016,4024.421,4030.242,53.046,1.3162,54673016,50308587198.0
2014-07-21,'000905,中证500,4030.242,4048.938,4017.453,4038.741,4042.521,-12.279,-0.3037,44186094,40783090203.0
2014-07-18,'000905,中证500,4042.521,4066.176,4012.508,4018.358,4031.44,11.081,0.2749,49582586,44684250153.0
2014-07-17,'000905,中证500,4031.44,4055.906,4006.283,4055.906,4062.119,-30.679,-0.7552,49988358,44531890407.0
2014-07-16,'000905,中证500,4062.119,4105.015,4046.549,4089.649,4093.113,-30.994,-0.7572,59414417,54188896321.0
2014-07-15,'000905,中证500,4093.113,4098.28,4063.602,4089.346,4090.802,2.311,0.0565,66833998,60773689964.0
2014-07-14,'000905,中证500,4090.802,4090.802,4033.695,4033.708,4029.751,61.051,1.515,60592480,58095423357.0
2014-07-11,'000905,中证500,4029.751,4033.885,3978.1,3979.73,3982.198,47.553,1.1941,53074687,52241335022.0
2014-07-10,'000905,中证500,3982.198,4008.126,3975.704,3980.501,3982.404,-0.206,-0.0052,48708484,49693965459.0
2014-07-09,'000905,中证500,3982.404,4047.382,3981.252,4033.819,4039.707,-57.303,-1.4185,56944645,56785289590.0
2014-07-08,'000905,中证500,4039.707,4039.922,3982.332,4012.551,4014.488,25.219,0.6282,50180744,50114329367.0
2014-07-07,'000905,中证500,4014.488,4024.368,3992.281,4004.097,4004.561,9.927,0.2479,51197153,48129086313.0
2014-07-04,'000905,中证500,4004.561,4022.217,3997.76,4018.39,4019.647,-15.086,-0.3753,55166389,49997473982.0
2014-07-03,'000905,中证500,4019.647,4026.065,3972.117,3978.816,3979.31,40.337,1.0137,61184094,55067891148.0
2014-07-02,'000905,中证500,3979.31,3979.371,3937.239,3950.473,3951.726,27.584,0.698,52966357,49258527917.0
2014-07-01,'000905,中证500,3951.726,3951.919,3917.53,3927.483,3924.903,26.823,0.6834,48813985,46780257365.0
2014-06-30,'000905,中证500,3924.903,3925.442,3889.645,3895.149,3889.323,35.58,0.9148,49209663,45852764409.0
2014-06-27,'000905,中证500,3889.323,3905.543,3853.75,3861.097,3861.95,27.373,0.7088,48476120,44256525709.0
2014-06-26,'000905,中证500,3861.95,3863.095,3812.907,3812.907,3814.03,47.92,1.2564,40550701,38363054368.0
2014-06-25,'000905,中证500,3814.03,3835.59,3803.292,3835.59,3839.203,-25.173,-0.6557,30419894,29769187329.0
2014-06-24,'000905,中证500,3839.203,3839.594,3812.753,3814.527,3815.879,23.324,0.6112,34149694,33396771453.0
2014-06-23,'000905,中证500,3815.879,3827.828,3790.839,3790.844,3789.342,26.537,0.7003,32200351,30811520126.0
2014-06-20,'000905,中证500,3789.342,3789.41,3751.081,3751.179,3755.694,33.648,0.8959,29331630,27250323579.0
2014-06-19,'000905,中证500,3755.694,3860.303,3739.412,3853.59,3858.099,-102.405,-2.6543,43351490,40226893351.0
2014-06-18,'000905,中证500,3858.099,3881.392,3855.231,3878.694,3879.344,-21.245,-0.5476,40688671,39421196527.0
2014-06-17,'000905,中证500,3879.344,3909.618,3876.23,3909.618,3914.981,-35.637,-0.9103,39860754,39004922894.0
2014-06-16,'000905,中证500,3914.981,3915.215,3893.166,3893.918,3891.557,23.424,0.6019,39294758,41025140790.0
2014-06-13,'000905,中证500,3891.557,3894.543,3843.623,3846.622,3850.113,41.444,1.0764,39840797,40322196684.0
2014-06-12,'000905,中证500,3850.113,3857.908,3832.944,3851.233,3858.051,-7.938,-0.2058,35134918,34175926746.0
2014-06-11,'000905,中证500,3858.051,3859.034,3832.534,3838.668,3840.019,18.032,0.4696,31915295,32291652022.0
2014-06-10,'000905,中证500,3840.019,3840.243,3784.053,3801.509,3797.429,42.59,1.1215,30297387,30344459226.0
2014-06-09,'000905,中证500,3797.429,3830.604,3795.173,3809.585,3818.333,-20.904,-0.5475,26819523,26434007582.0
2014-06-06,'000905,中证500,3818.333,3837.401,3800.086,3833.378,3832.055,-13.722,-0.3581,29926322,28796450162.0
2014-06-05,'000905,中证500,3832.055,3832.384,3779.992,3783.883,3789.294,42.761,1.1285,29580727,28079556690.0
2014-06-04,'000905,中证500,3789.294,3820.762,3760.291,3820.5,3822.716,-33.422,-0.8743,30240407,28984446831.0
2014-06-03,'000905,中证500,3822.716,3845.481,3821.428,3833.12,3829.238,-6.522,-0.1703,30154991,29295593636.0
2014-05-30,'000905,中证500,3829.238,3840.864,3798.805,3818.47,3821.867,7.371,0.1929,34479814,33847052964.0
2014-05-29,'000905,中证500,3821.867,3874.102,3821.424,3862.298,3861.588,-39.721,-1.0286,37364674,37967022147.0
2014-05-28,'000905,中证500,3861.588,3862.104,3812.997,3818.354,3818.322,43.266,1.1331,36774765,35782559652.0
2014-05-27,'000905,中证500,3818.322,3834.421,3812.886,3825.373,3827.487,-9.165,-0.2395,32742760,31962326173.0
2014-05-26,'000905,中证500,3827.487,3827.59,3798.73,3798.73,3786.563,40.924,1.0808,33396372,33591791346.0
2014-05-23,'000905,中证500,3786.563,3786.563,3742.98,3742.991,3746.14,40.423,1.0791,28877233,26927286960.0
2014-05-22,'000905,中证500,3746.14,3788.056,3744.604,3748.93,3747.334,-1.194,-0.0319,30960985,28187212018.0
2014-05-21,'000905,中证500,3747.334,3747.551,3680.886,3708.121,3715.71,31.624,0.8511,24046891,21705642894.0
2014-05-20,'000905,中证500,3715.71,3748.753,3708.141,3720.226,3705.364,10.346,0.2792,24846022,23170288220.0
2014-05-19,'000905,中证500,3705.364,3722.391,3679.637,3722.391,3726.656,-21.292,-0.5713,24203591,21748598388.0
2014-05-16,'000905,中证500,3726.656,3733.28,3685.074,3722.556,3732.337,-5.681,-0.1522,26713346,23727980955.0
2014-05-15,'000905,中证500,3732.337,3799.079,3728.318,3797.12,3803.803,-71.466,-1.8788,30771182,27786830239.0
2014-05-14,'000905,中证500,3803.803,3816.405,3796.107,3805.147,3806.89,-3.087,-0.0811,28307555,24921685301.0
2014-05-13,'000905,中证500,3806.89,3819.753,3788.456,3810.491,3812.758,-5.868,-0.1539,35814980,31736405914.0
2014-05-12,'000905,中证500,3812.758,3812.827,3730.954,3738.667,3716.022,96.736,2.6032,42454809,36840651775.0
2014-05-09,'000905,中证500,3716.022,3752.455,3688.045,3748.486,3754.011,-37.989,-1.012,29488834,25743202457.0
2014-05-08,'000905,中证500,3754.011,3798.215,3733.75,3740.254,3749.965,4.046,0.1079,30515953,26226566995.0
2014-05-07,'000905,中证500,3749.965,3806.838,3747.785,3806.838,3817.98,-68.015,-1.7814,29363631,26315376425.0
2014-05-06,'000905,中证500,3817.98,3831.413,3790.505,3795.36,3798.288,19.692,0.5184,30600384,28050980592.0
2014-05-05,'000905,中证500,3798.288,3798.359,3746.193,3761.23,3766.17,32.118,0.8528,28615421,24739037389.0
2014-04-30,'000905,中证500,3766.17,3770.727,3728.411,3734.799,3738.926,27.244,0.7287,26592828,23450154334.0
2014-04-29,'000905,中证500,3738.926,3739.249,3678.007,3678.621,3684.593,54.333,1.4746,28297418,24757446877.0
2014-04-28,'000905,中证500,3684.593,3785.957,3679.958,3785.957,3800.681,-116.088,-3.0544,36670330,31495246462.0
2014-04-25,'000905,中证500,3800.681,3886.763,3797.471,3879.448,3884.811,-84.13,-2.1656,36000619,31763963150.0
2014-04-24,'000905,中证500,3884.811,3931.512,3884.591,3924.454,3929.168,-44.357,-1.1289,32345720,29781616866.0
2014-04-23,'000905,中证500,3929.168,3956.408,3913.175,3942.498,3947.169,-18.001,-0.456,30741912,29374317387.0
2014-04-22,'000905,中证500,3947.169,3974.628,3889.777,3957.22,3965.337,-18.168,-0.4582,41934820,39218301992.0
2014-04-21,'000905,中证500,3965.337,4032.846,3962.286,4004.614,4029.262,-63.925,-1.5865,40253951,38253411038.0
2014-04-18,'000905,中证500,4029.262,4029.762,3995.549,4006.875,4014.94,14.322,0.3567,34736479,32247621176.0
2014-04-17,'000905,中证500,4014.94,4035.366,4012.71,4025.377,4019.883,-4.943,-0.123,38718390,35587633381.0
2014-04-16,'000905,中证500,4019.883,4026.764,3992.496,4010.358,4021.906,-2.023,-0.0503,38105115,34759895561.0
2014-04-15,'000905,中证500,4021.906,4050.333,4015.089,4050.333,4051.33,-29.424,-0.7263,45456868,41713771291.0
2014-04-14,'000905,中证500,4051.33,4051.49,4018.736,4019.505,4021.194,30.136,0.7494,41571742,37820284322.0
2014-04-11,'000905,中证500,4021.194,4031.208,4001.797,4021.964,4038.84,-17.646,-0.4369,43247393,39566857902.0
2014-04-10,'000905,中证500,4038.84,4052.844,4012.659,4022.048,4018.547,20.293,0.505,51174181,46752707217.0
2014-04-09,'000905,中证500,4018.547,4019.085,3987.425,3987.425,3981.625,36.922,0.9273,43685035,39980312964.0
2014-04-08,'000905,中证500,3981.625,3981.625,3918.976,3927.506,3939.229,42.396,1.0763,42618208,37712924941.0
2014-04-04,'000905,中证500,3939.229,3939.613,3881.964,3888.729,3896.28,42.949,1.1023,38203218,32452790131.0
2014-04-03,'000905,中证500,3896.28,3919.169,3880.404,3902.067,3902.043,-5.763,-0.1477,42342712,33958648555.0
2014-04-02,'000905,中证500,3902.043,3922.079,3891.554,3901.19,3899.488,2.555,0.0655,43981943,34207477515.0
2014-04-01,'000905,中证500,3899.488,3899.658,3835.227,3836.502,3840.536,58.952,1.535,34655220,29332505803.0
2014-03-31,'000905,中证500,3840.536,3878.0,3815.739,3865.004,3865.295,-24.759,-0.6405,38337778,31097095713.0
2014-03-28,'000905,中证500,3865.295,3951.726,3855.478,3935.198,3944.044,-78.749,-1.9967,53458265,43844891578.0
2014-03-27,'000905,中证500,3944.044,3996.252,3943.792,3994.817,4001.502,-57.458,-1.4359,49459872,41581287209.0
2014-03-26,'000905,中证500,4001.502,4009.884,3987.192,3997.174,3991.144,10.358,0.2595,46277502,39747128884.0
2014-03-25,'000905,中证500,3991.144,4007.935,3967.621,3977.878,3985.861,5.283,0.1325,53667026,45244076393.0
2014-03-24,'000905,中证500,3985.861,3995.865,3944.692,3954.054,3952.392,33.469,0.8468,54202978,45816784065.0
2014-03-21,'000905,中证500,3952.392,3954.258,3828.92,3857.823,3876.578,75.814,1.9557,52362721,45269601668.0
2014-03-20,'000905,中证500,3876.578,4000.369,3876.428,3973.15,3980.673,-104.095,-2.615,49863056,44829609970.0
2014-03-19,'000905,中证500,3980.673,3980.743,3944.091,3979.246,3989.201,-8.528,-0.2138,42668958,39248886485.0
2014-03-18,'000905,中证500,3989.201,4009.346,3968.889,3970.664,3967.15,22.051,0.5558,44270842,44080433148.0
2014-03-17,'000905,中证500,3967.15,3967.854,3889.904,3889.904,3888.975,78.175,2.0102,39288171,38774435121.0
2014-03-14,'000905,中证500,3888.975,3913.503,3860.317,3891.196,3907.146,-18.171,-0.4651,35140833,33406192196.0
2014-03-13,'000905,中证500,3907.146,3907.851,3861.706,3865.916,3865.662,41.484,1.0731,37064658,34137589291.0
2014-03-12,'000905,中证500,3865.662,3894.063,3803.732,3857.577,3864.26,1.402,0.0363,41221160,36976695865.0
2014-03-11,'000905,中证500,3864.26,3889.238,3826.928,3848.17,3860.244,4.016,0.104,39939678,37450245319.0
2014-03-10,'000905,中证500,3860.244,3981.513,3856.103,3981.513,4012.447,-152.203,-3.7933,49665554,47348547414.0
2014-03-07,'000905,中证500,4012.447,4051.032,3992.94,4032.138,4032.756,-20.309,-0.5036,45686320,45596345165.0
2014-03-06,'000905,中证500,4032.756,4042.214,3980.279,4030.651,4037.784,-5.028,-0.1245,48189903,46614619335.0
2014-03-05,'000905,中证500,4037.784,4075.753,4031.916,4064.963,4059.567,-21.783,-0.5366,53143631,51928401778.0
2014-03-04,'000905,中证500,4059.567,4067.425,4016.027,4045.201,4058.799,0.768,0.0189,53655609,54602426627.0
2014-03-03,'000905,中证500,4058.799,4059.187,3969.299,3975.536,3975.929,82.87,2.0843,51290257,53495701236.0
2014-02-28,'000905,中证500,3975.929,3976.128,3874.722,3926.772,3934.727,41.202,1.0471,46601199,48254509395.0
2014-02-27,'000905,中证500,3934.727,4053.854,3932.311,3992.716,3987.48,-52.753,-1.323,54510923,57316272091.0
2014-02-26,'000905,中证500,3987.48,3988.059,3883.963,3941.118,3961.439,26.041,0.6574,48856736,49764846080.0
2014-02-25,'000905,中证500,3961.439,4141.259,3937.174,4109.494,4105.792,-144.353,-3.5158,65665271,70061216332.0
2014-02-24,'000905,中证500,4105.792,4105.792,4043.506,4102.559,4121.917,-16.125,-0.3912,51238733,52821387266.0
2014-02-21,'000905,中证500,4121.917,4156.794,4085.817,4142.3,4149.071,-27.154,-0.6545,48017883,47228926620.0
2014-02-20,'000905,中证500,4149.071,4221.63,4139.199,4211.696,4207.994,-58.923,-1.4003,62564478,62300133273.0
2014-02-19,'000905,中证500,4207.994,4232.877,4180.914,4206.02,4207.699,0.295,0.007,61217761,63154497739.0
2014-02-18,'000905,中证500,4207.699,4219.034,4188.069,4216.606,4212.745,-5.046,-0.1198,63913296,66766223925.0
2014-02-17,'000905,中证500,4212.745,4213.142,4152.041,4152.041,4134.16,78.585,1.9009,62469417,65593955445.0
2014-02-14,'000905,中证500,4134.16,4134.226,4060.092,4063.791,4064.423,69.737,1.7158,50631158,52265409790.0
2014-02-13,'000905,中证500,4064.423,4137.588,4064.423,4123.215,4125.412,-60.989,-1.4784,61051500,62110135188.0
2014-02-12,'000905,中证500,4125.412,4125.709,4064.346,4083.819,4080.378,45.034,1.1037,59039266,60189976732.0
2014-02-11,'000905,中证500,4080.378,4099.775,4031.951,4081.544,4074.63,5.748,0.1411,61876821,66427604053.0
2014-02-10,'000905,中证500,4074.63,4074.63,3972.857,3972.857,3957.671,116.959,2.9552,57754949,62830622725.0
2014-02-07,'000905,中证500,3957.671,3957.933,3854.982,3864.891,3885.416,72.255,1.8596,34036566,37584978982.0
2014-01-30,'000905,中证500,3885.416,3908.605,3877.57,3900.013,3908.45,-23.034,-0.5893,28549940,30952128220.0
2014-01-29,'000905,中证500,3908.45,3913.124,3878.314,3878.314,3873.81,34.64,0.8942,33008381,36653826332.0
2014-01-28,'000905,中证500,3873.81,3906.573,3847.029,3882.006,3881.947,-8.137,-0.2096,31946533,35468332899.0
2014-01-27,'000905,中证500,3881.947,3916.666,3854.866,3867.566,3882.668,-0.721,-0.0186,42636805,45982997025.0
2014-01-24,'000905,中证500,3882.668,3890.528,3811.137,3817.078,3825.486,57.182,1.4948,45790748,48820004180.0
2014-01-23,'000905,中证500,3825.486,3841.028,3795.475,3801.749,3799.042,26.444,0.6961,40705802,44043320024.0
2014-01-22,'000905,中证500,3799.042,3799.057,3707.033,3707.082,3700.108,98.934,2.6738,41849047,42102246756.0
2014-01-21,'000905,中证500,3700.108,3700.594,3645.344,3645.344,3644.125,55.983,1.5363,28497804,29215573162.0
2014-01-20,'000905,中证500,3644.125,3680.01,3627.65,3666.303,3671.915,-27.79,-0.7568,23805747,24791854467.0
2014-01-17,'000905,中证500,3671.915,3704.96,3669.587,3704.356,3714.314,-42.399,-1.1415,25325293,25832781201.0
2014-01-16,'000905,中证500,3714.314,3738.083,3703.191,3709.383,3708.142,6.172,0.1664,29583312,29674608914.0
2014-01-15,'000905,中证500,3708.142,3708.542,3675.635,3681.042,3683.534,24.608,0.6681,29479193,30178561089.0
2014-01-14,'000905,中证500,3683.534,3683.534,3601.993,3610.638,3612.02,71.514,1.9799,28565104,27864934160.0
2014-01-13,'000905,中证500,3612.02,3657.686,3588.742,3628.533,3628.634,-16.614,-0.4579,27842415,27652484466.0
2014-01-10,'000905,中证500,3628.634,3689.187,3619.679,3685.019,3696.023,-67.389,-1.8233,31393303,29759859726.0
2014-01-09,'000905,中证500,3696.023,3768.618,3693.64,3732.861,3738.205,-42.182,-1.1284,33354135,34352021520.0
2014-01-08,'000905,中证500,3738.205,3768.503,3726.114,3735.503,3733.662,4.543,0.1217,31943441,32589003760.0
2014-01-07,'000905,中证500,3733.662,3740.717,3688.421,3699.901,3710.898,22.764,0.6134,27208621,27587590271.0
2014-01-06,'000905,中证500,3710.898,3806.585,3709.909,3806.585,3816.316,-105.418,-2.7623,34511866,33089075606.0
2014-01-03,'000905,中证500,3816.316,3843.36,3802.992,3841.219,3847.879,-31.563,-0.8203,34817561,35851633239.0
2014-01-02,'000905,中证500,3847.879,3848.253,3813.806,3823.316,3829.096,18.783,0.4905,30800260,31417807017.0
2013-12-31,'000905,中证500,3829.096,3829.802,3789.817,3805.696,3813.003,16.093,0.4221,29276062,29310880036.0
2013-12-30,'000905,中证500,3813.003,3828.968,3803.793,3815.682,3800.774,12.229,0.3218,31654040,30936808450.0
2013-12-27,'000905,中证500,3800.774,3809.467,3734.654,3737.645,3743.132,57.642,1.5399,32215142,31632394151.0
2013-12-26,'000905,中证500,3743.132,3809.503,3741.609,3809.503,3808.453,-65.321,-1.7152,33116048,33000779620.0
2013-12-25,'000905,中证500,3808.453,3808.46,3756.713,3766.201,3768.703,39.75,1.0547,26951988,29515512213.0
2013-12-24,'000905,中证500,3768.703,3799.769,3738.765,3746.646,3742.738,25.965,0.6937,28610148,29958058529.0
2013-12-23,'000905,中证500,3742.738,3757.388,3687.397,3745.941,3747.002,-4.264,-0.1138,26690131,26950008205.0
2013-12-20,'000905,中证500,3747.002,3807.552,3736.399,3792.676,3795.023,-48.021,-1.2654,29200456,28581621657.0
2013-12-19,'000905,中证500,3795.023,3859.217,3793.398,3840.28,3834.045,-39.022,-1.0178,28183488,27594027322.0
2013-12-18,'000905,中证500,3834.045,3855.359,3819.069,3836.023,3834.027,0.018,0.0005,26983216,26497719257.0
2013-12-17,'000905,中证500,3834.027,3867.778,3824.972,3854.785,3857.715,-23.688,-0.614,31875311,31628625524.0
2013-12-16,'000905,中证500,3857.715,3932.598,3854.468,3929.377,3925.434,-67.719,-1.7251,41047676,40162442147.0
2013-12-13,'000905,中证500,3925.434,3932.887,3886.969,3901.988,3916.962,8.472,0.2163,35894549,35209975010.0
2013-12-12,'000905,中证500,3916.962,3943.028,3900.953,3903.448,3906.78,10.182,0.2606,39090674,38454526925.0
2013-12-11,'000905,中证500,3906.78,3941.904,3878.327,3941.904,3950.486,-43.706,-1.1063,46188047,43699030434.0
2013-12-10,'000905,中证500,3950.486,3965.163,3930.002,3948.571,3947.704,2.782,0.0705,45884254,45669979651.0
2013-12-09,'000905,中证500,3947.704,3948.059,3924.813,3928.164,3918.783,28.921,0.738,40104738,40766212303.0
2013-12-06,'000905,中证500,3918.783,3941.538,3906.799,3924.642,3928.724,-9.941,-0.253,42822790,41729852635.0
2013-12-05,'000905,中证500,3928.724,3944.702,3911.266,3931.142,3932.998,-4.274,-0.1087,49524276,48484984771.0
2013-12-04,'000905,中证500,3932.998,3959.107,3852.475,3856.349,3859.955,73.043,1.8923,64141883,61605073281.0
2013-12-03,'000905,中证500,3859.955,3861.158,3750.962,3755.186,3770.865,89.09,2.3626,46942058,45238703134.0
2013-12-02,'000905,中证500,3770.865,3905.679,3737.318,3870.029,3946.383,-175.518,-4.4476,66783091,64791454017.0
2013-11-29,'000905,中证500,3946.383,3947.914,3919.725,3924.416,3922.666,23.717,0.6046,48473246,49411282588.0
2013-11-28,'000905,中证500,3922.666,3945.534,3895.11,3897.255,3889.755,32.911,0.8461,55447964,53130333534.0
2013-11-27,'000905,中证500,3889.755,3890.051,3837.139,3843.651,3845.676,44.079,1.1462,47221058,46761262261.0
2013-11-26,'000905,中证500,3845.676,3855.966,3822.133,3837.873,3839.602,6.074,0.1582,42954415,40463719316.0
2013-11-25,'000905,中证500,3839.602,3874.098,3824.647,3834.808,3842.756,-3.154,-0.0821,46434888,42870008829.0
2013-11-22,'000905,中证500,3842.756,3880.717,3835.918,3868.497,3865.41,-22.654,-0.5861,49023979,45404286319.0
2013-11-21,'000905,中证500,3865.41,3878.236,3838.541,3865.569,3878.584,-13.174,-0.3397,53986873,49106389388.0
2013-11-20,'000905,中证500,3878.584,3878.704,3827.384,3842.25,3840.365,38.219,0.9952,48582895,46676500973.0
2013-11-19,'000905,中证500,3840.365,3851.567,3814.523,3830.45,3827.882,12.483,0.3261,50882611,49083845023.0
2013-11-18,'000905,中证500,3827.882,3828.016,3755.499,3759.124,3736.452,91.43,2.447,56264006,53555697449.0
2013-11-15,'000905,中证500,3736.452,3766.359,3661.282,3661.282,3659.83,76.622,2.0936,48826910,47107809937.0
2013-11-14,'000905,中证500,3659.83,3660.041,3575.837,3602.852,3611.76,48.07,1.3309,33107759,31634533974.0
2013-11-13,'000905,中证500,3611.76,3677.353,3611.76,3677.353,3680.536,-68.776,-1.8686,32957286,30074798410.0
2013-11-12,'000905,中证500,3680.536,3681.071,3634.868,3645.373,3645.84,34.696,0.9517,30054981,28351838313.0
2013-11-11,'000905,中证500,3645.84,3659.655,3600.085,3626.187,3629.94,15.9,0.438,27357500,26340249394.0
2013-11-08,'000905,中证500,3629.94,3678.228,3618.926,3670.352,3685.04,-55.1,-1.4952,34946730,32624376264.0
2013-11-07,'000905,中证500,3685.04,3734.863,3677.534,3722.241,3737.106,-52.066,-1.3932,34814963,33087624802.0
2013-11-06,'000905,中证500,3737.106,3799.825,3737.106,3768.732,3777.404,-40.298,-1.0668,45097252,41298449908.0
2013-11-05,'000905,中证500,3777.404,3777.626,3688.213,3719.944,3728.188,49.216,1.3201,39498165,36353840607.0
2013-11-04,'000905,中证500,3728.188,3744.588,3705.432,3705.449,3702.445,25.743,0.6953,32852152,30522020115.0
2013-11-01,'000905,中证500,3702.445,3720.436,3661.736,3698.469,3713.829,-11.384,-0.3065,33387357,30914885339.0
2013-10-31,'000905,中证500,3713.829,3757.806,3710.69,3757.806,3764.453,-50.624,-1.3448,41787544,38030666070.0
2013-10-30,'000905,中证500,3764.453,3764.599,3688.386,3694.312,3703.86,60.593,1.6359,41549282,38696491662.0
2013-10-29,'000905,中证500,3703.86,3827.119,3600.434,3801.934,3808.703,-104.843,-2.7527,55739762,51444644044.0
2013-10-28,'000905,中证500,3808.703,3828.723,3785.912,3820.674,3821.779,-13.076,-0.3421,39569843,38708762881.0
2013-10-25,'000905,中证500,3821.779,3916.924,3796.069,3902.226,3898.156,-76.377,-1.9593,49905237,49387094110.0
2013-10-24,'000905,中证500,3898.156,3933.73,3889.338,3914.239,3924.219,-26.063,-0.6642,44942282,42767685473.0
2013-10-23,'000905,中证500,3924.219,4039.425,3906.509,4026.563,4026.516,-102.297,-2.5406,67708421,62951196833.0
2013-10-22,'000905,中证500,4026.516,4089.096,4014.265,4070.665,4069.033,-42.517,-1.0449,73645943,74639747692.0
2013-10-21,'000905,中证500,4069.033,4069.224,3968.393,3977.261,3970.641,98.392,2.478,66057291,64778993477.0
2013-10-18,'000905,中证500,3970.641,3978.342,3937.24,3954.585,3956.965,13.676,0.3456,50779601,48046875361.0
2013-10-17,'000905,中证500,3956.965,4010.622,3944.974,3980.466,3963.212,-6.247,-0.1576,66319178,63201376759.0
2013-10-16,'000905,中证500,3963.212,4063.823,3941.589,4063.823,4074.083,-110.871,-2.7214,77837952,75722341889.0
2013-10-15,'000905,中证500,4074.083,4080.107,4043.793,4074.827,4068.32,5.763,0.1417,75671782,72950258752.0
2013-10-14,'000905,中证500,4068.32,4069.783,4024.591,4034.189,4026.916,41.404,1.0282,74692288,72971055096.0
2013-10-11,'000905,中证500,4026.916,4027.32,3975.109,3975.109,3959.63,67.286,1.6993,72015582,68678643097.0
2013-10-10,'000905,中证500,3959.63,4000.486,3947.841,3990.779,3981.058,-21.428,-0.5382,69807454,66293048383.0
2013-10-09,'000905,中证500,3981.058,3981.446,3915.73,3928.399,3938.068,42.99,1.0917,60214012,58126060073.0
2013-10-08,'000905,中证500,3938.068,3938.068,3866.677,3875.522,3872.893,65.175,1.6829,55134379,55498920949.0
2013-09-30,'000905,中证500,3872.893,3873.493,3834.012,3834.17,3822.758,50.135,1.3115,39454582,41763486724.0
2013-09-27,'000905,中证500,3822.758,3841.544,3802.901,3805.497,3808.216,14.542,0.3819,43549266,44024203903.0
2013-09-26,'000905,中证500,3808.216,3883.392,3806.641,3879.476,3889.221,-81.005,-2.0828,59027573,56763483787.0
2013-09-25,'000905,中证500,3889.221,3930.602,3881.599,3899.612,3903.518,-14.297,-0.3663,70191622,67886689453.0
2013-09-24,'000905,中证500,3903.518,3915.983,3864.44,3897.409,3899.625,3.893,0.0998,65079754,63947874499.0
2013-09-23,'000905,中证500,3899.625,3899.86,3830.947,3830.947,3822.123,77.502,2.0277,56527139,56490895298.0
2013-09-18,'000905,中证500,3822.123,3823.012,3776.703,3780.702,3786.292,35.831,0.9463,44464410,43668160027.0
2013-09-17,'000905,中证500,3786.292,3851.657,3785.23,3851.657,3854.207,-67.915,-1.7621,57558553,53088749807.0
2013-09-16,'000905,中证500,3854.207,3870.727,3836.406,3852.362,3849.82,4.387,0.114,55682311,52644030423.0
2013-09-13,'000905,中证500,3849.82,3858.426,3825.178,3846.452,3845.068,4.752,0.1236,64865343,56409493116.0
2013-09-12,'000905,中证500,3845.068,3857.518,3815.741,3824.754,3834.258,10.81,0.2819,67273439,57448642414.0
2013-09-11,'000905,中证500,3834.258,3876.773,3814.277,3876.586,3870.923,-36.665,-0.9472,88026266,76016248233.0
2013-09-10,'000905,中证500,3870.923,3871.187,3832.32,3836.471,3831.927,38.996,1.0177,81063452,71770712391.0
2013-09-09,'000905,中证500,3831.927,3835.48,3793.114,3799.451,3792.832,39.095,1.0308,72932219,67253506959.0
2013-09-06,'000905,中证500,3792.832,3799.071,3754.64,3758.905,3762.569,30.263,0.8043,60603117,56989302419.0
2013-09-05,'000905,中证500,3762.569,3776.004,3741.457,3749.938,3755.239,7.33,0.1952,60681105,54687164547.0
2013-09-04,'000905,中证500,3755.239,3766.414,3734.778,3747.227,3744.871,10.368,0.2769,62363848,54486355899.0
2013-09-03,'000905,中证500,3744.871,3745.235,3680.147,3685.337,3689.959,54.912,1.4881,59626646,50108691899.0
2013-09-02,'000905,中证500,3689.959,3695.087,3633.461,3674.684,3664.148,25.811,0.7044,62860944,52818470953.0
2013-08-30,'000905,中证500,3664.148,3727.3,3645.362,3702.847,3701.083,-36.935,-0.998,77069196,64028442860.0
2013-08-29,'000905,中证500,3701.083,3715.846,3679.08,3703.046,3703.92,-2.837,-0.0766,62936686,53345962599.0
2013-08-28,'000905,中证500,3703.92,3740.129,3680.496,3707.533,3732.098,-28.178,-0.755,70205929,63585748881.0
2013-08-27,'000905,中证500,3732.098,3732.219,3691.161,3702.582,3703.593,28.505,0.7697,57467907,51583006762.0
2013-08-26,'000905,中证500,3703.593,3703.794,3627.311,3629.357,3627.97,75.623,2.0844,53522589,50848498102.0
2013-08-23,'000905,中证500,3627.97,3654.729,3560.133,3644.676,3636.469,-8.499,-0.2337,54837231,52538563861.0
2013-08-22,'000905,中证500,3636.469,3650.114,3615.706,3621.886,3627.501,8.968,0.2472,46132535,43266633995.0
2013-08-21,'000905,中证500,3627.501,3627.914,3577.818,3596.933,3599.637,27.864,0.7741,42619884,39002159433.0
2013-08-20,'000905,中证500,3599.637,3634.048,3580.194,3606.614,3609.028,-9.391,-0.2602,43159819,40942687117.0
2013-08-19,'000905,中证500,3609.028,3609.167,3522.152,3528.908,3554.348,54.68,1.5384,38469594,35417007167.0
2013-08-16,'000905,中证500,3554.348,3688.689,3550.818,3611.284,3631.321,-76.973,-2.1197,53635601,49148539297.0
2013-08-15,'000905,中证500,3631.321,3686.261,3629.337,3674.653,3681.082,-49.761,-1.3518,43739736,41626247438.0
2013-08-14,'000905,中证500,3681.082,3706.771,3662.041,3694.68,3695.552,-14.47,-0.3916,52983290,47033333854.0
2013-08-13,'000905,中证500,3695.552,3695.56,3669.491,3677.115,3676.195,19.357,0.5265,52649483,45698166160.0
2013-08-12,'000905,中证500,3676.195,3676.197,3628.945,3629.509,3618.744,57.451,1.5876,56492687,53214492024.0
2013-08-09,'000905,中证500,3618.744,3637.908,3570.78,3611.776,3605.85,12.894,0.3576,44357691,43821525174.0
2013-08-08,'000905,中证500,3605.85,3627.247,3577.58,3589.162,3596.318,9.532,0.265,42449968,41185098735.0
2013-08-07,'000905,中证500,3596.318,3644.212,3589.339,3628.004,3631.124,-34.806,-0.9585,52616517,49976415052.0
2013-08-06,'000905,中证500,3631.124,3638.705,3581.526,3589.52,3592.538,38.586,1.0741,49796070,47335574737.0
2013-08-05,'000905,中证500,3592.538,3592.872,3528.85,3531.652,3533.609,58.929,1.6677,41721850,40115301552.0
2013-08-02,'000905,中证500,3533.609,3563.186,3528.641,3535.887,3521.152,12.457,0.3538,47264021,44429897647.0
2013-08-01,'000905,中证500,3521.152,3521.156,3429.716,3435.084,3430.743,90.409,2.6353,44225964,42269871915.0
2013-07-31,'000905,中证500,3430.743,3462.095,3418.715,3428.134,3411.219,19.524,0.5723,35825661,33393083994.0
2013-07-30,'000905,中证500,3411.219,3449.539,3349.551,3426.956,3426.593,-15.374,-0.4487,36592728,34953447508.0
2013-07-29,'000905,中证500,3426.593,3484.639,3423.772,3477.264,3494.159,-67.566,-1.9337,39191054,36668786390.0
2013-07-26,'000905,中证500,3494.159,3520.493,3449.607,3486.957,3498.242,-4.083,-0.1167,39358432,38981411492.0
2013-07-25,'000905,中证500,3498.242,3572.547,3496.311,3561.507,3566.282,-68.04,-1.9079,50866790,51562676517.0
2013-07-24,'000905,中证500,3566.282,3575.004,3500.079,3536.155,3544.966,21.316,0.6013,56549743,56316924931.0
2013-07-23,'000905,中证500,3544.966,3545.054,3470.598,3470.598,3461.281,83.685,2.4177,53543833,53322693177.0
2013-07-22,'000905,中证500,3461.281,3461.699,3359.386,3374.572,3394.306,66.975,1.9732,41992972,41787754334.0
2013-07-19,'000905,中证500,3394.306,3510.11,3394.306,3479.531,3481.201,-86.895,-2.4961,50986595,49889751914.0
2013-07-18,'000905,中证500,3481.201,3505.185,3445.326,3476.181,3485.074,-3.873,-0.1111,45983436,45744852787.0
2013-07-17,'000905,中证500,3485.074,3552.368,3474.363,3529.714,3536.313,-51.239,-1.4489,50046778,49055064036.0
2013-07-16,'000905,中证500,3536.313,3536.313,3474.361,3496.728,3493.441,42.872,1.2272,49314724,48308414198.0
2013-07-15,'000905,中证500,3493.441,3493.721,3431.497,3432.257,3425.135,68.306,1.9943,46585887,45609098379.0
2013-07-12,'000905,中证500,3425.135,3490.497,3424.277,3453.441,3455.884,-30.749,-0.8898,51808213,50056306876.0
2013-07-11,'000905,中证500,3455.884,3484.787,3364.229,3364.841,3361.395,94.489,2.811,63323521,56898559181.0
2013-07-10,'000905,中证500,3361.395,3361.395,3257.904,3259.845,3259.911,101.484,3.1131,41864126,38711690708.0
2013-07-09,'000905,中证500,3259.911,3263.391,3210.731,3231.699,3240.477,19.434,0.5997,30094635,28150383007.0
2013-07-08,'000905,中证500,3240.477,3322.135,3240.105,3322.135,3371.529,-131.052,-3.887,39952470,36284240660.0
2013-07-05,'000905,中证500,3371.529,3427.984,3371.315,3392.584,3390.488,-18.959,-0.5592,43952832,40669748664.0
2013-07-04,'000905,中证500,3390.488,3427.378,3325.268,3342.011,3364.184,26.304,0.7819,46938955,44347115069.0
2013-07-03,'000905,中证500,3364.184,3372.631,3288.019,3346.107,3359.053,5.131,0.1528,44310657,42556348116.0
2013-07-02,'000905,中证500,3359.053,3359.123,3295.327,3304.987,3304.591,54.462,1.6481,40385074,39563446595.0
2013-07-01,'000905,中证500,3304.591,3304.591,3210.662,3226.624,3235.978,68.613,2.1203,35326629,33608711143.0
2013-06-28,'000905,中证500,3235.978,3292.91,3176.242,3212.254,3233.222,2.756,0.0852,38640596,34979634869.0
2013-06-27,'000905,中证500,3233.222,3339.86,3231.146,3293.078,3285.818,-52.596,-1.6007,44968691,42517431123.0
2013-06-26,'000905,中证500,3285.818,3285.818,3200.158,3222.68,3219.134,66.684,2.0715,39900589,38224847772.0
2013-06-25,'000905,中证500,3219.134,3243.401,2981.691,3202.659,3232.962,-13.828,-0.4277,51554392,44250328604.0
2013-06-24,'000905,中证500,3232.962,3439.866,3200.67,3439.866,3446.483,-213.521,-6.1953,40536541,36506606231.0
2013-06-21,'000905,中证500,3446.483,3464.592,3347.757,3401.471,3465.004,-18.521,-0.5345,32289840,30756539013.0
2013-06-20,'000905,中证500,3465.004,3566.361,3463.133,3562.128,3583.298,-118.294,-3.3013,33024026,32563649485.0
2013-06-19,'000905,中证500,3583.298,3588.766,3525.448,3588.766,3605.758,-22.46,-0.6229,32895417,32107538554.0
2013-06-18,'000905,中证500,3605.758,3613.026,3557.456,3594.904,3593.371,12.387,0.3447,31332908,31369487347.0
2013-06-17,'000905,中证500,3593.371,3620.954,3565.277,3593.51,3584.978,8.393,0.2341,35645970,37328974228.0
2013-06-14,'000905,中证500,3584.978,3591.248,3519.326,3519.368,3515.05,69.928,1.9894,34643840,35265955848.0
2013-06-13,'000905,中证500,3515.05,3573.896,3446.25,3573.896,3616.21,-101.16,-2.7974,37241682,34264499771.0
2013-06-07,'000905,中证500,3616.21,3701.221,3593.968,3690.957,3688.736,-72.526,-1.9661,40708652,39558664009.0
2013-06-06,'000905,中证500,3688.736,3742.504,3686.253,3742.504,3755.148,-66.412,-1.7686,38813764,38013941993.0
2013-06-05,'000905,中证500,3755.148,3759.519,3718.123,3733.948,3739.724,15.424,0.4124,36616173,37010106619.0
2013-06-04,'000905,中证500,3739.724,3811.653,3707.561,3809.555,3814.51,-74.786,-1.9606,49249706,48610521189.0
2013-06-03,'000905,中证500,3814.51,3855.788,3803.363,3836.767,3841.218,-26.708,-0.6953,48387753,49391590358.0
2013-05-31,'000905,中证500,3841.218,3884.675,3840.699,3867.59,3865.134,-23.916,-0.6188,55067935,56207611615.0
2013-05-30,'000905,中证500,3865.134,3872.26,3835.222,3843.162,3856.319,8.815,0.2286,54454809,55483912363.0
2013-05-29,'000905,中证500,3856.319,3858.924,3828.286,3830.224,3827.782,28.537,0.7455,58319096,57096106271.0
2013-05-28,'000905,中证500,3827.782,3829.972,3770.65,3820.243,3820.427,7.355,0.1925,60071568,58861069186.0
2013-05-27,'000905,中证500,3820.427,3820.587,3782.266,3784.468,3782.071,38.356,1.0142,55529357,55508754527.0
2013-05-24,'000905,中证500,3782.071,3782.17,3723.621,3723.621,3724.229,57.842,1.5531,50238938,48927064353.0
2013-05-23,'000905,中证500,3724.229,3783.972,3716.291,3740.439,3755.874,-31.645,-0.8425,57813096,54473098354.0
2013-05-22,'000905,中证500,3755.874,3795.168,3740.224,3782.969,3787.059,-31.185,-0.8235,65313272,63037516258.0
2013-05-21,'000905,中证500,3787.059,3787.103,3727.667,3733.673,3737.748,49.311,1.3193,67690117,66347954151.0
2013-05-20,'000905,中证500,3737.748,3740.583,3686.757,3700.09,3691.399,46.349,1.2556,66798825,66738550616.0
2013-05-17,'000905,中证500,3691.399,3695.244,3631.259,3632.612,3635.755,55.644,1.5305,59398504,54997639169.0
2013-05-16,'000905,中证500,3635.755,3647.485,3578.094,3594.3,3597.106,38.649,1.0744,52393567,50602541528.0
2013-05-15,'000905,中证500,3597.106,3597.236,3548.548,3549.745,3549.303,47.803,1.3468,36487418,37037743203.0
2013-05-14,'000905,中证500,3549.303,3586.324,3524.577,3586.324,3590.758,-41.455,-1.1545,38083658,36835083435.0
2013-05-13,'000905,中证500,3590.758,3591.091,3565.487,3577.295,3577.327,13.431,0.3754,39465780,38932043041.0
2013-05-10,'000905,中证500,3577.327,3577.327,3536.172,3550.026,3555.769,21.558,0.6063,44666708,44817877724.0
2013-05-09,'000905,中证500,3555.769,3557.019,3517.594,3551.899,3553.848,1.921,0.0541,49301725,49151023188.0
2013-05-08,'000905,中证500,3553.848,3554.149,3517.942,3524.787,3521.477,32.371,0.9192,42307295,41307431389.0
2013-05-07,'000905,中证500,3521.477,3531.548,3495.801,3511.214,3514.457,7.02,0.1997,41201396,40099911418.0
2013-05-06,'000905,中证500,3514.457,3516.872,3456.283,3456.283,3448.64,65.817,1.9085,44249314,42476585112.0
2013-05-03,'000905,中证500,3448.64,3459.981,3391.218,3391.218,3383.398,65.242,1.9283,37244338,35659631511.0
2013-05-02,'000905,中证500,3383.398,3386.279,3345.441,3354.472,3367.766,15.632,0.4642,29438535,28077105491.0
2013-04-26,'000905,中证500,3367.766,3438.318,3360.745,3427.146,3431.401,-63.635,-1.8545,37402911,34801657174.0
2013-04-25,'000905,中证500,3431.401,3494.535,3431.149,3473.015,3484.568,-53.167,-1.5258,48836443,46953028570.0
2013-04-24,'000905,中证500,3484.568,3489.524,3411.815,3417.401,3416.449,68.119,1.9939,42449212,40524123383.0
2013-04-23,'000905,中证500,3416.449,3509.743,3412.212,3509.196,3511.624,-95.175,-2.7103,43616451,39770062432.0
2013-04-22,'000905,中证500,3511.624,3511.715,3475.863,3478.044,3495.242,16.382,0.4687,43809695,41273810250.0
2013-04-19,'000905,中证500,3495.242,3498.572,3422.971,3423.443,3423.012,72.23,2.1101,43337891,39859246220.0
2013-04-18,'000905,中证500,3423.012,3434.045,3383.965,3396.014,3412.416,10.596,0.3105,32346727,29865355533.0
2013-04-17,'000905,中证500,3412.416,3412.521,3373.025,3381.606,3383.081,29.335,0.8671,28793458,26727029858.0
2013-04-16,'000905,中证500,3383.081,3383.314,3302.244,3313.508,3346.851,36.23,1.0825,29893889,25812228445.0
2013-04-15,'000905,中证500,3346.851,3382.0,3336.415,3382.0,3394.517,-47.666,-1.4042,29308107,25580176434.0
2013-04-12,'000905,中证500,3394.517,3434.666,3391.013,3418.296,3423.217,-28.7,-0.8384,29294988,26198905341.0
2013-04-11,'000905,中证500,3423.217,3453.531,3420.758,3442.932,3437.267,-14.05,-0.4088,31925568,28642370316.0
2013-04-10,'000905,中证500,3437.267,3455.693,3410.029,3444.459,3444.371,-7.104,-0.2062,35551708,33103603814.0
2013-04-09,'000905,中证500,3444.371,3449.924,3411.404,3411.404,3411.13,33.241,0.9745,34183396,30878493181.0
2013-04-08,'000905,中证500,3411.13,3411.375,3315.332,3354.444,3397.232,13.898,0.4091,36220828,32252840650.0
2013-04-03,'000905,中证500,3397.232,3438.586,3382.225,3429.887,3428.5,-31.268,-0.912,36721020,32560825378.0
2013-04-02,'000905,中证500,3428.5,3504.278,3419.738,3471.691,3470.96,-42.46,-1.2233,37863676,35182736424.0
2013-04-01,'000905,中证500,3470.96,3489.143,3448.289,3449.54,3447.285,23.675,0.6868,32953823,30167400237.0
2013-03-29,'000905,中证500,3447.285,3470.481,3434.569,3449.277,3448.977,-1.692,-0.0491,31555518,28629550098.0
2013-03-28,'000905,中证500,3448.977,3526.539,3448.665,3526.539,3552.257,-103.28,-2.9074,41252741,37049156757.0
2013-03-27,'000905,中证500,3552.257,3579.391,3528.309,3541.376,3543.812,8.445,0.2383,36894002,35430083154.0
2013-03-26,'000905,中证500,3543.812,3557.791,3504.566,3556.3,3568.523,-24.711,-0.6925,38135551,35743324347.0
2013-03-25,'000905,中证500,3568.523,3590.815,3550.185,3581.311,3579.92,-11.397,-0.3184,39784826,37323613032.0
2013-03-22,'000905,中证500,3579.92,3586.092,3549.074,3561.122,3565.02,14.9,0.4179,42811368,38737281453.0
2013-03-21,'000905,中证500,3565.02,3575.837,3522.143,3527.762,3527.772,37.248,1.0559,48504441,45250505031.0
2013-03-20,'000905,中证500,3527.772,3527.83,3432.582,3436.845,3438.072,89.7,2.609,45308619,39767863848.0
2013-03-19,'000905,中证500,3438.072,3442.056,3378.912,3421.737,3427.12,10.952,0.3196,34632034,31250906003.0
2013-03-18,'000905,中证500,3427.12,3477.929,3423.52,3461.873,3471.214,-44.094,-1.2703,36157365,34162311552.0
2013-03-15,'000905,中证500,3471.214,3525.532,3431.573,3466.892,3464.854,6.36,0.1836,38003057,36029721961.0
2013-03-14,'000905,中证500,3464.854,3482.369,3440.023,3443.776,3449.35,15.504,0.4495,27756631,25915221081.0
2013-03-13,'000905,中证500,3449.35,3477.098,3413.179,3473.265,3481.175,-31.825,-0.9142,31415511,28827635231.0
2013-03-12,'000905,中证500,3481.175,3589.72,3438.191,3570.469,3571.105,-89.93,-2.5183,44069285,40719835241.0
2013-03-11,'000905,中证500,3571.105,3588.705,3543.765,3568.622,3570.38,0.725,0.0203,32733665,31010435378.0
2013-03-08,'000905,中证500,3570.38,3626.92,3564.225,3608.896,3609.64,-39.26,-1.0876,39649238,38381068979.0
2013-03-07,'000905,中证500,3609.64,3651.741,3575.976,3648.28,3653.934,-44.294,-1.2122,54941456,53496724299.0
2013-03-06,'000905,中证500,3653.934,3654.108,3605.363,3605.363,3597.922,56.012,1.5568,58246379,55482834943.0
2013-03-05,'000905,中证500,3597.922,3598.013,3507.03,3516.526,3518.717,79.205,2.251,50380215,47679030905.0
2013-03-04,'000905,中证500,3518.717,3614.558,3496.049,3614.558,3648.422,-129.705,-3.5551,64588090,58624532627.0
2013-03-01,'000905,中证500,3648.422,3648.688,3603.978,3608.618,3608.199,40.223,1.1148,50173282,47913789682.0
2013-02-28,'000905,中证500,3608.199,3608.199,3531.895,3544.064,3535.896,72.303,2.0448,46062089,42703449313.0
2013-02-27,'000905,中证500,3535.896,3568.685,3506.762,3538.937,3533.204,2.692,0.0762,38234974,36615453562.0
2013-02-26,'000905,中证500,3533.204,3600.46,3532.271,3573.954,3587.587,-54.383,-1.5159,43386758,41504131316.0
2013-02-25,'000905,中证500,3587.587,3595.6,3551.37,3551.597,3548.358,39.229,1.1056,37677102,35661833113.0
2013-02-22,'000905,中证500,3548.358,3587.713,3543.022,3552.669,3560.317,-11.959,-0.3359,41585438,39756230929.0
2013-02-21,'000905,中证500,3560.317,3612.72,3531.13,3612.72,3635.375,-75.058,-2.0647,54411625,50565195711.0
2013-02-20,'000905,中证500,3635.375,3635.375,3553.489,3555.594,3561.357,74.018,2.0784,44252308,41216710013.0
2013-02-19,'000905,中证500,3561.357,3630.653,3546.723,3624.94,3627.776,-66.419,-1.8308,48420991,42698603190.0
2013-02-18,'000905,中证500,3627.776,3639.364,3604.013,3625.034,3608.589,19.187,0.5317,45099278,41448241843.0
2013-02-08,'000905,中证500,3608.589,3618.84,3553.796,3554.149,3557.667,50.922,1.4313,37928303,36455880337.0
2013-02-07,'000905,中证500,3557.667,3565.381,3526.032,3539.475,3544.385,13.282,0.3747,38704834,36599179547.0
2013-02-06,'000905,中证500,3544.385,3555.94,3521.642,3521.66,3520.646,23.739,0.6743,42308705,38010627848.0
2013-02-05,'000905,中证500,3520.646,3520.985,3457.429,3466.591,3484.362,36.284,1.0413,47711133,41301298971.0
2013-02-04,'000905,中证500,3484.362,3524.041,3467.018,3517.461,3507.709,-23.347,-0.6656,55937446,50387987916.0
2013-02-01,'000905,中证500,3507.709,3507.833,3462.676,3471.269,3479.638,28.071,0.8067,47925487,42185118919.0
2013-01-31,'000905,中证500,3479.638,3499.148,3463.202,3497.28,3500.578,-20.94,-0.5982,48591252,43092440966.0
2013-01-30,'000905,中证500,3500.578,3502.719,3462.368,3482.567,3482.519,18.059,0.5186,54218930,46990705859.0
2013-01-29,'000905,中证500,3482.519,3489.858,3447.821,3451.663,3449.794,32.725,0.9486,49280375,45187021289.0
2013-01-28,'000905,中证500,3449.794,3449.95,3362.216,3362.474,3364.061,85.733,2.5485,45422121,41684784652.0
2013-01-25,'000905,中证500,3364.061,3382.767,3346.236,3363.429,3369.732,-5.671,-0.1683,37099186,33398507121.0
2013-01-24,'000905,中证500,3369.732,3473.978,3344.981,3442.618,3441.745,-72.013,-2.0923,57174970,49520340993.0
2013-01-23,'000905,中证500,3441.745,3451.259,3393.047,3422.768,3435.434,6.311,0.1837,43357373,38051251608.0
2013-01-22,'000905,中证500,3435.434,3487.571,3409.843,3487.571,3491.122,-55.688,-1.5951,53474122,47247161757.0
2013-01-21,'000905,中证500,3491.122,3492.217,3458.873,3475.198,3464.645,26.477,0.7642,53789532,45819878963.0
2013-01-18,'000905,中证500,3464.645,3466.534,3406.604,3416.449,3408.022,56.623,1.6615,51118611,44339888668.0
2013-01-17,'000905,中证500,3408.022,3452.374,3399.663,3444.468,3450.56,-42.538,-1.2328,47415541,41612112790.0
2013-01-16,'000905,中证500,3450.56,3462.587,3393.714,3448.278,3450.682,-0.122,-0.0035,62908482,55786554153.0
2013-01-15,'000905,中证500,3450.682,3463.263,3389.783,3390.329,3384.745,65.937,1.9481,69368970,61177582010.0
2013-01-14,'000905,中证500,3384.745,3387.5,3262.575,3264.152,3271.179,113.566,3.4717,56753230,49292491425.0
2013-01-11,'000905,中证500,3271.179,3360.413,3262.831,3357.47,3356.35,-85.171,-2.5376,51300534,42629276534.0
2013-01-10,'000905,中证500,3356.35,3368.005,3329.927,3335.088,3334.987,21.363,0.6406,47901958,39408457427.0
2013-01-09,'000905,中证500,3334.987,3359.075,3303.799,3321.765,3327.04,7.947,0.2389,50927396,43568057137.0
2013-01-08,'000905,中证500,3327.04,3331.667,3270.765,3288.125,3288.369,38.671,1.176,51963827,44519415792.0
2013-01-07,'000905,中证500,3288.369,3288.653,3245.463,3253.674,3258.251,30.118,0.9244,42731122,36303731585.0
2013-01-04,'000905,中证500,3258.251,3304.759,3226.949,3297.043,3275.86,-17.609,-0.5375,46170854,38348980386.0
2012-12-31,'000905,中证500,3275.86,3275.86,3236.633,3242.961,3235.195,40.665,1.257,47415846,38366383962.0
2012-12-28,'000905,中证500,3235.195,3235.587,3187.094,3195.204,3199.481,35.714,1.1162,41316230,33393660049.0
2012-12-27,'000905,中证500,3199.481,3244.944,3198.91,3232.789,3228.675,-29.194,-0.9042,47223724,38346715453.0
2012-12-26,'000905,中证500,3228.675,3228.802,3183.953,3187.199,3189.088,39.587,1.2413,46800002,37198633040.0
2012-12-25,'000905,中证500,3189.088,3197.717,3102.609,3110.969,3117.698,71.39,2.2898,52862852,41031778248.0
2012-12-24,'000905,中证500,3117.698,3120.73,3090.415,3093.973,3101.074,16.624,0.5361,29083885,24764703925.0
2012-12-21,'000905,中证500,3101.074,3144.261,3089.086,3110.817,3108.86,-7.786,-0.2504,39141260,32326271719.0
2012-12-20,'000905,中证500,3108.86,3111.195,3063.324,3092.925,3099.092,9.768,0.3152,36911367,28583134510.0
2012-12-19,'000905,中证500,3099.092,3109.937,3074.949,3082.379,3086.584,12.508,0.4052,36876183,28573408908.0
2012-12-18,'000905,中证500,3086.584,3124.564,3067.862,3087.318,3091.875,-5.291,-0.1711,46993056,35977223968.0
2012-12-17,'000905,中证500,3091.875,3098.605,3063.486,3073.923,3066.231,25.644,0.8363,52606393,40357746398.0
2012-12-14,'000905,中证500,3066.231,3069.061,2939.148,2939.31,2943.276,122.955,4.1775,52540337,38111890536.0
2012-12-13,'000905,中证500,2943.276,2989.151,2941.552,2976.576,2982.885,-39.609,-1.3279,26777078,19103185034.0
2012-12-12,'000905,中证500,2982.885,2997.923,2952.386,2978.718,2982.027,0.858,0.0288,27388007,20403664339.0
2012-12-11,'000905,中证500,2982.027,3014.066,2978.739,2993.379,3002.231,-20.204,-0.673,35119469,25938556397.0
2012-12-10,'000905,中证500,3002.231,3004.542,2942.492,2950.998,2950.193,52.038,1.7639,40450531,29732124136.0
2012-12-07,'000905,中证500,2950.193,2954.689,2875.84,2883.164,2884.348,65.845,2.2828,39193630,27730754040.0
2012-12-06,'000905,中证500,2884.348,2902.072,2866.885,2884.807,2886.186,-1.838,-0.0637,28387031,20686904909.0
2012-12-05,'000905,中证500,2886.186,2904.653,2767.051,2775.411,2783.412,102.774,3.6924,37987933,27297620284.0
2012-12-04,'000905,中证500,2783.412,2786.13,2704.373,2739.499,2749.134,34.278,1.2469,22740395,16588532383.0
2012-12-03,'000905,中证500,2749.134,2829.835,2746.491,2816.303,2816.624,-67.49,-2.3961,21115016,15089198013.0
2012-11-30,'000905,中证500,2816.624,2818.042,2765.793,2773.233,2774.176,42.448,1.5301,18980357,13340704150.0
2012-11-29,'000905,中证500,2774.176,2822.332,2768.353,2799.959,2800.537,-26.361,-0.9413,17544787,13291124278.0
2012-11-28,'000905,中证500,2800.537,2854.077,2791.294,2854.077,2864.169,-63.632,-2.2217,18301148,13693960504.0
2012-11-27,'000905,中证500,2864.169,2960.614,2862.471,2960.614,2970.323,-106.154,-3.5738,20739078,14693219690.0
2012-11-26,'000905,中证500,2970.323,3006.787,2966.875,3004.171,3005.459,-35.136,-1.1691,14775891,11500020408.0
2012-11-23,'000905,中证500,3005.459,3019.794,2990.064,2993.168,2995.093,10.366,0.3461,17107809,12886347198.0
2012-11-22,'000905,中证500,2995.093,3021.305,2989.378,3021.305,3035.282,-40.189,-1.3241,17125288,12678680975.0
2012-11-21,'000905,中证500,3035.282,3035.282,2963.865,3000.937,3004.183,31.099,1.0352,20669915,15144441933.0
2012-11-20,'000905,中证500,3004.183,3031.286,3003.128,3023.076,3016.159,-11.976,-0.3971,16332550,12339750072.0
2012-11-19,'000905,中证500,3016.159,3016.478,2974.139,3007.681,3009.153,7.006,0.2328,16723783,13212460320.0
2012-11-16,'000905,中证500,3009.153,3021.788,2987.695,3021.295,3026.844,-17.691,-0.5845,18923873,14641928881.0
2012-11-15,'000905,中证500,3026.844,3080.688,3025.297,3066.894,3081.254,-54.41,-1.7658,20262092,15440396351.0
2012-11-14,'000905,中证500,3081.254,3084.382,3048.24,3069.382,3072.121,9.133,0.2973,19657788,15234187099.0
2012-11-13,'000905,中证500,3072.121,3136.954,3066.634,3136.954,3136.308,-64.187,-2.0466,22946754,17735477518.0
2012-11-12,'000905,中证500,3136.308,3139.378,3108.547,3118.108,3116.978,19.33,0.6202,21407500,17174553318.0
2012-11-09,'000905,中证500,3116.978,3139.676,3103.845,3123.086,3129.568,-12.59,-0.4023,20290199,16276009057.0
2012-11-08,'000905,中证500,3129.568,3189.465,3129.388,3183.079,3209.141,-79.573,-2.4796,27608878,21223718886.0
2012-11-07,'000905,中证500,3209.141,3223.59,3192.658,3210.845,3213.26,-4.119,-0.1282,24474336,19729676920.0
2012-11-06,'000905,中证500,3213.26,3234.982,3170.624,3233.423,3235.352,-22.092,-0.6828,29707414,22674249724.0
2012-11-05,'000905,中证500,3235.352,3258.988,3226.503,3244.303,3249.552,-14.2,-0.437,29117417,22694829444.0
2012-11-02,'000905,中证500,3249.552,3251.774,3217.078,3229.955,3228.19,21.362,0.6617,33139025,24247934851.0
2012-11-01,'000905,中证500,3228.19,3235.011,3169.795,3169.795,3168.097,60.093,1.8968,33136396,24393867590.0
2012-10-31,'000905,中证500,3168.097,3168.281,3141.139,3159.217,3160.687,7.41,0.2344,20977676,16341035889.0
2012-10-30,'000905,中证500,3160.687,3189.529,3154.165,3156.74,3158.943,1.744,0.0552,22608737,16940061906.0
2012-10-29,'000905,中证500,3158.943,3172.542,3141.355,3158.111,3163.295,-4.352,-0.1376,20727660,15623120602.0
2012-10-26,'000905,中证500,3163.295,3225.397,3142.278,3221.068,3226.172,-62.877,-1.949,29717478,22194751230.0
2012-10-25,'000905,中证500,3226.172,3282.087,3222.483,3257.725,3257.921,-31.749,-0.9745,33361963,23592332971.0
2012-10-24,'000905,中证500,3257.921,3273.378,3237.741,3242.875,3259.067,-1.146,-0.0352,29639668,20884805579.0
2012-10-23,'000905,中证500,3259.067,3303.236,3255.493,3298.446,3298.488,-39.421,-1.1951,28952346,22952425993.0
2012-10-22,'000905,中证500,3298.488,3301.365,3260.165,3269.038,3285.445,13.043,0.397,24527343,19635176906.0
2012-10-19,'000905,中证500,3285.445,3305.532,3279.248,3292.953,3294.835,-9.39,-0.285,27975908,21762650315.0
2012-10-18,'000905,中证500,3294.835,3301.135,3241.143,3241.268,3240.778,54.057,1.668,34601123,26772151023.0
2012-10-17,'000905,中证500,3240.778,3249.392,3205.533,3237.636,3233.229,7.549,0.2335,22499429,19019541773.0
2012-10-16,'000905,中证500,3233.229,3256.482,3211.304,3219.419,3223.189,10.04,0.3115,22489721,20000000210.0
2012-10-15,'000905,中证500,3223.189,3238.422,3193.991,3237.289,3240.399,-17.21,-0.5311,23539877,19461316306.0
2012-10-12,'000905,中证500,3240.399,3282.91,3210.602,3256.97,3248.045,-7.646,-0.2354,28213827,22016186314.0
2012-10-11,'000905,中证500,3248.045,3296.723,3247.596,3288.052,3296.923,-48.878,-1.4825,29191820,24357365178.0
2012-10-10,'000905,中证500,3296.923,3296.923,3248.827,3257.448,3265.617,31.306,0.9587,33291788,26655324624.0
2012-10-09,'000905,中证500,3265.617,3265.636,3185.21,3185.21,3183.365,82.252,2.5838,29878196,25670933216.0
2012-10-08,'000905,中证500,3183.365,3214.147,3167.677,3198.879,3199.752,-16.387,-0.5121,19485326,16826484971.0
2012-09-28,'000905,中证500,3199.752,3200.079,3121.578,3129.767,3141.082,58.67,1.8678,26692404,23668348904.0
2012-09-27,'000905,中证500,3141.082,3159.071,3062.696,3065.584,3071.989,69.093,2.2491,26945622,22313132225.0
2012-09-26,'000905,中证500,3071.989,3149.026,3067.381,3138.799,3144.408,-72.419,-2.3031,20860436,17057321572.0
2012-09-25,'000905,中证500,3144.408,3179.374,3137.838,3159.127,3167.161,-22.753,-0.7184,19735875,17116061237.0
2012-09-24,'000905,中证500,3167.161,3177.33,3107.367,3129.536,3143.71,23.451,0.746,22123560,19076627109.0
2012-09-21,'000905,中证500,3143.71,3181.268,3137.393,3153.605,3161.763,-18.053,-0.571,23752365,20589545409.0
2012-09-20,'000905,中证500,3161.763,3253.531,3160.676,3253.531,3255.866,-94.103,-2.8903,26794149,22683640840.0
2012-09-19,'000905,中证500,3255.866,3257.016,3224.075,3227.359,3224.259,31.607,0.9803,19631772,17505786084.0
2012-09-18,'000905,中证500,3224.259,3247.669,3210.094,3222.978,3237.704,-13.445,-0.4153,20639932,18234715943.0
2012-09-17,'000905,中证500,3237.704,3334.991,3237.704,3334.707,3338.038,-100.334,-3.0058,29401639,25001902018.0
2012-09-14,'000905,中证500,3338.038,3369.767,3308.007,3356.238,3329.299,8.739,0.2625,34915455,30457883195.0
2012-09-13,'000905,中证500,3329.299,3385.721,3329.299,3374.785,3376.122,-46.823,-1.3869,33938242,30008572471.0
2012-09-12,'000905,中证500,3376.122,3376.326,3339.712,3360.26,3350.088,26.034,0.7771,33796211,29534141225.0
2012-09-11,'000905,中证500,3350.088,3352.624,3324.494,3352.624,3363.605,-13.517,-0.4019,33453739,28683714059.0
2012-09-10,'000905,中证500,3363.605,3376.774,3330.935,3343.806,3334.66,28.945,0.868,42717618,35613707104.0
2012-09-07,'000905,中证500,3334.66,3365.658,3240.652,3240.652,3217.936,116.724,3.6273,50349686,41034319462.0
2012-09-06,'000905,中证500,3217.936,3218.282,3187.11,3187.11,3181.8,36.136,1.1357,21776796,17474991327.0
2012-09-05,'000905,中证500,3181.8,3193.765,3150.789,3158.013,3164.826,16.974,0.5363,20951681,16781009476.0
2012-09-04,'000905,中证500,3164.826,3209.879,3160.698,3202.488,3200.306,-35.48,-1.1086,21103124,17450872140.0
2012-09-03,'000905,中证500,3200.306,3203.846,3131.16,3135.23,3139.5,60.806,1.9368,22583408,18953123899.0
2012-08-31,'000905,中证500,3139.5,3148.506,3115.622,3122.528,3129.495,10.005,0.3197,17767183,14414850875.0
2012-08-30,'000905,中证500,3129.495,3188.763,3083.369,3174.305,3179.54,-50.045,-1.574,26069892,21633276627.0
2012-08-29,'000905,中证500,3179.54,3221.231,3179.54,3197.343,3200.993,-21.453,-0.6702,20895031,17036132667.0
2012-08-28,'000905,中证500,3200.993,3221.883,3173.754,3179.775,3184.331,16.662,0.5232,20486334,16939907809.0
2012-08-27,'000905,中证500,3184.331,3250.693,3184.105,3250.693,3265.749,-81.418,-2.4931,21990361,18781113691.0
2012-08-24,'000905,中证500,3265.749,3321.916,3265.598,3318.853,3327.99,-62.241,-1.8702,23637201,20041931942.0
2012-08-23,'000905,中证500,3327.99,3329.978,3289.553,3303.697,3306.111,21.879,0.6618,22042945,19655229961.0
2012-08-22,'000905,中证500,3306.111,3338.736,3292.429,3338.08,3335.753,-29.642,-0.8886,21917303,19624328498.0
2012-08-21,'000905,中证500,3335.753,3347.281,3284.058,3287.734,3289.439,46.314,1.408,22797592,20405419018.0
2012-08-20,'000905,中证500,3289.439,3296.363,3247.576,3270.986,3286.778,2.661,0.081,16860188,14611756085.0
2012-08-17,'000905,中证500,3286.778,3293.25,3252.795,3283.258,3286.828,-0.05,-0.0015,16691881,15429219268.0
2012-08-16,'000905,中证500,3286.828,3316.96,3278.542,3301.74,3310.839,-24.011,-0.7252,17659890,16057256254.0
2012-08-15,'000905,中证500,3310.839,3344.104,3308.489,3340.876,3349.585,-38.746,-1.1567,21160138,18261086926.0
2012-08-14,'000905,中证500,3349.585,3349.822,3263.495,3312.81,3318.1,31.485,0.9489,27085197,23989064372.0
2012-08-13,'000905,中证500,3318.1,3386.033,3317.044,3386.033,3395.849,-77.749,-2.2895,27737143,24396850999.0
2012-08-10,'000905,中证500,3395.849,3405.049,3378.536,3400.933,3405.058,-9.209,-0.2705,31124782,25897229796.0
2012-08-09,'000905,中证500,3405.058,3405.252,3335.133,3351.448,3356.485,48.573,1.4471,33631782,28906016470.0
2012-08-08,'000905,中证500,3356.485,3374.079,3335.966,3363.757,3368.252,-11.767,-0.3494,30300694,25311833590.0
2012-08-07,'000905,中证500,3368.252,3368.526,3331.503,3336.22,3337.267,30.985,0.9285,34012319,27960424554.0
2012-08-06,'000905,中证500,3337.267,3338.623,3244.981,3250.785,3259.856,77.411,2.3747,30051288,25767448722.0
2012-08-03,'000905,中证500,3259.856,3259.856,3193.683,3203.114,3195.863,63.993,2.0024,21856891,18874761249.0
2012-08-02,'000905,中证500,3195.863,3231.83,3178.997,3212.048,3216.184,-20.321,-0.6318,20529310,17775094298.0
2012-08-01,'000905,中证500,3216.184,3232.972,3152.314,3152.73,3159.192,56.992,1.804,19890893,17757532534.0
2012-07-31,'000905,中证500,3159.192,3214.171,3152.417,3211.103,3217.452,-58.26,-1.8107,20378412,16961179457.0
2012-07-30,'000905,中证500,3217.452,3294.648,3205.762,3280.104,3283.592,-66.14,-2.0143,21270690,17535141746.0
2012-07-27,'000905,中证500,3283.592,3323.0,3269.225,3312.38,3302.336,-18.744,-0.5676,20566795,19063045422.0
2012-07-26,'000905,中证500,3302.336,3357.787,3301.665,3329.011,3332.085,-29.749,-0.8928,23368152,20608895672.0
2012-07-25,'000905,中证500,3332.085,3365.205,3324.537,3350.903,3361.09,-29.005,-0.863,22803551,19883969466.0
2012-07-24,'000905,中证500,3361.09,3381.349,3310.948,3317.219,3337.856,23.234,0.6961,21941704,20302401397.0
2012-07-23,'000905,中证500,3337.856,3357.243,3310.8,3347.87,3369.913,-32.057,-0.9513,23173111,20692129708.0
2012-07-20,'000905,中证500,3369.913,3407.406,3362.377,3382.823,3392.656,-22.743,-0.6704,27471152,24681547381.0
2012-07-19,'000905,中证500,3392.656,3414.227,3335.332,3343.238,3352.848,39.808,1.1873,33196398,29393471996.0
2012-07-18,'000905,中证500,3352.848,3352.966,3276.317,3328.123,3334.286,18.562,0.5567,27706805,25478419661.0
2012-07-17,'000905,中证500,3334.286,3335.532,3282.225,3297.152,3311.089,23.197,0.7006,23122360,23327610289.0
2012-07-16,'000905,中证500,3311.089,3434.596,3308.644,3434.508,3435.084,-123.995,-3.6097,29146202,30338599043.0
2012-07-13,'000905,中证500,3435.084,3463.217,3422.335,3435.173,3450.302,-15.218,-0.4411,24312071,25759773001.0
2012-07-12,'000905,中证500,3450.302,3462.215,3381.83,3398.62,3404.104,46.198,1.3571,31711097,33534183743.0
2012-07-11,'000905,中证500,3404.104,3404.594,3352.528,3358.562,3365.665,38.439,1.1421,21254467,22847725828.0
2012-07-10,'000905,中证500,3365.665,3400.637,3351.556,3386.629,3398.805,-33.14,-0.975,23223052,23212945609.0
2012-07-09,'000905,中证500,3398.805,3478.118,3398.517,3464.018,3486.546,-87.741,-2.5166,29267498,30228967322.0
2012-07-06,'000905,中证500,3486.546,3487.672,3397.871,3436.306,3418.202,68.344,1.9994,29658213,29205646760.0
2012-07-05,'000905,中证500,3418.202,3486.809,3407.598,3486.809,3497.748,-79.546,-2.2742,24976516,24147804836.0
2012-07-04,'000905,中证500,3497.748,3525.16,3484.841,3519.508,3515.778,-18.03,-0.5128,23234780,24438105462.0
2012-07-03,'000905,中证500,3515.778,3542.511,3498.073,3507.63,3509.503,6.275,0.1788,28102156,28467370754.0
2012-07-02,'000905,中证500,3509.503,3528.122,3484.144,3491.753,3470.965,38.538,1.1103,26187341,27478454672.0
2012-06-29,'000905,中证500,3470.965,3471.704,3392.751,3413.329,3427.819,43.146,1.2587,25254318,23306389574.0
2012-06-28,'000905,中证500,3427.819,3495.846,3427.657,3484.227,3476.403,-48.584,-1.3975,24647609,22602437243.0
2012-06-27,'000905,中证500,3476.403,3518.752,3474.769,3486.515,3489.972,-13.569,-0.3888,23233274,21639398869.0
2012-06-26,'000905,中证500,3489.972,3500.76,3433.565,3474.164,3493.116,-3.144,-0.09,24632381,21483353129.0
2012-06-25,'000905,中证500,3493.116,3576.366,3491.857,3576.366,3590.837,-97.721,-2.7214,24481529,22532215527.0
2012-06-21,'000905,中证500,3590.837,3628.216,3569.486,3628.216,3636.09,-45.253,-1.2446,24672848,23639187176.0
2012-06-20,'000905,中证500,3636.09,3671.408,3630.176,3663.986,3657.958,-21.868,-0.5978,25778043,23665268106.0
2012-06-19,'000905,中证500,3657.958,3685.93,3652.972,3681.684,3684.727,-26.769,-0.7265,30135968,29309582198.0
2012-06-18,'000905,中证500,3684.727,3691.926,3662.224,3663.138,3648.994,35.733,0.9793,26203010,26269674849.0
2012-06-15,'000905,中证500,3648.994,3674.449,3604.09,3657.788,3652.705,-3.711,-0.1016,27821018,27690673623.0
2012-06-14,'000905,中证500,3652.705,3693.904,3650.031,3669.036,3674.875,-22.17,-0.6033,30569988,30953322826.0
2012-06-13,'000905,中证500,3674.875,3674.875,3610.636,3615.712,3608.391,66.484,1.8425,31709992,29468855592.0
2012-06-12,'000905,中证500,3608.391,3628.239,3594.614,3611.92,3630.314,-21.923,-0.6039,25318875,23442262189.0
2012-06-11,'000905,中证500,3630.314,3630.958,3554.188,3565.335,3564.158,66.156,1.8561,26783143,26395399776.0
2012-06-08,'000905,中证500,3564.158,3618.775,3557.04,3615.112,3581.137,-16.979,-0.4741,26182539,24632330700.0
2012-06-07,'000905,中证500,3581.137,3647.282,3572.494,3635.572,3600.163,-19.026,-0.5285,25629537,24059754823.0
2012-06-06,'000905,中证500,3600.163,3638.564,3585.527,3621.636,3617.614,-17.451,-0.4824,25405499,24367239260.0
2012-06-05,'000905,中证500,3617.614,3646.507,3603.374,3625.142,3621.808,-4.194,-0.1158,27792184,27159398261.0
2012-06-04,'000905,中证500,3621.808,3707.314,3621.808,3684.037,3744.437,-122.629,-3.275,37140064,35613344956.0
2012-06-01,'000905,中证500,3744.437,3769.516,3725.282,3752.019,3753.593,-9.156,-0.2439,34951400,34091586244.0
2012-05-31,'000905,中证500,3753.593,3775.373,3722.039,3732.467,3752.219,1.374,0.0366,36784378,36618471498.0
2012-05-30,'000905,中证500,3752.219,3764.638,3734.246,3739.039,3745.678,6.541,0.1746,39619720,38201409297.0
2012-05-29,'000905,中证500,3745.678,3748.442,3683.519,3686.575,3687.455,58.223,1.5789,47610593,47322150662.0
2012-05-28,'000905,中证500,3687.455,3687.516,3568.031,3622.129,3635.516,51.939,1.4287,41965484,37034553726.0
2012-05-25,'000905,中证500,3635.516,3683.63,3622.097,3675.51,3678.093,-42.577,-1.1576,35694436,32618806292.0
2012-05-24,'000905,中证500,3678.093,3720.438,3668.275,3697.916,3708.919,-30.826,-0.8311,37482895,36857597794.0
2012-05-23,'000905,中证500,3708.919,3723.189,3670.029,3702.814,3711.055,-2.136,-0.0576,40013725,41259207762.0
2012-05-22,'000905,中证500,3711.055,3711.055,3666.136,3666.136,3653.546,57.509,1.5741,34531190,33824170228.0
2012-05-21,'000905,中证500,3653.546,3676.97,3616.909,3650.923,3655.858,-2.312,-0.0632,31496201,29390751769.0
2012-05-18,'000905,中证500,3655.858,3710.412,3645.909,3691.643,3714.186,-58.328,-1.5704,37751568,33551301207.0
2012-05-17,'000905,中证500,3714.186,3716.707,3643.788,3656.825,3660.312,53.874,1.4718,36674870,33943677767.0
2012-05-16,'000905,中证500,3660.312,3707.81,3660.031,3696.613,3705.883,-45.571,-1.2297,32594326,32499778300.0
2012-05-15,'000905,中证500,3705.883,3705.897,3652.874,3679.341,3710.097,-4.214,-0.1136,33110382,33030110528.0
2012-05-14,'000905,中证500,3710.097,3760.884,3706.158,3745.829,3715.385,-5.288,-0.1423,37973676,37554328619.0
2012-05-11,'000905,中证500,3715.385,3753.815,3715.061,3727.587,3731.131,-15.746,-0.422,32360159,33147922660.0
2012-05-10,'000905,中证500,3731.131,3744.518,3713.308,3713.402,3717.47,13.661,0.3675,32391180,32987981408.0
2012-05-09,'000905,中证500,3717.47,3759.39,3716.134,3759.39,3783.472,-66.002,-1.7445,39331106,38601946044.0
2012-05-08,'000905,中证500,3783.472,3798.054,3752.388,3783.083,3784.556,-1.084,-0.0286,40796563,40679492742.0
2012-05-07,'000905,中证500,3784.556,3784.57,3733.838,3741.663,3758.004,26.552,0.7065,42312757,41857415305.0
2012-05-04,'000905,中证500,3758.004,3761.974,3713.988,3730.723,3733.816,24.188,0.6478,40671451,38353513520.0
2012-05-03,'000905,中证500,3733.816,3735.325,3701.195,3707.505,3718.259,15.557,0.4184,41613118,39330404797.0
2012-05-02,'000905,中证500,3718.259,3735.896,3674.957,3707.816,3664.638,53.621,1.4632,47656404,43664797117.0
2012-04-27,'000905,中证500,3664.638,3699.098,3659.111,3690.159,3700.028,-35.39,-0.9565,38847015,33650582331.0
2012-04-26,'000905,中证500,3700.028,3729.907,3683.434,3720.742,3718.911,-18.883,-0.5078,53458817,45543806641.0
2012-04-25,'000905,中证500,3718.911,3728.551,3645.066,3654.749,3666.395,52.516,1.4324,62910454,51233975310.0
2012-04-24,'000905,中证500,3666.395,3709.368,3557.784,3658.615,3691.574,-25.179,-0.6821,55731814,47971463721.0
2012-04-23,'000905,中证500,3691.574,3739.15,3673.311,3731.549,3736.365,-44.791,-1.1988,53167410,48706482063.0
2012-04-20,'000905,中证500,3736.365,3743.485,3684.227,3696.658,3704.705,31.66,0.8546,45830359,40816948486.0
2012-04-19,'000905,中证500,3704.705,3728.865,3684.855,3712.529,3714.02,-9.315,-0.2508,40362022,37179641162.0
2012-04-18,'000905,中证500,3714.02,3717.54,3632.674,3637.549,3631.556,82.464,2.2708,44254450,40078270021.0
2012-04-17,'000905,中证500,3631.556,3702.842,3629.818,3679.92,3685.481,-53.925,-1.4632,42854332,36903706997.0
2012-04-16,'000905,中证500,3685.481,3702.415,3632.846,3644.666,3675.028,10.453,0.2844,44225815,36964596339.0
2012-04-13,'000905,中证500,3675.028,3695.133,3643.472,3653.604,3640.407,34.621,0.951,48222257,43090839107.0
2012-04-12,'000905,中证500,3640.407,3640.407,3561.05,3568.815,3566.476,73.931,2.0729,41797334,36669798845.0
2012-04-11,'000905,中证500,3566.476,3582.95,3497.943,3513.498,3554.038,12.438,0.35,32721451,28859093448.0
2012-04-10,'000905,中证500,3554.038,3554.218,3432.359,3496.125,3512.914,41.124,1.1707,28826223,26870285618.0
2012-04-09,'000905,中证500,3512.914,3563.336,3512.365,3544.01,3554.027,-41.113,-1.1568,25820027,24129544481.0
2012-04-06,'000905,中证500,3554.027,3570.589,3520.889,3530.63,3531.549,22.478,0.6365,30065466,28823067783.0
2012-04-05,'000905,中证500,3531.549,3532.076,3412.441,3420.026,3416.856,114.693,3.3567,29352448,27863141274.0
2012-03-30,'000905,中证500,3416.856,3445.469,3383.531,3422.812,3425.702,-8.846,-0.2582,24826017,22391173676.0
2012-03-29,'000905,中证500,3425.702,3482.326,3391.795,3471.357,3490.007,-64.305,-1.8425,30801466,27533076415.0
2012-03-28,'000905,中证500,3490.007,3638.767,3483.584,3638.767,3652.876,-162.869,-4.4587,36270135,33716856137.0
2012-03-27,'000905,中证500,3652.876,3699.161,3648.746,3681.741,3666.279,-13.403,-0.3656,26109103,26289395192.0
2012-03-26,'000905,中证500,3666.279,3680.288,3635.668,3661.391,3670.129,-3.85,-0.1049,24884816,24389778143.0
2012-03-23,'000905,中证500,3670.129,3728.618,3652.233,3727.146,3742.388,-72.259,-1.9308,32869793,32760561957.0
2012-03-22,'000905,中证500,3742.388,3769.371,3720.685,3754.873,3760.047,-17.659,-0.4696,33653338,32386033933.0
2012-03-21,'000905,中证500,3760.047,3782.405,3700.494,3757.0,3746.284,13.763,0.3674,40281832,40580026236.0
2012-03-20,'000905,中证500,3746.284,3819.722,3744.809,3819.722,3829.696,-83.412,-2.178,41414842,40150689640.0
2012-03-19,'000905,中证500,3829.696,3830.024,3762.304,3788.388,3786.617,43.079,1.1377,45400983,46051567853.0
2012-03-16,'000905,中证500,3786.617,3786.617,3687.81,3693.317,3689.014,97.603,2.6458,45535226,46476804075.0
2012-03-15,'000905,中证500,3689.014,3754.729,3635.678,3726.365,3734.317,-45.303,-1.2132,50893936,49662282921.0
2012-03-14,'000905,中证500,3734.317,3945.306,3709.093,3924.49,3910.064,-175.747,-4.4947,76590775,75735358131.0
2012-03-13,'000905,中证500,3910.064,3910.064,3856.411,3867.971,3871.12,38.944,1.006,47496368,48173800284.0
2012-03-12,'000905,中证500,3871.12,3876.171,3839.433,3852.605,3848.108,23.012,0.598,47078437,48889178975.0
2012-03-09,'000905,中证500,3848.108,3848.108,3787.906,3802.092,3791.827,56.281,1.4843,44003418,45267028396.0
2012-03-08,'000905,中证500,3791.827,3803.366,3741.479,3741.479,3732.707,59.12,1.5838,43200053,41665571828.0
2012-03-07,'000905,中证500,3732.707,3780.482,3707.786,3718.765,3760.585,-27.878,-0.7413,42103840,40740343557.0
2012-03-06,'000905,中证500,3760.585,3786.158,3729.604,3786.158,3798.377,-37.792,-0.995,45639236,44441684246.0
2012-03-05,'000905,中证500,3798.377,3825.716,3793.69,3805.676,3794.416,3.961,0.1044,49104517,49308631592.0
2012-03-02,'000905,中证500,3794.416,3794.579,3719.957,3719.957,3715.673,78.743,2.1192,46234628,43320794269.0
2012-03-01,'000905,中证500,3715.673,3737.718,3675.275,3679.04,3696.144,19.529,0.5284,35636810,35193210537.0
2012-02-29,'000905,中证500,3696.144,3750.457,3691.981,3733.629,3745.58,-49.436,-1.3198,40415160,38654066988.0
2012-02-28,'000905,中证500,3745.58,3761.728,3696.211,3748.335,3764.326,-18.746,-0.498,49008662,45786328949.0
2012-02-27,'000905,中证500,3764.326,3822.26,3764.17,3767.602,3756.825,7.501,0.1997,65749511,60250938700.0
2012-02-24,'000905,中证500,3756.825,3757.519,3689.359,3698.678,3700.888,55.937,1.5114,56589427,50490318548.0
2012-02-23,'000905,中证500,3700.888,3711.117,3662.42,3686.731,3689.004,11.884,0.3221,46948688,44736281821.0
2012-02-22,'000905,中证500,3689.004,3689.128,3616.108,3617.178,3618.302,70.702,1.954,51791671,49097364438.0
2012-02-21,'000905,中证500,3618.302,3618.331,3533.111,3569.231,3574.458,43.844,1.2266,36803776,35274798704.0
2012-02-20,'000905,中证500,3574.458,3618.682,3573.225,3610.74,3565.306,9.152,0.2567,40392597,37488623709.0
2012-02-17,'000905,中证500,3565.306,3596.865,3530.962,3582.513,3577.202,-11.896,-0.3326,32808052,29749174639.0
2012-02-16,'000905,中证500,3577.202,3607.752,3540.853,3572.321,3578.149,-0.947,-0.0265,43777965,38463844699.0
2012-02-15,'000905,中证500,3578.149,3580.284,3505.364,3518.794,3524.625,53.524,1.5186,43625730,38706703075.0
2012-02-14,'000905,中证500,3524.625,3529.488,3493.911,3516.609,3519.875,4.75,0.1349,35904825,32042248728.0
2012-02-13,'000905,中证500,3519.875,3535.519,3441.33,3458.81,3488.229,31.646,0.9072,38238075,34181454807.0
2012-02-10,'000905,中证500,3488.229,3506.339,3459.131,3463.967,3469.846,18.383,0.5298,39783192,33789986121.0
2012-02-09,'000905,中证500,3469.846,3501.398,3434.813,3441.786,3445.52,24.326,0.706,43898212,38568200961.0
2012-02-08,'000905,中证500,3445.52,3445.52,3341.705,3351.043,3356.838,88.682,2.6418,33521948,30900931960.0
2012-02-07,'000905,中证500,3356.838,3397.769,3333.639,3397.769,3412.405,-55.567,-1.6284,26815778,24398878465.0
2012-02-06,'000905,中证500,3412.405,3420.002,3381.763,3387.219,3383.05,29.355,0.8677,31249203,28696539601.0
2012-02-03,'000905,中证500,3383.05,3390.33,3315.689,3324.399,3328.153,54.897,1.6495,32168313,29174360657.0
2012-02-02,'000905,中证500,3328.153,3328.249,3266.962,3271.593,3266.234,61.919,1.8957,21787903,20477693617.0
2012-02-01,'000905,中证500,3266.234,3318.367,3255.628,3287.222,3294.494,-28.26,-0.8578,18236400,17016879020.0
2012-01-31,'000905,中证500,3294.494,3297.191,3251.42,3284.899,3292.409,2.085,0.0633,18290721,16950571002.0
2012-01-30,'000905,中证500,3292.409,3337.064,3290.536,3326.61,3315.603,-23.194,-0.6995,18754385,17403931589.0
2012-01-20,'000905,中证500,3315.603,3323.124,3267.026,3276.481,3270.765,44.838,1.3709,22067349,20622243044.0
2012-01-19,'000905,中证500,3270.765,3288.202,3208.054,3230.875,3237.852,32.913,1.0165,22974026,21257562203.0
2012-01-18,'000905,中证500,3237.852,3342.365,3223.986,3310.036,3304.88,-67.028,-2.0282,30825517,28811474248.0
2012-01-17,'000905,中证500,3304.88,3305.004,3110.36,3128.514,3130.558,174.322,5.5684,30148504,26730971020.0
2012-01-16,'000905,中证500,3130.558,3217.373,3130.321,3201.011,3233.701,-103.143,-3.1896,18775466,16673443489.0
2012-01-13,'000905,中证500,3233.701,3349.681,3210.321,3343.527,3345.812,-112.111,-3.3508,28108656,25418153898.0
2012-01-12,'000905,中证500,3345.812,3388.389,3323.137,3330.897,3346.742,-0.93,-0.0278,29069877,25769058775.0
2012-01-11,'000905,中证500,3346.742,3367.402,3315.668,3342.551,3345.391,1.351,0.0404,33901708,29469377268.0
2012-01-10,'000905,中证500,3345.391,3345.42,3202.968,3211.573,3212.904,132.487,4.1236,39387518,33770384198.0
2012-01-09,'000905,中证500,3212.904,3213.055,3056.186,3089.448,3087.546,125.358,4.0601,25616408,21836478130.0
2012-01-06,'000905,中证500,3087.546,3087.546,3002.983,3060.446,3074.368,13.178,0.4286,17818123,15411282590.0
2012-01-05,'000905,中证500,3074.368,3173.007,3070.447,3173.007,3192.234,-117.866,-3.6923,19965700,17605632545.0
2012-01-04,'000905,中证500,3192.234,3300.009,3191.991,3290.819,3266.775,-74.541,-2.2818,18342839,16558479313.0
2011-12-30,'000905,中证500,3266.775,3267.65,3214.195,3214.195,3207.181,59.594,1.8581,17784265,16227112368.0
2011-12-29,'000905,中证500,3207.181,3225.004,3180.059,3190.193,3207.399,-0.218,-0.0068,15220927,13700896959.0
2011-12-28,'000905,中证500,3207.399,3208.908,3128.147,3201.309,3224.148,-16.749,-0.5195,17440648,15681874513.0
2011-12-27,'000905,中证500,3224.148,3297.413,3218.543,3297.413,3308.072,-83.924,-2.5369,15874097,14406429113.0
2011-12-26,'000905,中证500,3308.072,3357.362,3307.287,3321.981,3327.394,-19.322,-0.5807,15476837,14116222210.0
2011-12-23,'000905,中证500,3327.394,3357.428,3271.441,3286.448,3298.724,28.67,0.8691,18996176,17194869518.0
2011-12-22,'000905,中证500,3298.724,3331.42,3196.837,3315.839,3342.401,-43.677,-1.3068,21916270,19245552202.0
2011-12-21,'000905,中证500,3342.401,3463.319,3340.329,3449.369,3424.448,-82.047,-2.3959,17750500,16974517111.0
2011-12-20,'000905,中证500,3424.448,3474.089,3415.351,3422.761,3434.845,-10.397,-0.3027,19955886,18949756723.0
2011-12-19,'000905,中证500,3434.845,3436.632,3348.259,3408.564,3427.214,7.631,0.2227,19381265,18599687311.0
2011-12-16,'000905,中证500,3427.214,3427.339,3324.588,3328.212,3329.575,97.639,2.9325,19225658,17451381373.0
2011-12-15,'000905,中证500,3329.575,3401.499,3324.881,3401.499,3423.474,-93.899,-2.7428,19868215,17292580166.0
2011-12-14,'000905,中证500,3423.474,3505.881,3416.709,3477.046,3490.4,-66.926,-1.9174,15452334,14694836156.0
2011-12-13,'000905,中证500,3490.4,3597.092,3482.232,3597.092,3616.087,-125.687,-3.4758,20352649,19228830664.0
2011-12-12,'000905,中证500,3616.087,3675.946,3612.64,3663.562,3663.843,-47.756,-1.3034,14094503,14352803717.0
2011-12-09,'000905,中证500,3663.843,3706.247,3651.698,3672.591,3700.089,-36.246,-0.9796,15358366,15483300632.0
2011-12-08,'000905,中证500,3700.089,3732.22,3635.547,3695.873,3702.103,-2.014,-0.0544,19494263,20023526925.0
2011-12-07,'000905,中证500,3702.103,3718.707,3674.532,3689.05,3691.804,10.299,0.279,15326574,15832822061.0
2011-12-06,'000905,中证500,3691.804,3704.344,3646.073,3679.736,3692.227,-0.423,-0.0115,17038892,17303464895.0
2011-12-05,'000905,中证500,3692.227,3807.05,3682.057,3806.467,3817.041,-124.814,-3.2699,20162113,20272059887.0
2011-12-02,'000905,中证500,3817.041,3878.014,3797.284,3878.014,3897.019,-79.978,-2.0523,23210191,24121569253.0
2011-12-01,'000905,中证500,3897.019,3960.341,3885.866,3923.165,3819.942,77.077,2.0178,34941884,36012451062.0
2011-11-30,'000905,中证500,3819.942,3974.726,3776.586,3974.726,3980.618,-160.676,-4.0365,30116374,30503776767.0
2011-11-29,'000905,中证500,3980.618,3980.618,3929.02,3945.356,3915.298,65.32,1.6683,22752472,25150758418.0
2011-11-28,'000905,中证500,3915.298,3932.404,3885.694,3915.999,3911.356,3.942,0.1008,18501073,19728503714.0
2011-11-25,'000905,中证500,3911.356,3960.848,3899.059,3931.095,3935.273,-23.917,-0.6078,19141474,20036399321.0
2011-11-24,'000905,中证500,3935.273,3957.878,3880.583,3909.388,3942.695,-7.422,-0.1882,21109143,21606417382.0
2011-11-23,'000905,中证500,3942.695,3978.471,3932.436,3964.142,3957.93,-15.235,-0.3849,20435817,21242540335.0
2011-11-22,'000905,中证500,3957.93,3960.55,3902.131,3932.5,3966.636,-8.706,-0.2195,20175323,20552295730.0
2011-11-21,'000905,中证500,3966.636,3966.811,3917.031,3956.393,3963.258,3.378,0.0852,20483201,20729218531.0
2011-11-18,'000905,中证500,3963.258,4054.459,3955.063,4054.459,4079.536,-116.278,-2.8503,29967177,30085063812.0
2011-11-17,'000905,中证500,4079.536,4125.854,4066.119,4086.506,4088.323,-8.787,-0.2149,29247853,29954118179.0
2011-11-16,'000905,中证500,4088.323,4195.294,4070.9,4194.375,4192.665,-104.342,-2.4887,38356677,39415694277.0
2011-11-15,'000905,中证500,4192.665,4192.767,4153.33,4159.16,4159.567,33.098,0.7957,35161439,37557787206.0
2011-11-14,'000905,中证500,4159.567,4159.699,4092.055,4092.055,4062.144,97.423,2.3983,35127017,38190175212.0
2011-11-11,'000905,中证500,4062.144,4096.569,4043.757,4069.401,4064.371,-2.227,-0.0548,29188801,30696087705.0
2011-11-10,'000905,中证500,4064.371,4112.367,4063.747,4080.357,4126.003,-61.632,-1.4937,34523680,37440704533.0
2011-11-09,'000905,中证500,4126.003,4126.003,4025.716,4065.198,4057.555,68.448,1.6869,32184225,35226762088.0
2011-11-08,'000905,中证500,4057.555,4125.092,4049.811,4115.769,4114.767,-57.212,-1.3904,30570455,31440826762.0
2011-11-07,'000905,中证500,4114.767,4159.97,4107.558,4125.02,4131.13,-16.363,-0.3961,32477514,33985131088.0
2011-11-04,'000905,中证500,4131.13,4140.634,4093.924,4115.097,4097.618,33.512,0.8178,42117977,44006590625.0
2011-11-03,'000905,中证500,4097.618,4150.039,4085.313,4085.502,4072.781,24.837,0.6098,57586450,62198879528.0
2011-11-02,'000905,中证500,4072.781,4073.122,3919.688,3937.898,3999.831,72.95,1.8238,42973877,45423438969.0
2011-11-01,'000905,中证500,3999.831,4020.457,3950.743,3963.37,3999.362,0.469,0.0117,33916985,35462163942.0
2011-10-31,'000905,中证500,3999.362,4004.385,3963.274,3975.072,3978.8,20.562,0.5168,36182616,37930905371.0
2011-10-28,'000905,中证500,3978.8,3978.8,3918.357,3932.852,3888.992,89.808,2.3093,43181068,42493336043.0
2011-10-27,'000905,中证500,3888.992,3927.437,3872.904,3890.258,3884.39,4.602,0.1185,33011479,32383180488.0
2011-10-26,'000905,中证500,3884.39,3921.25,3808.295,3818.236,3842.978,41.412,1.0776,38890214,40003645852.0
2011-10-25,'000905,中证500,3842.978,3850.077,3726.246,3735.625,3736.765,106.213,2.8424,32638637,32561912826.0
2011-10-24,'000905,中证500,3736.765,3736.765,3605.944,3675.716,3671.695,65.07,1.7722,23028722,22517379558.0
2011-10-21,'000905,中证500,3671.695,3743.341,3669.692,3733.701,3740.469,-68.774,-1.8386,17210084,17468446903.0
2011-10-20,'000905,中证500,3740.469,3841.263,3710.95,3841.263,3854.169,-113.7,-2.9501,22601144,22251405732.0
2011-10-19,'000905,中证500,3854.169,3898.81,3837.237,3882.017,3877.024,-22.855,-0.5895,19701815,20646765400.0
2011-10-18,'000905,中证500,3877.024,3974.892,3873.373,3974.464,3997.121,-120.097,-3.0046,24453869,25484033774.0
2011-10-17,'000905,中证500,3997.121,4024.237,3974.382,3993.749,3985.193,11.928,0.2993,21815065,23179075408.0
2011-10-14,'000905,中证500,3985.193,4004.931,3948.439,3994.733,4001.853,-16.66,-0.4163,22100436,22765264487.0
2011-10-13,'000905,中证500,4001.853,4009.781,3929.828,3943.164,3950.655,51.198,1.2959,28752879,28973991780.0
2011-10-12,'000905,中证500,3950.655,3953.142,3768.106,3803.959,3817.927,132.728,3.4764,27002030,26704928346.0
2011-10-11,'000905,中证500,3817.927,3942.046,3778.518,3919.441,3832.577,-14.65,-0.3822,20019156,20357003265.0
2011-10-10,'000905,中证500,3832.577,3882.782,3822.277,3866.855,3856.828,-24.251,-0.6288,13753169,13729538607.0
2011-09-30,'000905,中证500,3856.828,3892.381,3818.246,3875.023,3871.06,-14.232,-0.3677,16756974,16659136614.0
2011-09-29,'000905,中证500,3871.06,3977.135,3868.939,3977.135,3999.782,-128.722,-3.2182,22061617,22042635151.0
2011-09-28,'000905,中证500,3999.782,4099.344,3987.269,4088.779,4068.231,-68.449,-1.6825,20292030,21541146549.0
2011-09-27,'000905,中证500,4068.231,4098.021,4027.714,4077.227,4051.425,16.806,0.4148,19274127,20861058500.0
2011-09-26,'000905,中证500,4051.425,4138.349,4039.548,4102.608,4117.735,-66.31,-1.6104,19744802,21132705736.0
2011-09-23,'000905,中证500,4117.735,4134.224,4061.826,4079.06,4151.8,-34.065,-0.8205,23245736,25226448988.0
2011-09-22,'000905,中证500,4151.8,4258.609,4151.124,4241.42,4275.094,-123.294,-2.884,27491613,30429889960.0
2011-09-21,'000905,中证500,4275.094,4279.121,4140.343,4150.817,4151.851,123.243,2.9684,30212116,33467301901.0
2011-09-20,'000905,中证500,4151.851,4168.236,4101.698,4121.035,4131.885,19.966,0.4832,17712033,19402482260.0
2011-09-19,'000905,中证500,4131.885,4200.475,4131.315,4200.475,4214.816,-82.931,-1.9676,17790251,18822800402.0
2011-09-16,'000905,中证500,4214.816,4249.175,4212.293,4229.003,4215.5,-0.684,-0.0162,17654278,19378096254.0
2011-09-15,'000905,中证500,4215.5,4249.536,4206.876,4215.371,4212.129,3.371,0.08,20381224,22285381458.0
2011-09-14,'000905,中证500,4212.129,4212.294,4111.119,4176.037,4164.288,47.841,1.1488,19006269,21495194717.0
2011-09-13,'000905,中证500,4164.288,4176.882,4136.969,4176.302,4233.748,-69.46,-1.6406,18062307,20773031232.0
2011-09-09,'000905,中证500,4233.748,4295.103,4216.421,4256.48,4260.155,-26.407,-0.6199,18182359,21252333873.0
2011-09-08,'000905,中证500,4260.155,4328.205,4260.138,4320.53,4306.361,-46.206,-1.073,22323366,26309396425.0
2011-09-07,'000905,中证500,4306.361,4306.464,4219.85,4221.987,4204.908,101.453,2.4127,23486428,26743455347.0
2011-09-06,'000905,中证500,4204.908,4238.294,4185.796,4205.087,4238.069,-33.161,-0.7825,17285960,19472179812.0
2011-09-05,'000905,中证500,4238.069,4305.438,4237.444,4305.438,4344.977,-106.908,-2.4605,21013431,23581468731.0
2011-09-02,'000905,中证500,4344.977,4399.85,4317.64,4387.301,4395.069,-50.092,-1.1397,20968771,23594982288.0
2011-09-01,'000905,中证500,4395.069,4457.048,4379.095,4435.333,4430.538,-35.469,-0.8006,22801094,25315425418.0
2011-08-31,'000905,中证500,4430.538,4468.137,4386.63,4449.678,4451.726,-21.188,-0.476,24421284,28252287437.0
2011-08-30,'000905,中证500,4451.726,4541.561,4450.728,4511.253,4490.158,-38.432,-0.8559,31378152,35566195108.0
2011-08-29,'000905,中证500,4490.158,4512.649,4481.293,4509.894,4530.423,-40.265,-0.8888,30220343,36063815978.0
2011-08-26,'000905,中证500,4530.423,4541.465,4496.183,4506.09,4520.171,10.252,0.2268,30709253,35536323303.0
2011-08-25,'000905,中证500,4520.171,4520.171,4421.598,4432.405,4427.978,92.193,2.0821,34114121,37996160741.0
2011-08-24,'000905,中证500,4427.978,4474.095,4420.293,4453.427,4434.922,-6.944,-0.1566,27783947,32055865665.0
2011-08-23,'000905,中证500,4434.922,4435.208,4365.842,4376.262,4363.959,70.963,1.6261,25595153,28778799103.0
2011-08-22,'000905,中证500,4363.959,4435.302,4348.668,4395.034,4395.019,-31.06,-0.7067,24476833,28476381664.0
2011-08-19,'000905,中证500,4395.019,4395.602,4325.037,4341.185,4436.101,-41.082,-0.9261,27429392,31323761291.0
2011-08-18,'000905,中证500,4436.101,4516.036,4434.994,4510.135,4513.485,-77.384,-1.7145,29525608,34011872404.0
2011-08-17,'000905,中证500,4513.485,4543.879,4499.164,4520.685,4533.321,-19.836,-0.4376,28101941,31574731725.0
2011-08-16,'000905,中证500,4533.321,4587.138,4520.935,4578.349,4571.719,-38.398,-0.8399,34803516,39678119126.0
2011-08-15,'000905,中证500,4571.719,4571.719,4509.628,4514.646,4505.886,65.833,1.461,36169185,41582672257.0
2011-08-12,'000905,中证500,4505.886,4526.498,4480.118,4483.849,4454.394,51.492,1.156,40382795,45582695515.0
2011-08-11,'000905,中证500,4454.394,4454.481,4270.616,4283.237,4378.698,75.696,1.7287,37546218,44112403892.0
2011-08-10,'000905,中证500,4378.698,4433.094,4372.641,4389.153,4317.107,61.591,1.4267,38268544,44611387758.0
2011-08-09,'000905,中证500,4317.107,4347.313,4113.01,4199.126,4330.771,-13.664,-0.3155,38004498,42407588165.0
2011-08-08,'000905,中证500,4330.771,4514.617,4242.869,4494.38,4559.018,-228.247,-5.0065,41717504,47671234330.0
2011-08-05,'000905,中证500,4559.018,4589.082,4472.615,4504.078,4649.425,-90.407,-1.9445,30731410,37051059586.0
2011-08-04,'000905,中证500,4649.425,4670.995,4631.283,4631.416,4625.173,24.252,0.5243,25913441,32336769405.0
2011-08-03,'000905,中证500,4625.173,4638.64,4551.48,4565.755,4610.783,14.39,0.3121,27439077,33753670193.0
2011-08-02,'000905,中证500,4610.783,4627.383,4539.429,4627.383,4644.462,-33.679,-0.7251,30586290,36411289062.0
2011-08-01,'000905,中证500,4644.462,4665.177,4607.555,4622.697,4628.32,16.142,0.3488,24982782,30911948844.0
2011-07-29,'000905,中证500,4628.32,4694.059,4611.901,4678.778,4680.898,-52.578,-1.1232,29398571,35749766484.0
2011-07-28,'000905,中证500,4680.898,4685.455,4633.672,4670.916,4710.379,-29.481,-0.6259,31914051,39438276994.0
2011-07-27,'000905,中证500,4710.379,4716.304,4596.428,4621.503,4633.372,77.007,1.662,32212386,41177212690.0
2011-07-26,'000905,中证500,4633.372,4634.315,4576.932,4604.987,4613.73,19.642,0.4257,28412606,35524791348.0
2011-07-25,'000905,中证500,4613.73,4784.969,4597.736,4784.969,4800.938,-187.208,-3.8994,43504131,53033113353.0
2011-07-22,'000905,中证500,4800.938,4822.813,4781.41,4791.455,4784.388,16.55,0.3459,33160577,41208478271.0
2011-07-21,'000905,中证500,4784.388,4850.55,4782.397,4846.336,4849.057,-64.669,-1.3336,38798971,48315272866.0
2011-07-20,'000905,中证500,4849.057,4881.459,4801.611,4864.276,4843.705,5.352,0.1105,39451114,49231211067.0
2011-07-19,'000905,中证500,4843.705,4871.932,4822.447,4871.677,4895.26,-51.555,-1.0532,41506074,52479127858.0
2011-07-18,'000905,中证500,4895.26,4919.141,4876.484,4902.222,4896.043,-0.783,-0.016,48436666,61013028718.0
2011-07-15,'000905,中证500,4896.043,4896.095,4842.785,4853.755,4866.165,29.878,0.614,47819304,60113467942.0
2011-07-14,'000905,中证500,4866.165,4866.241,4813.49,4833.752,4825.419,40.746,0.8444,46130782,59868156607.0
2011-07-13,'000905,中证500,4825.419,4825.504,4729.198,4729.198,4731.118,94.301,1.9932,40235267,52157709585.0
2011-07-12,'000905,中证500,4731.118,4771.59,4727.67,4762.094,4799.42,-68.302,-1.4231,41420804,51231813529.0
2011-07-11,'000905,中证500,4799.42,4802.445,4728.494,4741.98,4756.614,42.806,0.8999,37252194,47482947146.0
2011-07-08,'000905,中证500,4756.614,4769.55,4720.234,4755.751,4761.452,-4.838,-0.1016,36410597,46150254239.0
2011-07-07,'000905,中证500,4761.452,4813.338,4742.37,4757.074,4760.917,0.535,0.0112,48503158,61550736344.0
2011-07-06,'000905,中证500,4760.917,4763.24,4705.385,4742.166,4749.424,11.493,0.242,43304340,54362840502.0
2011-07-05,'000905,中证500,4749.424,4758.075,4711.168,4722.327,4719.391,30.033,0.6364,46068509,56956112520.0
2011-07-04,'000905,中证500,4719.391,4719.57,4617.952,4617.952,4604.746,114.645,2.4897,50314794,59892749363.0
2011-07-01,'000905,中证500,4604.746,4635.248,4582.329,4589.175,4579.332,25.414,0.555,38820202,44850873979.0
2011-06-30,'000905,中证500,4579.332,4585.256,4506.738,4506.748,4511.545,67.787,1.5025,32737950,39545274858.0
2011-06-29,'000905,中证500,4511.545,4583.488,4511.281,4570.843,4574.477,-62.932,-1.3757,33963702,41337680569.0
2011-06-28,'000905,中证500,4574.477,4582.624,4529.179,4569.757,4568.189,6.288,0.1376,32310011,40115208713.0
2011-06-27,'000905,中证500,4568.189,4578.316,4510.722,4511.764,4509.18,59.009,1.3086,39164604,47102993276.0
2011-06-24,'000905,中证500,4509.18,4533.705,4381.799,4390.09,4402.938,106.242,2.413,45929284,53141867590.0
2011-06-23,'000905,中证500,4402.938,4411.86,4276.729,4307.814,4321.219,81.719,1.8911,29277376,33040753820.0
2011-06-22,'000905,中证500,4321.219,4350.921,4300.643,4341.356,4338.422,-17.203,-0.3965,22280879,24496084382.0
2011-06-21,'000905,中证500,4338.422,4338.852,4269.924,4286.358,4278.753,59.669,1.3945,24448657,26823923809.0
2011-06-20,'000905,中证500,4278.753,4333.572,4251.108,4325.604,4337.367,-58.614,-1.3514,21588505,23481559124.0
2011-06-17,'000905,中证500,4337.367,4415.159,4332.487,4392.983,4402.143,-64.776,-1.4715,22826897,25191626303.0
2011-06-16,'000905,中证500,4402.143,4466.776,4396.206,4461.257,4499.694,-97.551,-2.1679,27906069,30663429751.0
2011-06-15,'000905,中证500,4499.694,4562.039,4498.778,4531.363,4540.939,-41.245,-0.9083,29547811,33518283130.0
2011-06-14,'000905,中证500,4540.939,4546.73,4461.534,4466.99,4468.787,72.152,1.6146,29955585,33903979110.0
2011-06-13,'000905,中证500,4468.787,4475.693,4408.064,4439.868,4469.049,-0.262,-0.0059,22902974,25594244639.0
2011-06-10,'000905,中证500,4469.049,4469.578,4383.199,4442.511,4456.73,12.319,0.2764,27162727,29456674895.0
2011-06-09,'000905,中证500,4456.73,4553.712,4456.59,4552.066,4562.972,-106.242,-2.3284,30127452,33502489779.0
2011-06-08,'000905,中证500,4562.972,4568.288,4486.645,4542.698,4547.303,15.669,0.3446,29693704,33398438594.0
2011-06-07,'000905,中证500,4547.303,4548.218,4490.624,4496.959,4506.196,41.107,0.9122,25352427,29192307348.0
2011-06-03,'000905,中证500,4506.196,4514.305,4424.198,4425.488,4429.999,76.197,1.72,26719691,29894914280.0
2011-06-02,'000905,中证500,4429.999,4452.534,4363.895,4434.863,4490.892,-60.893,-1.3559,30385988,32797875253.0
2011-06-01,'000905,中证500,4490.892,4494.0,4424.2,4439.386,4444.276,46.616,1.0489,27467294,29745700595.0
2011-05-31,'000905,中证500,4444.276,4444.591,4339.625,4347.99,4345.048,99.228,2.2837,26472384,28524372044.0
2011-05-30,'000905,中证500,4345.048,4427.001,4339.079,4402.999,4428.894,-83.846,-1.8932,26592575,28052719748.0
2011-05-27,'000905,中证500,4428.894,4567.228,4425.763,4561.772,4572.942,-144.048,-3.15,33902386,37048763813.0
2011-05-26,'000905,中证500,4572.942,4662.29,4572.323,4635.946,4618.748,-45.806,-0.9917,35701838,40354804074.0
2011-05-25,'000905,中证500,4618.748,4689.694,4613.676,4667.636,4672.076,-53.328,-1.1414,34181692,37355369017.0
2011-05-24,'000905,中证500,4672.076,4676.835,4590.126,4656.012,4679.527,-7.451,-0.1592,32871981,36938119960.0
2011-05-23,'000905,中证500,4679.527,4853.92,4677.455,4853.899,4863.185,-183.658,-3.7765,42852622,46854851911.0
2011-05-20,'000905,中证500,4863.185,4886.591,4837.978,4875.08,4879.892,-16.707,-0.3424,30219964,36148815016.0
2011-05-19,'000905,中证500,4879.892,4929.212,4875.803,4912.813,4906.189,-26.297,-0.536,34682656,40656806517.0
2011-05-18,'000905,中证500,4906.189,4907.746,4850.45,4859.321,4873.954,32.235,0.6614,36080751,40258340759.0
2011-05-17,'000905,中证500,4873.954,4912.709,4823.065,4892.293,4900.706,-26.752,-0.5459,46860595,53375981642.0
2011-05-16,'000905,中证500,4900.706,4931.125,4892.239,4900.004,4902.564,-1.858,-0.0379,40995343,47185720435.0
2011-05-13,'000905,中证500,4902.564,4903.107,4817.829,4860.034,4863.795,38.769,0.7971,42464083,49201045718.0
2011-05-12,'000905,中证500,4863.795,4940.818,4863.122,4896.335,4929.488,-65.693,-1.3327,47355573,54364102761.0
2011-05-11,'000905,中证500,4929.488,4949.018,4880.31,4919.243,4918.674,10.814,0.2199,42374924,49759156156.0
2011-05-10,'000905,中证500,4918.674,4918.868,4871.446,4893.953,4889.92,28.754,0.588,35224545,41590094339.0
2011-05-09,'000905,中证500,4889.92,4897.756,4855.837,4855.837,4849.969,39.951,0.8237,34562508,41948703524.0
2011-05-06,'000905,中证500,4849.969,4874.976,4764.837,4787.522,4827.212,22.757,0.4714,36905771,43482349641.0
2011-05-05,'000905,中证500,4827.212,4842.37,4784.697,4792.13,4814.781,12.431,0.2582,34700031,39948589955.0
2011-05-04,'000905,中证500,4814.781,4900.436,4798.406,4900.436,4920.57,-105.789,-2.1499,40627915,48501424167.0
2011-05-03,'000905,中证500,4920.57,4920.709,4816.023,4836.86,4836.866,83.704,1.7305,35460535,42337029899.0
2011-04-29,'000905,中证500,4836.866,4837.004,4738.454,4749.531,4755.416,81.45,1.7128,30110310,34952309552.0
2011-04-28,'000905,中证500,4755.416,4937.108,4752.406,4920.935,4913.497,-158.081,-3.2173,40775602,46696455937.0
2011-04-27,'000905,中证500,4913.497,5003.858,4872.507,4977.952,4970.572,-57.075,-1.1483,41128258,47874248469.0
2011-04-26,'000905,中证500,4970.572,5047.339,4943.063,5033.79,5054.768,-84.196,-1.6657,39257718,46731467118.0
2011-04-25,'000905,中证500,5054.768,5152.071,5054.768,5152.071,5165.123,-110.355,-2.1365,50114044,60598396125.0
2011-04-22,'000905,中证500,5165.123,5193.214,5150.424,5187.764,5188.111,-22.988,-0.4431,54987670,65818514589.0
2011-04-21,'000905,中证500,5188.111,5191.014,5159.96,5169.623,5152.395,35.716,0.6932,53830707,67225993144.0
2011-04-20,'000905,中证500,5152.395,5154.741,5116.111,5116.111,5116.144,36.251,0.7086,50876715,63372008210.0
2011-04-19,'000905,中证500,5116.144,5153.556,5095.604,5149.656,5178.894,-62.75,-1.2116,64017974,77177175059.0
2011-04-18,'000905,中证500,5178.894,5179.447,5140.41,5149.342,5162.415,16.479,0.3192,56460231,69014028734.0
2011-04-15,'000905,中证500,5162.415,5162.415,5103.086,5143.297,5150.869,11.546,0.2242,52794112,63287015102.0
2011-04-14,'000905,中证500,5150.869,5175.238,5139.996,5162.306,5165.207,-14.338,-0.2776,48913119,59275613529.0
2011-04-13,'000905,中证500,5165.207,5165.492,5069.387,5098.644,5114.459,50.748,0.9922,48871329,58014657947.0
2011-04-12,'000905,中证500,5114.459,5139.03,5083.386,5096.566,5107.137,7.322,0.1434,52714365,63128234949.0
2011-04-11,'000905,中证500,5107.137,5162.489,5102.709,5157.067,5148.799,-41.662,-0.8092,52617550,66933358490.0
2011-04-08,'000905,中证500,5148.799,5149.053,5079.649,5087.313,5089.751,59.048,1.1601,45371604,58374692881.0
2011-04-07,'000905,中证500,5089.751,5090.022,5045.186,5056.088,5057.84,31.911,0.6309,44968886,57683810293.0
2011-04-06,'000905,中证500,5057.84,5070.336,5019.492,5046.9,5065.076,-7.236,-0.1429,45714761,58417048983.0
2011-04-01,'000905,中证500,5065.076,5065.076,4991.794,4999.764,5000.402,64.674,1.2934,39117302,48618443215.0
2011-03-31,'000905,中证500,5000.402,5079.233,4985.024,5065.12,5064.545,-64.143,-1.2665,45793403,56200997747.0
2011-03-30,'000905,中证500,5064.545,5117.221,5036.286,5101.114,5111.153,-46.608,-0.9119,53628602,66256112915.0
2011-03-29,'000905,中证500,5111.153,5191.536,5105.034,5185.679,5199.552,-88.399,-1.7001,70333327,87274614443.0
2011-03-28,'000905,中证500,5199.552,5231.728,5187.454,5223.068,5212.345,-12.793,-0.2454,69123030,89292333979.0
2011-03-25,'000905,中证500,5212.345,5218.064,5164.779,5164.824,5169.264,43.081,0.8334,58577397,75047768896.0
2011-03-24,'000905,中证500,5169.264,5185.502,5149.663,5159.198,5155.337,13.927,0.2701,48996692,63827670882.0
2011-03-23,'000905,中证500,5155.337,5155.585,5076.72,5084.77,5085.812,69.525,1.367,46373560,60690171878.0
2011-03-22,'000905,中证500,5085.812,5102.431,5020.755,5093.408,5086.108,-0.296,-0.0058,39106999,53595286191.0
2011-03-21,'000905,中证500,5086.108,5130.928,5062.79,5120.672,5126.934,-40.826,-0.7963,41919675,55093792660.0
2011-03-18,'000905,中证500,5126.934,5160.803,5105.058,5133.772,5104.134,22.8,0.4467,42676833,57094408873.0
2011-03-17,'000905,中证500,5104.134,5185.415,5080.527,5151.638,5199.358,-95.224,-1.8315,56740777,74999674473.0
2011-03-16,'000905,中证500,5199.358,5200.065,5119.192,5122.271,5131.332,68.026,1.3257,55561319,75781512600.0
2011-03-15,'000905,中证500,5131.332,5178.085,5016.883,5178.085,5190.037,-58.705,-1.1311,63336064,85317312273.0
2011-03-14,'000905,中证500,5190.037,5190.727,5111.01,5127.142,5139.746,50.291,0.9785,53410133,75553123090.0
2011-03-11,'000905,中证500,5139.746,5200.699,5113.482,5118.071,5143.413,-3.667,-0.0713,51719335,70886655549.0
2011-03-10,'000905,中证500,5143.413,5174.026,5139.782,5174.026,5181.368,-37.955,-0.7325,52319886,72055747928.0
2011-03-09,'000905,中证500,5181.368,5186.033,5147.866,5168.132,5165.735,15.633,0.3026,51146197,69096749209.0
2011-03-08,'000905,中证500,5165.735,5166.36,5113.086,5135.355,5138.248,27.487,0.5349,53140081,71456158892.0
2011-03-07,'000905,中证500,5138.248,5138.652,5085.455,5085.455,5067.621,70.627,1.3937,57478588,77165909073.0
2011-03-04,'000905,中证500,5067.621,5067.917,4989.647,5005.555,5009.047,58.574,1.1694,42559604,54570107259.0
2011-03-03,'000905,中证500,5009.047,5124.61,5000.542,5106.39,5108.74,-99.693,-1.9514,51710389,67453574372.0
2011-03-02,'000905,中证500,5108.74,5120.412,5024.864,5099.475,5122.441,-13.701,-0.2675,53142790,70893197822.0
2011-03-01,'000905,中证500,5122.441,5143.77,5082.044,5099.698,5095.208,27.233,0.5345,57798418,77456783066.0
2011-02-28,'000905,中证500,5095.208,5095.569,5007.648,5040.223,5032.797,62.411,1.2401,51242787,66627729267.0
2011-02-25,'000905,中证500,5032.797,5039.792,4964.35,5019.504,5027.731,5.066,0.1008,44455450,57641320377.0
2011-02-24,'000905,中证500,5027.731,5033.104,4963.761,4976.341,4979.057,48.674,0.9776,50090685,65190945277.0
2011-02-23,'000905,中证500,4979.057,4983.233,4891.245,4891.245,4909.745,69.312,1.4117,44830064,61614316534.0
2011-02-22,'000905,中证500,4909.745,5058.747,4908.246,5052.357,5042.967,-133.222,-2.6417,57381961,79490295533.0
2011-02-21,'000905,中证500,5042.967,5043.248,4905.363,4911.806,4941.432,101.535,2.0548,47370220,64040480732.0
2011-02-18,'000905,中证500,4941.432,4984.182,4915.666,4977.22,4987.48,-46.048,-0.9233,42906719,58436567945.0
2011-02-17,'000905,中证500,4987.48,4990.754,4917.952,4962.125,4952.667,34.813,0.7029,50445327,68506795975.0
2011-02-16,'000905,中证500,4952.667,4952.946,4855.949,4860.888,4869.687,82.98,1.704,44671367,61015681747.0
2011-02-15,'000905,中证500,4869.687,4932.331,4862.772,4878.681,4872.495,-2.808,-0.0576,51557041,68054571951.0
2011-02-14,'000905,中证500,4872.495,4884.993,4792.853,4792.853,4786.806,85.689,1.7901,47815133,62502918176.0
2011-02-11,'000905,中证500,4786.806,4803.099,4729.387,4736.272,4733.973,52.833,1.116,39915983,51826099577.0
2011-02-10,'000905,中证500,4733.973,4734.056,4602.333,4604.844,4609.717,124.256,2.6955,34578250,43583054975.0
2011-02-09,'000905,中证500,4609.717,4654.589,4584.899,4597.537,4630.58,-20.863,-0.4505,27542085,35874081337.0
2011-02-01,'000905,中证500,4630.58,4638.606,4604.912,4612.399,4610.86,19.72,0.4277,23946695,31851848756.0
2011-01-31,'000905,中证500,4610.86,4611.0,4536.187,4544.334,4548.206,62.654,1.3776,26406322,34065114763.0
2011-01-28,'000905,中证500,4548.206,4559.362,4493.837,4497.829,4502.808,45.398,1.0082,25817665,33231246887.0
2011-01-27,'000905,中证500,4502.808,4514.428,4369.867,4397.929,4424.892,77.916,1.7609,27964817,35608939750.0
2011-01-26,'000905,中证500,4424.892,4426.247,4339.862,4339.862,4341.909,82.983,1.9112,19743124,25235239648.0
2011-01-25,'000905,中证500,4341.909,4392.215,4307.907,4390.157,4398.495,-56.586,-1.2865,21336169,26649035293.0
2011-01-24,'000905,中证500,4398.495,4521.13,4397.017,4506.61,4506.322,-107.827,-2.3928,25220682,32074479982.0
2011-01-21,'000905,中证500,4506.322,4549.586,4445.23,4459.988,4477.359,28.963,0.6469,27095042,33386899654.0
2011-01-20,'000905,中证500,4477.359,4637.773,4476.561,4637.773,4646.087,-168.728,-3.6316,28652463,36214797899.0
2011-01-19,'000905,中证500,4646.087,4646.088,4530.607,4538.986,4536.964,109.123,2.4052,24360938,31999372872.0
2011-01-18,'000905,中证500,4536.964,4550.287,4483.502,4502.064,4519.913,17.051,0.3772,19442866,24231409864.0
2011-01-17,'000905,中证500,4519.913,4691.571,4507.571,4690.877,4723.426,-203.513,-4.3086,30677510,38540848688.0
2011-01-14,'000905,中证500,4723.426,4816.662,4719.152,4816.662,4826.757,-103.331,-2.1408,27811774,36531767728.0
2011-01-13,'000905,中证500,4826.757,4859.531,4810.905,4851.682,4833.58,-6.823,-0.1412,25443773,32453204942.0
2011-01-12,'000905,中证500,4833.58,4846.947,4764.469,4813.485,4804.822,28.758,0.5985,26914398,33842368207.0
2011-01-11,'000905,中证500,4804.822,4815.497,4747.492,4811.16,4830.562,-25.74,-0.5329,27506089,36680616842.0
2011-01-10,'000905,中证500,4830.562,4970.422,4816.581,4966.563,4975.144,-144.582,-2.9061,31137862,43833176246.0
2011-01-07,'000905,中证500,4975.144,5028.274,4945.784,4990.698,5001.283,-26.139,-0.5226,34996233,47227223346.0
2011-01-06,'000905,中证500,5001.283,5047.259,4992.165,5026.331,5028.766,-27.483,-0.5465,31238743,45887129031.0
2011-01-05,'000905,中证500,5028.766,5038.872,4964.866,4989.105,5011.498,17.268,0.3446,34752218,52016619203.0
2011-01-04,'000905,中证500,5011.498,5012.057,4938.942,4964.214,4936.716,74.782,1.5148,36995644,54148801363.0
2010-12-31,'000905,中证500,4936.716,4936.716,4833.887,4833.887,4828.489,108.227,2.2414,27654614,41140457900.0
2010-12-30,'000905,中证500,4828.489,4846.653,4777.84,4810.442,4812.532,15.957,0.3316,23532241,33164304910.0
2010-12-29,'000905,中证500,4812.532,4813.242,4723.291,4730.63,4730.497,82.035,1.7342,21476837,29581712752.0
2010-12-28,'000905,中证500,4730.497,4827.345,4700.561,4820.824,4849.63,-119.133,-2.4565,29554248,37498203111.0
2010-12-27,'000905,中证500,4849.63,5048.595,4832.529,4993.383,4991.544,-141.914,-2.8431,34155338,45458382170.0
2010-12-24,'000905,中证500,4991.544,5046.942,4947.222,5046.942,5069.523,-77.979,-1.5382,30950786,40444073619.0
2010-12-23,'000905,中证500,5069.523,5170.18,5060.526,5161.257,5174.539,-105.016,-2.0295,34608134,47842893244.0
2010-12-22,'000905,中证500,5174.539,5226.18,5157.318,5225.766,5222.792,-48.253,-0.9239,40779135,56958141826.0
2010-12-21,'000905,中证500,5222.792,5223.395,5123.268,5166.336,5163.529,59.263,1.1477,40388406,55801000203.0
2010-12-20,'000905,中证500,5163.529,5264.206,5043.659,5246.417,5228.337,-64.808,-1.2396,45587756,65571498911.0
2010-12-17,'000905,中证500,5228.337,5230.33,5187.398,5212.136,5216.851,11.486,0.2202,30412144,43025437619.0
2010-12-16,'000905,中证500,5216.851,5250.386,5200.879,5219.084,5230.68,-13.829,-0.2644,35520439,49766029888.0
2010-12-15,'000905,中证500,5230.68,5276.137,5211.7,5244.803,5244.038,-13.358,-0.2547,46795723,67483845192.0
2010-12-14,'000905,中证500,5244.038,5244.531,5181.198,5194.939,5179.021,65.017,1.2554,49363283,69983253936.0
2010-12-13,'000905,中证500,5179.021,5179.518,5063.009,5063.009,5039.165,139.856,2.7754,45563549,63884495365.0
2010-12-10,'000905,中证500,5039.165,5045.95,4935.281,4944.929,4964.901,74.264,1.4958,30412527,42161387860.0
2010-12-09,'000905,中证500,4964.901,5047.044,4964.253,5047.044,5069.97,-105.069,-2.0724,35036069,46985514644.0
2010-12-08,'000905,中证500,5069.97,5133.247,5059.584,5077.549,5084.583,-14.613,-0.2874,33016178,46928056780.0
2010-12-07,'000905,中证500,5084.583,5088.755,4931.88,4999.589,5016.528,68.055,1.3566,33681596,46997286828.0
2010-12-06,'000905,中证500,5016.528,5114.069,4989.281,5103.86,5100.366,-83.838,-1.6438,34135678,48188257794.0
2010-12-03,'000905,中证500,5100.366,5145.805,5052.433,5135.826,5138.487,-38.121,-0.7419,37637974,51837130406.0
2010-12-02,'000905,中证500,5138.487,5192.633,5135.673,5175.258,5116.837,21.65,0.4231,47746715,65517113661.0
2010-12-01,'000905,中证500,5116.837,5139.96,5071.354,5090.402,5110.875,5.962,0.1167,40821237,56140962521.0
2010-11-30,'000905,中证500,5110.875,5257.098,4960.708,5238.5,5248.747,-137.872,-2.6268,64600123,87462279523.0
2010-11-29,'000905,中证500,5248.747,5273.791,5180.657,5214.449,5227.648,21.099,0.4036,50070999,71080926639.0
2010-11-26,'000905,中证500,5227.648,5256.399,5169.034,5255.255,5259.81,-32.162,-0.6115,54072353,73895454035.0
2010-11-25,'000905,中证500,5259.81,5278.319,5226.983,5228.268,5206.149,53.661,1.0307,60786557,84176620421.0
2010-11-24,'000905,中证500,5206.149,5206.422,5017.934,5022.128,5063.237,142.912,2.8225,54086198,77895655044.0
2010-11-23,'000905,中证500,5063.237,5129.372,4970.488,5129.372,5150.665,-87.428,-1.6974,53772275,75005855856.0
2010-11-22,'000905,中证500,5150.665,5190.605,5036.316,5049.463,5081.03,69.635,1.3705,60867651,87125849616.0
2010-11-19,'000905,中证500,5081.03,5081.03,4919.28,4959.062,4932.401,148.629,3.0133,54210574,75492552848.0
2010-11-18,'000905,中证500,4932.401,4941.199,4814.422,4885.909,4855.85,76.551,1.5765,42024505,57603057546.0
2010-11-17,'000905,中证500,4855.85,5039.089,4830.509,4989.798,5068.465,-212.615,-4.1949,54307890,72200547532.0
2010-11-16,'000905,中证500,5068.465,5288.967,5017.246,5259.513,5255.267,-186.802,-3.5546,78362153,1.07405722738e+11
2010-11-15,'000905,中证500,5255.267,5255.852,5083.851,5117.16,5111.189,144.078,2.8189,67850335,93162069760.0
2010-11-12,'000905,中证500,5111.189,5445.708,5094.799,5411.866,5440.099,-328.91,-6.046,105143255,1.41776860761e+11
2010-11-11,'000905,中证500,5440.099,5581.354,5440.099,5462.758,5484.742,-44.643,-0.8139,98773284,1.38992952109e+11
2010-11-10,'000905,中证500,5484.742,5504.881,5432.626,5459.4,5467.839,16.903,0.3091,88592641,1.23461945832e+11
2010-11-09,'000905,中证500,5467.839,5468.36,5398.702,5435.364,5431.091,36.748,0.6766,92700581,1.25207994828e+11
2010-11-08,'000905,中证500,5431.091,5431.394,5330.514,5338.512,5311.77,119.321,2.2464,95076487,1.26108737966e+11
2010-11-05,'000905,中证500,5311.77,5313.483,5244.377,5274.568,5228.296,83.474,1.5966,89504908,1.21087328886e+11
2010-11-04,'000905,中证500,5228.296,5228.924,5104.775,5104.775,5098.539,129.757,2.545,76126009,1.03398233318e+11
2010-11-03,'000905,中证500,5098.539,5197.959,5096.457,5165.912,5173.066,-74.527,-1.4407,76317124,1.06056357862e+11
2010-11-02,'000905,中证500,5173.066,5272.446,5171.501,5211.466,5199.525,-26.459,-0.5089,96864368,1.36199152114e+11
2010-11-01,'000905,中证500,5199.525,5199.812,5072.758,5072.758,5055.492,144.033,2.849,85238377,1.18634831502e+11
2010-10-29,'000905,中证500,5055.492,5068.704,4992.81,5005.657,4999.59,55.902,1.1181,65471877,88982925507.0
2010-10-28,'000905,中证500,4999.59,5020.066,4952.708,4978.536,4994.774,4.816,0.0964,61781621,80933229821.0
2010-10-27,'000905,中证500,4994.774,5088.85,4976.714,5046.211,5046.148,-51.374,-1.0181,80491678,1.06578230592e+11
2010-10-26,'000905,中证500,5046.148,5046.65,4983.839,5010.024,4998.5,47.648,0.9532,89138490,1.17510551354e+11
2010-10-25,'000905,中证500,4998.5,4998.892,4894.806,4894.852,4877.927,120.573,2.4718,81029247,1.06747100223e+11
2010-10-22,'000905,中证500,4877.927,4892.619,4826.825,4837.328,4833.8,44.127,0.9129,66071922,86069665286.0
2010-10-21,'000905,中证500,4833.8,4844.54,4771.607,4805.704,4794.194,39.606,0.8261,67899414,86005617696.0
2010-10-20,'000905,中证500,4794.194,4828.9,4661.194,4682.654,4778.607,15.587,0.3262,76638057,97102747642.0
2010-10-19,'000905,中证500,4778.607,4779.113,4637.05,4637.959,4636.639,141.968,3.0619,65163143,80300991645.0
2010-10-18,'000905,中证500,4636.639,4701.156,4545.066,4699.028,4691.45,-54.811,-1.1683,83674560,1.02226000184e+11
2010-10-15,'000905,中证500,4691.45,4719.928,4638.239,4654.273,4679.548,11.902,0.2543,71827387,92543159845.0
2010-10-14,'000905,中证500,4679.548,4848.857,4675.383,4842.689,4836.737,-157.189,-3.2499,75713462,96047452541.0
2010-10-13,'000905,中证500,4836.737,4838.859,4765.944,4808.389,4806.029,30.708,0.6389,77370404,97139603152.0
2010-10-12,'000905,中证500,4806.029,4808.126,4748.743,4772.91,4789.155,16.874,0.3523,67833440,85283330571.0
2010-10-11,'000905,中证500,4789.155,4825.355,4746.544,4784.653,4767.967,21.188,0.4444,76595412,98047935947.0
2010-10-08,'000905,中证500,4767.967,4787.448,4691.637,4696.379,4660.605,107.362,2.3036,51551489,65487956706.0
2010-09-30,'000905,中证500,4660.605,4660.605,4553.959,4564.812,4590.317,70.288,1.5312,35289019,44293603190.0
2010-09-29,'000905,中证500,4590.317,4659.562,4577.403,4648.162,4654.345,-64.028,-1.3757,39953484,49445705332.0
2010-09-28,'000905,中证500,4654.345,4695.04,4643.173,4672.15,4673.602,-19.257,-0.412,41678014,52795715767.0
2010-09-27,'000905,中证500,4673.602,4673.762,4570.608,4570.608,4546.724,126.878,2.7905,36480284,45209839911.0
2010-09-21,'000905,中证500,4546.724,4576.037,4516.613,4561.669,4553.12,-6.396,-0.1405,28514132,34583857549.0
2010-09-20,'000905,中证500,4553.12,4622.512,4531.484,4608.853,4603.489,-50.369,-1.0941,38806392,47217098701.0
2010-09-17,'000905,中证500,4603.489,4646.197,4575.79,4616.572,4610.916,-7.427,-0.1611,42085317,52286715108.0
2010-09-16,'000905,中证500,4610.916,4739.427,4558.399,4721.555,4730.143,-119.227,-2.5206,56016231,68031791205.0
2010-09-15,'000905,中证500,4730.143,4802.611,4712.529,4802.611,4805.416,-75.273,-1.5664,60256287,73694005503.0
2010-09-14,'000905,中证500,4805.416,4821.55,4770.364,4796.464,4789.693,15.723,0.3283,61049814,77135510983.0
2010-09-13,'000905,中证500,4789.693,4791.48,4707.358,4713.062,4705.31,84.383,1.7934,62354602,79905971712.0
2010-09-10,'000905,中证500,4705.31,4712.56,4593.45,4655.704,4658.009,47.301,1.0155,62314076,76778297278.0
2010-09-09,'000905,中证500,4658.009,4746.029,4649.038,4730.861,4720.375,-62.366,-1.3212,70247230,85740639096.0
2010-09-08,'000905,中证500,4720.375,4723.833,4644.349,4660.898,4679.942,40.433,0.864,55226504,67062076447.0
2010-09-07,'000905,中证500,4679.942,4680.332,4613.393,4650.949,4651.963,27.979,0.6014,54167865,63524390405.0
2010-09-06,'000905,中证500,4651.963,4692.106,4616.069,4682.262,4662.96,-10.997,-0.2358,64243959,78525354466.0
2010-09-03,'000905,中证500,4662.96,4671.343,4596.122,4632.26,4625.395,37.565,0.8121,67592641,83823849428.0
2010-09-02,'000905,中证500,4625.395,4631.0,4545.787,4562.431,4530.229,95.166,2.1007,65126400,79502107728.0
2010-09-01,'000905,中证500,4530.229,4613.088,4473.568,4595.208,4589.289,-59.06,-1.2869,64648953,81001129824.0
2010-08-31,'000905,中证500,4589.289,4605.176,4529.735,4541.767,4553.023,36.266,0.7965,59063491,74996655162.0
2010-08-30,'000905,中证500,4553.023,4553.398,4453.05,4453.05,4431.444,121.579,2.7436,55412906,68586090938.0
2010-08-27,'000905,中证500,4431.444,4437.794,4375.391,4393.99,4399.284,32.16,0.731,36949889,44850459127.0
2010-08-26,'000905,中证500,4399.284,4415.836,4355.032,4376.923,4368.304,30.98,0.7092,42401538,49385699907.0
2010-08-25,'000905,中证500,4368.304,4457.837,4364.061,4428.36,4456.497,-88.193,-1.979,54285398,61248578213.0
2010-08-24,'000905,中证500,4456.497,4476.262,4370.569,4401.523,4404.718,51.779,1.1755,54699663,61869732806.0
2010-08-23,'000905,中证500,4404.718,4416.826,4362.72,4363.169,4366.604,38.114,0.8729,48536656,57536487541.0
2010-08-20,'000905,中证500,4366.604,4444.851,4350.155,4442.693,4461.488,-94.884,-2.1267,58298747,67406500780.0
2010-08-19,'000905,中证500,4461.488,4491.738,4423.987,4456.274,4457.127,4.361,0.0978,59312862,69453948181.0
2010-08-18,'000905,中证500,4457.127,4475.923,4409.594,4462.578,4457.759,-0.632,-0.0142,56897208,66186523274.0
2010-08-17,'000905,中证500,4457.759,4470.457,4414.214,4436.376,4423.315,34.444,0.7787,56911702,65233930026.0
2010-08-16,'000905,中证500,4423.315,4429.902,4315.022,4322.02,4323.052,100.263,2.3193,56252593,64397295510.0
2010-08-13,'000905,中证500,4323.052,4323.248,4212.205,4240.495,4241.592,81.46,1.9205,41849585,47223939591.0
2010-08-12,'000905,中证500,4241.592,4317.946,4228.531,4248.984,4297.904,-56.312,-1.3102,45326653,50452832153.0
2010-08-11,'000905,中证500,4297.904,4309.788,4230.353,4230.353,4246.46,51.444,1.2115,42638846,48885246287.0
2010-08-10,'000905,中证500,4246.46,4417.203,4246.46,4412.268,4413.568,-167.108,-3.7862,62485512,70276303657.0
2010-08-09,'000905,中证500,4413.568,4414.526,4352.923,4357.182,4356.012,57.556,1.3213,59991104,68485215594.0
2010-08-06,'000905,中证500,4356.012,4356.213,4228.669,4260.63,4267.955,88.057,2.0632,63696275,70480316869.0
2010-08-05,'000905,中证500,4267.955,4306.648,4231.469,4247.05,4248.014,19.941,0.4694,58414578,63443746766.0
2010-08-04,'000905,中证500,4248.014,4248.234,4137.646,4178.191,4193.641,54.373,1.2966,54686762,58648962922.0
2010-08-03,'000905,中证500,4193.641,4289.459,4193.298,4277.27,4267.895,-74.254,-1.7398,59405904,64726165563.0
2010-08-02,'000905,中证500,4267.895,4268.395,4192.523,4192.66,4191.13,76.765,1.8316,54273135,59062482231.0
2010-07-30,'000905,中证500,4191.13,4203.643,4137.235,4181.218,4194.04,-2.91,-0.0694,47298289,50667632330.0
2010-07-29,'000905,中证500,4194.04,4196.026,4139.942,4170.762,4162.321,31.719,0.7621,62749036,65227335259.0
2010-07-28,'000905,中证500,4162.321,4162.66,4050.187,4061.019,4068.864,93.457,2.2969,57902007,60592221791.0
2010-07-27,'000905,中证500,4068.864,4091.312,4041.898,4062.251,4071.094,-2.23,-0.0548,41066283,44196726341.0
2010-07-26,'000905,中证500,4071.094,4071.47,4011.746,4023.064,4015.467,55.627,1.3853,43857872,45616827287.0
2010-07-23,'000905,中证500,4015.467,4028.513,3965.704,4020.914,4017.864,-2.397,-0.0597,44710462,46308730057.0
2010-07-22,'000905,中证500,4017.864,4018.056,3940.463,3947.994,3959.427,58.437,1.4759,46178883,47106980662.0
2010-07-21,'000905,中证500,3959.427,4001.427,3937.484,3953.773,3951.358,8.069,0.2042,52042488,53476581398.0
2010-07-20,'000905,中证500,3951.358,3951.542,3848.741,3849.042,3842.313,109.045,2.838,52683504,53568899401.0
2010-07-19,'000905,中证500,3842.313,3848.631,3701.931,3718.13,3757.432,84.881,2.259,35074236,35450370675.0
2010-07-16,'000905,中证500,3757.432,3764.835,3672.02,3713.659,3735.395,22.037,0.59,27987211,27600903233.0
2010-07-15,'000905,中证500,3735.395,3850.196,3735.285,3817.178,3824.046,-88.651,-2.3183,32710612,32298131893.0
2010-07-14,'000905,中证500,3824.046,3862.386,3795.176,3795.211,3788.751,35.295,0.9316,35409659,35487587420.0
2010-07-13,'000905,中证500,3788.751,3816.463,3747.396,3816.463,3849.52,-60.769,-1.5786,34445295,34351843348.0
2010-07-12,'000905,中证500,3849.52,3866.782,3799.429,3809.747,3807.604,41.916,1.1008,40014436,39210785672.0
2010-07-09,'000905,中证500,3807.604,3817.669,3677.338,3699.313,3698.342,109.262,2.9544,40733295,40142143493.0
2010-07-08,'000905,中证500,3698.342,3736.51,3663.731,3729.238,3718.662,-20.32,-0.5464,27792471,26639094854.0
2010-07-07,'000905,中证500,3718.662,3718.931,3656.298,3672.15,3665.334,53.328,1.4549,28947693,28317325926.0
2010-07-06,'000905,中证500,3665.334,3665.379,3554.071,3556.19,3563.882,101.452,2.8467,29592012,28857800432.0
2010-07-05,'000905,中证500,3563.882,3586.578,3498.903,3535.741,3585.576,-21.694,-0.605,22484253,21552278648.0
2010-07-02,'000905,中证500,3585.576,3609.002,3430.361,3600.76,3606.593,-21.017,-0.5827,30876868,30480515074.0
2010-07-01,'000905,中证500,3606.593,3692.903,3604.357,3657.956,3664.464,-57.871,-1.5792,22463470,22874780218.0
2010-06-30,'000905,中证500,3664.464,3701.331,3620.274,3699.181,3736.982,-72.518,-1.9405,25537340,25464503259.0
2010-06-29,'000905,中证500,3736.982,3973.927,3735.119,3960.676,3961.382,-224.4,-5.6647,33575643,34397653349.0
2010-06-28,'000905,中证500,3961.382,4036.429,3944.47,4023.107,4028.433,-67.051,-1.6644,21119469,22859221297.0
2010-06-25,'000905,中证500,4028.433,4080.023,3992.374,4079.192,4095.295,-66.862,-1.6327,25801715,27972975200.0
2010-06-24,'000905,中证500,4095.295,4120.84,4070.488,4090.974,4094.568,0.727,0.0178,24970787,26862635502.0
2010-06-23,'000905,中证500,4094.568,4138.777,4039.925,4098.259,4119.722,-25.154,-0.6106,31267977,33133837622.0
2010-06-22,'000905,中证500,4119.722,4136.592,4069.225,4081.642,4087.017,32.705,0.8002,34616538,36241607659.0
2010-06-21,'000905,中证500,4087.017,4087.447,3924.415,3960.25,3972.286,114.731,2.8883,35086242,35971325346.0
2010-06-18,'000905,中证500,3972.286,4131.677,3945.727,4131.677,4145.243,-172.957,-4.1724,35042623,39210162367.0
2010-06-17,'000905,中证500,4145.243,4237.101,4144.069,4221.599,4197.995,-52.752,-1.2566,28998362,33319315253.0
2010-06-11,'000905,中证500,4197.995,4252.102,4193.082,4239.059,4223.566,-25.571,-0.6054,34418006,39693577498.0
2010-06-10,'000905,中证500,4223.566,4261.161,4176.428,4191.293,4211.881,11.685,0.2774,41886171,47912147685.0
2010-06-09,'000905,中证500,4211.881,4212.175,4110.434,4124.807,4109.317,102.564,2.4959,47558272,51971223690.0
2010-06-08,'000905,中证500,4109.317,4122.39,4047.819,4064.784,4072.568,36.749,0.9024,34239596,39553668851.0
2010-06-07,'000905,中证500,4072.568,4082.379,3985.146,4000.65,4089.035,-16.467,-0.4027,34970362,39400706503.0
2010-06-04,'000905,中证500,4089.035,4095.486,4013.969,4025.277,4053.985,35.05,0.8646,31415125,33892589784.0
2010-06-03,'000905,中证500,4053.985,4146.656,4053.546,4099.855,4083.616,-29.631,-0.7256,37543527,42725068381.0
2010-06-02,'000905,中证500,4083.616,4084.048,3960.335,4004.128,4025.789,57.827,1.4364,32708799,36130463054.0
2010-06-01,'000905,中证500,4025.789,4091.441,3933.393,4059.415,4104.364,-78.575,-1.9144,38746191,42575448426.0
2010-05-31,'000905,中证500,4104.364,4259.164,4104.364,4214.623,4235.322,-130.958,-3.092,41408221,47203412501.0
2010-05-28,'000905,中证500,4235.322,4270.167,4203.488,4254.849,4218.637,16.685,0.3955,45314112,52262340190.0
2010-05-27,'000905,中证500,4218.637,4228.444,4083.622,4133.325,4144.662,73.975,1.7848,43652360,48762064055.0
2010-05-26,'000905,中证500,4144.662,4165.29,4097.242,4117.49,4133.346,11.316,0.2738,34229709,38841485138.0
2010-05-25,'000905,中证500,4133.346,4177.786,4087.096,4134.931,4163.477,-30.131,-0.7237,47451018,52304015443.0
2010-05-24,'000905,中证500,4163.477,4170.729,4016.351,4016.351,3982.385,181.092,4.5473,54419277,60753309591.0
2010-05-21,'000905,中证500,3982.385,3982.412,3768.097,3787.15,3901.257,81.128,2.0795,40230813,42753884532.0
2010-05-20,'000905,中证500,3901.257,4025.803,3890.352,3941.61,3977.377,-76.12,-1.9138,33434323,36236233019.0
2010-05-19,'000905,中证500,3977.377,4037.847,3908.64,3946.148,3972.154,5.223,0.1315,34960518,38905012669.0
2010-05-18,'000905,中证500,3972.154,3983.876,3818.29,3894.094,3915.752,56.402,1.4404,37712984,38354955844.0
2010-05-17,'000905,中证500,3915.752,4132.379,3915.752,4125.661,4184.841,-269.089,-6.4301,37603132,39602984900.0
2010-05-14,'000905,中证500,4184.841,4217.607,4107.176,4129.892,4157.842,26.999,0.6494,36942440,41610102842.0
2010-05-13,'000905,中证500,4157.842,4158.347,3974.102,4042.315,4042.516,115.326,2.8528,36516862,39490389650.0
2010-05-12,'000905,中证500,4042.516,4154.475,3979.128,4100.604,4144.352,-101.836,-2.4572,36571835,40741384941.0
2010-05-11,'000905,中证500,4144.352,4366.687,4134.601,4350.771,4269.108,-124.756,-2.9223,40025811,46663576767.0
2010-05-10,'000905,中证500,4269.108,4391.034,4175.665,4346.702,4350.758,-81.65,-1.8767,40192159,48639016180.0
2010-05-07,'000905,中证500,4350.758,4443.534,4285.466,4313.653,4419.781,-69.023,-1.5617,42211550,51186643794.0
2010-05-06,'000905,中证500,4419.781,4583.184,4418.739,4557.446,4564.807,-145.026,-3.177,44983501,56440157404.0
2010-05-05,'000905,中证500,4564.807,4565.239,4377.384,4388.503,4434.131,130.676,2.947,43298498,52253378389.0
2010-05-04,'000905,中证500,4434.131,4484.46,4324.504,4353.452,4438.681,-4.55,-0.1025,31837592,38342487781.0
2010-04-30,'000905,中证500,4438.681,4547.479,4350.147,4540.652,4561.4,-122.719,-2.6904,43819654,52914755825.0
2010-04-29,'000905,中证500,4561.4,4758.76,4560.131,4730.49,4714.432,-153.032,-3.246,48293400,61768626853.0
2010-04-28,'000905,中证500,4714.432,4767.801,4652.872,4682.326,4739.269,-24.837,-0.5241,44319858,55910745931.0
2010-04-27,'000905,中证500,4739.269,4852.193,4645.159,4852.193,4866.553,-127.284,-2.6155,53715867,66704700199.0
2010-04-26,'000905,中证500,4866.553,4904.97,4847.913,4868.725,4864.164,2.389,0.0491,48510450,64127112047.0
2010-04-23,'000905,中证500,4864.164,4936.731,4840.168,4892.037,4902.405,-38.241,-0.78,55763900,73051083018.0
2010-04-22,'000905,中证500,4902.405,4950.494,4849.557,4881.255,4893.978,8.427,0.1722,65995208,86324588204.0
2010-04-21,'000905,中证500,4893.978,4896.661,4747.387,4753.118,4749.934,144.044,3.0325,63953385,83273716552.0
2010-04-20,'000905,中证500,4749.934,4750.489,4607.2,4680.197,4688.836,61.098,1.3031,52719073,65798537949.0
2010-04-19,'000905,中证500,4688.836,4880.535,4688.12,4850.863,4898.67,-209.834,-4.2835,58277447,70792701720.0
2010-04-16,'000905,中证500,4898.67,4936.876,4852.407,4900.6,4914.747,-16.077,-0.3271,43045737,54086011852.0
2010-04-15,'000905,中证500,4914.747,4984.356,4879.912,4975.078,4977.508,-62.761,-1.2609,54251123,70016667931.0
2010-04-14,'000905,中证500,4977.508,4978.269,4896.573,4910.701,4919.873,57.635,1.1715,56202291,72485869902.0
2010-04-13,'000905,中证500,4919.873,4993.367,4793.284,4977.757,4976.38,-56.507,-1.1355,73469443,96503261576.0
2010-04-12,'000905,中证500,4976.38,4976.832,4932.626,4948.103,4939.176,37.204,0.7532,72281718,93471806749.0
2010-04-09,'000905,中证500,4939.176,4939.408,4866.243,4866.519,4864.922,74.254,1.5263,58419225,76192583994.0
2010-04-08,'000905,中证500,4864.922,4881.907,4845.605,4856.411,4863.639,1.283,0.0264,57175510,72568496777.0
2010-04-07,'000905,中证500,4863.639,4865.753,4829.017,4851.831,4852.904,10.735,0.2212,53289186,66073839435.0
2010-04-06,'000905,中证500,4852.904,4862.168,4814.252,4853.328,4843.175,9.729,0.2009,57397050,70803392480.0
2010-04-02,'000905,中证500,4843.175,4851.938,4820.065,4833.81,4827.214,15.961,0.3306,59431946,71673137978.0
2010-04-01,'000905,中证500,4827.214,4828.103,4755.933,4756.298,4756.157,71.057,1.494,61878857,77731513271.0
2010-03-31,'000905,中证500,4756.157,4757.316,4726.518,4744.344,4744.423,11.734,0.2473,49108276,61722494941.0
2010-03-30,'000905,中证500,4744.423,4748.908,4708.428,4720.577,4723.611,20.812,0.4406,47343723,59814493818.0
2010-03-29,'000905,中证500,4723.611,4723.745,4682.409,4701.789,4686.931,36.68,0.7826,50283238,61333700646.0
2010-03-26,'000905,中证500,4686.931,4693.762,4601.691,4609.752,4620.749,66.182,1.4323,45219282,54648704925.0
2010-03-25,'000905,中证500,4620.749,4675.222,4609.165,4675.222,4683.065,-62.316,-1.3307,48954116,58843594784.0
2010-03-24,'000905,中证500,4683.065,4692.318,4662.536,4662.987,4658.626,24.439,0.5246,47442767,58070206071.0
2010-03-23,'000905,中证500,4658.626,4697.727,4642.975,4690.273,4690.198,-31.572,-0.6731,47048667,56747738471.0
2010-03-22,'000905,中证500,4690.198,4695.082,4649.531,4669.413,4663.903,26.295,0.5638,47200320,55746635882.0
2010-03-19,'000905,中证500,4663.903,4665.909,4609.013,4632.05,4630.953,32.95,0.7115,46415546,54392696725.0
2010-03-18,'000905,中证500,4630.953,4653.681,4605.912,4627.998,4616.053,14.9,0.3228,49791347,58490410433.0
2010-03-17,'000905,中证500,4616.053,4616.109,4500.255,4500.427,4491.465,124.588,2.7739,44369453,52355111027.0
2010-03-16,'000905,中证500,4491.465,4492.04,4426.607,4453.812,4454.76,36.705,0.824,27664476,31934260836.0
2010-03-15,'000905,中证500,4454.76,4498.103,4426.189,4485.875,4492.861,-38.101,-0.848,29928780,35313782723.0
2010-03-12,'000905,中证500,4492.861,4575.996,4489.534,4561.609,4562.872,-70.011,-1.5344,35400212,40963844068.0
2010-03-11,'000905,中证500,4562.872,4608.643,4519.026,4594.501,4598.994,-36.122,-0.7854,37561118,43582882845.0
2010-03-10,'000905,中证500,4598.994,4674.064,4564.431,4659.5,4660.126,-61.132,-1.3118,44799559,51947965691.0
2010-03-09,'000905,中证500,4660.126,4674.509,4607.864,4653.062,4654.583,5.543,0.1191,47214429,54504639852.0
2010-03-08,'000905,中证500,4654.583,4665.061,4612.218,4618.857,4604.586,49.997,1.0858,45039469,51555326555.0
2010-03-05,'000905,中证500,4604.586,4632.04,4550.096,4590.886,4586.523,18.063,0.3938,52371476,58748521383.0
2010-03-04,'000905,中证500,4586.523,4780.016,4572.07,4763.637,4758.434,-171.911,-3.6128,68470706,81551643706.0
2010-03-03,'000905,中证500,4758.434,4761.577,4680.311,4690.436,4690.293,68.141,1.4528,63573551,76878302413.0
2010-03-02,'000905,中证500,4690.293,4705.16,4660.166,4692.606,4686.266,4.027,0.0859,56628861,67693532034.0
2010-03-01,'000905,中证500,4686.266,4692.833,4635.953,4635.953,4634.671,51.595,1.1132,53862437,63522641661.0
2010-02-26,'000905,中证500,4634.671,4656.927,4602.016,4618.639,4629.965,4.706,0.1016,49530522,58905069146.0
2010-02-25,'000905,中证500,4629.965,4632.97,4564.024,4565.744,4556.281,73.684,1.6172,55519410,65857348240.0
2010-02-24,'000905,中证500,4556.281,4556.723,4419.452,4438.395,4459.155,97.126,2.1781,48024568,55266251401.0
2010-02-23,'000905,中证500,4459.155,4459.726,4352.442,4414.055,4419.547,39.608,0.8962,38842110,44895645491.0
2010-02-22,'000905,中证500,4419.547,4457.223,4401.057,4412.553,4416.219,3.328,0.0754,31469426,36942577664.0
2010-02-12,'000905,中证500,4416.219,4418.539,4365.477,4365.619,4356.517,59.702,1.3704,24511379,29321018550.0
2010-02-11,'000905,中证500,4356.517,4385.197,4352.114,4367.721,4366.25,-9.733,-0.2229,24485410,28560427556.0
2010-02-10,'000905,中证500,4366.25,4366.495,4326.019,4333.854,4311.891,54.359,1.2607,25897196,30362057461.0
2010-02-09,'000905,中证500,4311.891,4334.343,4284.517,4300.32,4310.894,0.997,0.0231,29896579,33051109745.0
2010-02-08,'000905,中证500,4310.894,4330.204,4279.662,4299.251,4311.293,-0.399,-0.0093,31946076,36140917706.0
2010-02-05,'000905,中证500,4311.293,4382.344,4270.71,4312.549,4408.441,-97.148,-2.2037,49670405,57329452739.0
2010-02-04,'000905,中证500,4408.441,4445.754,4316.813,4342.68,4363.079,45.362,1.0397,51873782,60009178101.0
2010-02-03,'000905,中证500,4363.079,4363.668,4160.352,4299.966,4301.768,61.311,1.4253,48526679,55363883385.0
2010-02-02,'000905,中证500,4301.768,4388.351,4296.883,4344.037,4331.366,-29.598,-0.6833,38532505,45419432144.0
2010-02-01,'000905,中证500,4331.366,4372.572,4269.33,4366.489,4374.649,-43.283,-0.9894,43095029,50119156209.0
2010-01-29,'000905,中证500,4374.649,4418.402,4298.654,4316.237,4336.381,38.268,0.8825,39888065,46920870245.0
2010-01-28,'000905,中证500,4336.381,4340.409,4249.771,4266.056,4267.113,69.268,1.6233,32127330,37413687580.0
2010-01-27,'000905,中证500,4267.113,4344.132,4229.517,4290.736,4294.383,-27.27,-0.635,32924152,37930581719.0
2010-01-26,'000905,中证500,4294.383,4492.645,4254.323,4467.521,4481.16,-186.777,-4.1681,41520282,47467846100.0
2010-01-25,'000905,中证500,4481.16,4542.786,4477.187,4515.131,4537.88,-56.72,-1.2499,41395083,49671090279.0
2010-01-22,'000905,中证500,4537.88,4633.394,4453.69,4613.193,4667.209,-129.329,-2.771,60187183,69988890425.0
2010-01-21,'000905,中证500,4667.209,4696.161,4611.76,4646.622,4651.074,16.135,0.3469,50936676,61486439798.0
2010-01-20,'000905,中证500,4651.074,4831.701,4635.669,4830.421,4830.016,-178.942,-3.7048,78086537,94323889250.0
2010-01-19,'000905,中证500,4830.016,4852.325,4791.99,4835.827,4829.062,0.954,0.0198,66154944,80838046644.0
2010-01-18,'000905,中证500,4829.062,4829.361,4738.911,4744.325,4747.648,81.414,1.7148,63284357,78211370140.0
2010-01-15,'000905,中证500,4747.648,4753.189,4712.624,4720.217,4714.1,33.548,0.7117,58513372,73076043319.0
2010-01-14,'000905,中证500,4714.1,4714.873,4598.405,4598.405,4591.024,123.076,2.6808,67918483,84561287696.0
2010-01-13,'000905,中证500,4591.024,4650.059,4526.838,4544.429,4639.632,-48.608,-1.0477,67898807,83458600355.0
2010-01-12,'000905,中证500,4639.632,4640.353,4524.675,4535.304,4542.949,96.683,2.1282,62061689,76271745524.0
2010-01-11,'000905,中证500,4542.949,4558.461,4502.994,4549.318,4514.452,28.497,0.6312,57089732,70066392656.0
2010-01-08,'000905,中证500,4514.452,4514.719,4426.235,4439.206,4459.155,55.297,1.2401,46573646,54897796700.0
2010-01-07,'000905,中证500,4459.155,4554.932,4436.767,4540.009,4550.279,-91.124,-2.0026,57873440,68761437809.0
2010-01-06,'000905,中证500,4550.279,4595.102,4538.719,4553.369,4557.475,-7.196,-0.1579,57875979,69618450892.0
2010-01-05,'000905,中证500,4557.475,4558.21,4480.188,4513.403,4510.527,46.948,1.0409,57040745,68443129593.0
2010-01-04,'000905,中证500,4510.527,4542.71,4487.365,4508.93,4485.255,25.272,0.5634,51256734,62671851458.0
2009-12-31,'000905,中证500,4485.255,4487.451,4432.289,4444.248,4446.067,39.188,0.8814,45292800,54875089597.0
2009-12-30,'000905,中证500,4446.067,4470.308,4408.384,4459.723,4463.604,-17.537,-0.3929,48089604,57155642238.0
2009-12-29,'000905,中证500,4463.604,4465.461,4393.902,4451.928,4447.205,16.399,0.3687,45272145,52114946742.0
2009-12-28,'000905,中证500,4447.205,4447.757,4388.274,4388.778,4376.193,71.012,1.6227,43749736,50027432219.0
2009-12-25,'000905,中证500,4376.193,4398.458,4324.855,4342.35,4345.296,30.897,0.711,42724540,48524138882.0
2009-12-24,'000905,中证500,4345.296,4350.525,4209.975,4213.821,4210.173,135.123,3.2094,44360080,50554403042.0
2009-12-23,'000905,中证500,4210.173,4210.665,4129.892,4132.155,4136.822,73.351,1.7731,32888848,36921147988.0
2009-12-22,'000905,中证500,4136.822,4263.337,4124.08,4260.744,4256.389,-119.567,-2.8091,36848967,40966914754.0
2009-12-21,'000905,中证500,4256.389,4257.017,4185.109,4195.117,4203.48,52.909,1.2587,32099719,35444566541.0
2009-12-18,'000905,中证500,4203.48,4318.987,4194.965,4318.065,4364.926,-161.446,-3.6987,42987152,47125711072.0
2009-12-17,'000905,中证500,4364.926,4518.944,4362.838,4506.367,4506.039,-141.113,-3.1316,44927096,51403036914.0
2009-12-16,'000905,中证500,4506.039,4543.097,4491.02,4509.822,4523.493,-17.454,-0.3859,43417892,49886431663.0
2009-12-15,'000905,中证500,4523.493,4545.354,4492.24,4507.158,4513.594,9.899,0.2193,46581034,53573939096.0
2009-12-14,'000905,中证500,4513.594,4533.797,4417.726,4533.364,4534.763,-21.169,-0.4668,46093144,51741648040.0
2009-12-11,'000905,中证500,4534.763,4576.217,4517.528,4546.61,4536.557,-1.794,-0.0395,47113646,53229806991.0
2009-12-10,'000905,中证500,4536.557,4553.819,4485.821,4517.704,4498.152,38.405,0.8538,45417818,51457524409.0
2009-12-09,'000905,中证500,4498.152,4566.237,4474.096,4524.624,4571.764,-73.612,-1.6101,55351671,61247632898.0
2009-12-08,'000905,中证500,4571.764,4598.095,4520.924,4584.16,4581.242,-9.478,-0.2069,66403637,74211406782.0
2009-12-07,'000905,中证500,4581.242,4581.578,4503.494,4508.626,4506.082,75.16,1.668,60493098,68533289382.0
2009-12-04,'000905,中证500,4506.082,4651.148,4403.136,4614.683,4621.941,-115.859,-2.5067,93985357,1.04837427913e+11
2009-12-03,'000905,中证500,4621.941,4625.636,4555.473,4582.261,4591.384,30.557,0.6655,79041822,88680044087.0
2009-12-02,'000905,中证500,4591.384,4605.878,4534.45,4547.98,4525.288,66.096,1.4606,87627876,96857705813.0
2009-12-01,'000905,中证500,4525.288,4525.649,4386.826,4405.731,4405.328,119.96,2.7231,76089665,84582733937.0
2009-11-30,'000905,中证500,4405.328,4405.693,4251.955,4251.955,4215.338,189.99,4.5071,62939505,69591307407.0
2009-11-27,'000905,中证500,4215.338,4355.231,4187.585,4262.567,4328.408,-113.07,-2.6123,70829628,75810303259.0
2009-11-26,'000905,中证500,4328.408,4541.945,4304.153,4519.132,4512.08,-183.672,-4.0707,103729262,1.15217581168e+11
2009-11-25,'000905,中证500,4512.08,4512.677,4317.849,4333.701,4347.657,164.423,3.7819,87596047,97082603745.0
2009-11-24,'000905,中证500,4347.657,4611.888,4328.436,4607.034,4591.339,-243.682,-5.3074,116086824,1.31848806525e+11
2009-11-23,'000905,中证500,4591.339,4592.007,4513.561,4516.278,4508.293,83.046,1.8421,82837180,94245231224.0
2009-11-20,'000905,中证500,4508.293,4541.274,4443.135,4462.577,4476.138,32.155,0.7184,88271203,96484181155.0
2009-11-19,'000905,中证500,4476.138,4476.138,4400.753,4412.098,4406.779,69.359,1.5739,86056225,93593940758.0
2009-11-18,'000905,中证500,4406.779,4413.624,4363.882,4386.132,4387.552,19.227,0.4382,77771461,85515804793.0
2009-11-17,'000905,中证500,4387.552,4400.394,4341.778,4381.99,4364.973,22.579,0.5173,78861378,87869927121.0
2009-11-16,'000905,中证500,4364.973,4366.852,4295.723,4295.723,4267.008,97.965,2.2959,88374848,99027620073.0
2009-11-13,'000905,中证500,4267.008,4267.008,4166.142,4200.666,4213.245,53.763,1.276,63309285,69037907972.0
2009-11-12,'000905,中证500,4213.245,4251.611,4197.697,4203.618,4199.549,13.696,0.3261,66825437,70704987470.0
2009-11-11,'000905,中证500,4199.549,4209.253,4149.287,4172.664,4182.77,16.779,0.4011,62783803,66205122286.0
2009-11-10,'000905,中证500,4182.77,4211.148,4176.131,4193.656,4176.188,6.582,0.1576,69802584,74730896305.0
2009-11-09,'000905,中证500,4176.188,4176.433,4120.391,4148.431,4145.137,31.051,0.7491,68324554,71823996262.0
2009-11-06,'000905,中证500,4145.137,4175.5,4130.69,4147.832,4125.781,19.356,0.4691,83945695,86991528667.0
2009-11-05,'000905,中证500,4125.781,4134.847,4068.94,4082.874,4083.482,42.299,1.0359,70886945,73844938740.0
2009-11-04,'000905,中证500,4083.482,4091.993,4040.324,4057.024,4053.212,30.27,0.7468,77912158,84245285191.0
2009-11-03,'000905,中证500,4053.212,4053.212,3967.003,3970.452,3955.783,97.429,2.463,82590018,88498444300.0
2009-11-02,'000905,中证500,3955.783,3955.783,3738.696,3754.943,3827.683,128.1,3.3467,65950702,70113134428.0
2009-10-30,'000905,中证500,3827.683,3872.23,3799.662,3823.8,3777.505,50.178,1.3283,51748368,55612624319.0
2009-10-29,'000905,中证500,3777.505,3814.915,3761.785,3786.725,3846.415,-68.91,-1.7915,47908871,51083859019.0
2009-10-28,'000905,中证500,3846.415,3846.415,3763.173,3794.993,3807.976,38.439,1.0094,50009616,52176565091.0
2009-10-27,'000905,中证500,3807.976,3887.437,3807.976,3884.564,3911.653,-103.677,-2.6505,57622839,59977841009.0
2009-10-26,'000905,中证500,3911.653,3925.422,3869.149,3914.608,3908.435,3.218,0.0823,58061835,59082514547.0
2009-10-23,'000905,中证500,3908.435,3926.192,3858.449,3858.449,3855.768,52.667,1.3659,69440068,69326922727.0
2009-10-22,'000905,中证500,3855.768,3880.294,3815.166,3827.181,3839.947,15.821,0.412,56752283,57097318192.0
2009-10-21,'000905,中证500,3839.947,3887.889,3836.876,3859.512,3865.832,-25.885,-0.6696,65471956,66974108089.0
2009-10-20,'000905,中证500,3865.832,3865.832,3811.786,3827.626,3808.181,57.651,1.5139,67725086,71454000459.0
2009-10-19,'000905,中证500,3808.181,3808.181,3714.485,3719.532,3716.897,91.284,2.4559,56594402,57865502154.0
2009-10-16,'000905,中证500,3716.897,3725.321,3654.696,3712.918,3704.404,12.493,0.3372,42916352,43612066520.0
2009-10-15,'000905,中证500,3704.404,3733.276,3677.135,3711.101,3692.648,11.756,0.3184,44252953,44230878359.0
2009-10-14,'000905,中证500,3692.648,3729.942,3667.506,3668.372,3659.081,33.567,0.9174,52256030,52651504840.0
2009-10-13,'000905,中证500,3659.081,3659.081,3583.85,3591.615,3597.863,61.218,1.7015,37932288,37251298683.0
2009-10-12,'000905,中证500,3597.863,3629.578,3555.945,3586.041,3576.444,21.419,0.5989,39199707,38786307553.0
2009-10-09,'000905,中证500,3576.444,3576.636,3454.796,3456.082,3400.623,175.821,5.1703,36436931,34965908475.0
2009-09-30,'000905,中证500,3400.623,3444.768,3396.561,3396.927,3372.074,28.549,0.8466,28863895,26692996825.0
2009-09-29,'000905,中证500,3372.074,3449.173,3306.384,3430.289,3434.655,-62.581,-1.822,32639226,29436875152.0
2009-09-28,'000905,中证500,3434.655,3581.976,3418.456,3546.341,3536.811,-102.156,-2.8884,32287692,30785905298.0
2009-09-25,'000905,中证500,3536.811,3583.602,3516.359,3555.468,3568.669,-31.858,-0.8927,33151502,32026962179.0
2009-09-24,'000905,中证500,3568.669,3620.386,3477.406,3572.481,3595.706,-27.037,-0.7519,44118224,42844101016.0
2009-09-23,'000905,中证500,3595.706,3733.694,3572.628,3693.032,3708.199,-112.493,-3.0336,49935069,49543781140.0
2009-09-22,'000905,中证500,3708.199,3834.725,3708.199,3793.79,3804.331,-96.132,-2.5269,57192977,59072443427.0
2009-09-21,'000905,中证500,3804.331,3805.037,3637.501,3704.171,3739.732,64.599,1.7274,61094420,61331331199.0
2009-09-18,'000905,中证500,3739.732,3892.17,3707.022,3879.099,3868.667,-128.935,-3.3328,80515878,79292552224.0
2009-09-17,'000905,中证500,3868.667,3881.849,3785.245,3785.245,3781.064,87.603,2.3169,77663275,76549294919.0
2009-09-16,'000905,中证500,3781.064,3808.895,3706.297,3764.567,3775.213,5.851,0.155,72237439,71506327436.0
2009-09-15,'000905,中证500,3775.213,3791.841,3718.881,3742.445,3736.576,38.637,1.034,71362909,70906100685.0
2009-09-14,'000905,中证500,3736.576,3744.834,3652.577,3653.469,3641.816,94.76,2.602,69996412,69266897945.0
2009-09-11,'000905,中证500,3641.816,3659.439,3565.868,3567.62,3581.683,60.133,1.6789,53522287,52031226521.0
2009-09-10,'000905,中证500,3581.683,3624.756,3558.616,3598.266,3613.41,-31.727,-0.878,49193023,48294075772.0
2009-09-09,'000905,中证500,3613.41,3616.254,3556.314,3598.014,3592.806,20.604,0.5735,55879161,56137109537.0
2009-09-08,'000905,中证500,3592.806,3592.806,3473.181,3505.443,3527.254,65.552,1.8584,55785166,55980453409.0
2009-09-07,'000905,中证500,3527.254,3564.65,3487.493,3503.003,3489.063,38.191,1.0946,58320117,56322210380.0
2009-09-04,'000905,中证500,3489.063,3509.282,3408.083,3422.954,3427.442,61.621,1.7979,53833605,50781322255.0
2009-09-03,'000905,中证500,3427.442,3437.159,3262.967,3266.18,3265.074,162.368,4.9729,47946513,43515606419.0
2009-09-02,'000905,中证500,3265.074,3279.098,3195.852,3229.021,3245.274,19.8,0.6101,31058498,26998810400.0
2009-09-01,'000905,中证500,3245.274,3319.717,3207.268,3242.929,3277.997,-32.723,-0.9983,37392876,33234621981.0
2009-08-31,'000905,中证500,3277.997,3477.116,3276.108,3477.116,3531.41,-253.413,-7.176,47314228,43255410397.0
2009-08-28,'000905,中证500,3531.41,3627.366,3512.432,3615.075,3629.513,-98.103,-2.7029,48276206,45945183890.0
2009-08-27,'000905,中证500,3629.513,3662.473,3557.766,3585.368,3595.115,34.398,0.9568,65426057,62666472301.0
2009-08-26,'000905,中证500,3595.115,3622.666,3444.816,3466.215,3485.924,109.191,3.1323,59667702,58697217358.0
2009-08-25,'000905,中证500,3485.924,3523.815,3384.445,3523.815,3541.804,-55.88,-1.5777,59825452,57938441896.0
2009-08-24,'000905,中证500,3541.804,3556.712,3449.221,3472.493,3468.042,73.762,2.1269,54607549,53333730326.0
2009-08-21,'000905,中证500,3468.042,3469.067,3344.309,3366.461,3374.351,93.691,2.7766,51580488,48523629526.0
2009-08-20,'000905,中证500,3374.351,3378.807,3239.825,3247.209,3247.526,126.825,3.9053,42960837,39189781068.0
2009-08-19,'000905,中证500,3247.526,3436.952,3215.547,3427.099,3424.775,-177.249,-5.1755,43905918,39910161331.0
2009-08-18,'000905,中证500,3424.775,3436.479,3310.898,3326.866,3358.103,66.672,1.9854,38126226,34735016054.0
2009-08-17,'000905,中证500,3358.103,3571.817,3356.201,3558.321,3609.698,-251.595,-6.97,48213667,45055756542.0
2009-08-14,'000905,中证500,3609.698,3789.754,3609.658,3780.394,3778.14,-168.442,-4.4583,50726464,50461646276.0
2009-08-13,'000905,中证500,3778.14,3800.529,3705.368,3772.668,3770.137,8.003,0.2123,42709925,43660013555.0
2009-08-12,'000905,中证500,3770.137,3944.344,3762.236,3944.344,3953.293,-183.156,-4.633,53833018,55199682634.0
2009-08-11,'000905,中证500,3953.293,3964.422,3900.058,3946.151,3933.047,20.246,0.5148,44640435,47678940455.0
2009-08-10,'000905,中证500,3933.047,3970.177,3857.5,3935.045,3893.125,39.922,1.0254,53810692,57236081881.0
2009-08-07,'000905,中证500,3893.125,4036.204,3875.756,4008.225,4015.421,-122.296,-3.0457,66695008,71025079991.0
2009-08-06,'000905,中证500,4015.421,4093.701,3946.59,4040.222,4069.338,-53.917,-1.325,78729672,84495679177.0
2009-08-05,'000905,中证500,4069.338,4099.527,3993.107,4065.426,4069.346,-0.008,-0.0002,88793349,94016657135.0
2009-08-04,'000905,中证500,4069.346,4071.129,3975.507,4024.681,4020.266,49.08,1.2208,93650297,98052184307.0
2009-08-03,'000905,中证500,4020.266,4020.625,3928.927,3944.697,3928.584,91.682,2.3337,85107280,87743316310.0
2009-07-31,'000905,中证500,3928.584,3933.37,3816.471,3826.193,3803.124,125.46,3.2989,75259167,76812843931.0
2009-07-30,'000905,中证500,3803.124,3830.351,3670.905,3773.148,3764.64,38.484,1.0222,69836967,69297629393.0
2009-07-29,'000905,中证500,3764.64,4019.195,3678.888,4013.033,4022.91,-258.27,-6.42,94637684,94818134515.0
2009-07-28,'000905,中证500,4022.91,4023.013,3936.205,3974.006,3972.644,50.266,1.2653,88281336,92018596162.0
2009-07-27,'000905,中证500,3972.644,3972.668,3914.317,3918.267,3907.967,64.677,1.655,79283866,84329127787.0
2009-07-24,'000905,中证500,3907.967,3952.317,3831.396,3945.237,3933.113,-25.146,-0.6393,82625756,84419752596.0
2009-07-23,'000905,中证500,3933.113,3933.113,3892.651,3900.015,3894.563,38.55,0.9898,76614399,77959608431.0
2009-07-22,'000905,中证500,3894.563,3894.694,3817.865,3817.865,3824.288,70.275,1.8376,77173835,79176385388.0
2009-07-21,'000905,中证500,3824.288,3922.571,3814.922,3922.109,3919.426,-95.138,-2.4273,89371035,90115333385.0
2009-07-20,'000905,中证500,3919.426,3919.448,3855.774,3863.472,3852.863,66.563,1.7276,90161039,92728442708.0
2009-07-17,'000905,中证500,3852.863,3862.288,3809.498,3827.252,3829.207,23.656,0.6178,76085168,76006659794.0
2009-07-16,'000905,中证500,3829.207,3873.333,3821.242,3860.68,3848.632,-19.425,-0.5047,84348618,84405704814.0
2009-07-15,'000905,中证500,3848.632,3850.962,3820.242,3824.326,3813.876,34.756,0.9113,84360835,82599123419.0
2009-07-14,'000905,中证500,3813.876,3813.876,3762.319,3762.319,3754.344,59.532,1.5857,74369594,71842671765.0
2009-07-13,'000905,中证500,3754.344,3782.109,3705.433,3711.447,3719.97,34.374,0.924,75672516,73043441518.0
2009-07-10,'000905,中证500,3719.97,3747.122,3697.98,3706.56,3701.79,18.18,0.4911,77856249,74303351573.0
2009-07-09,'000905,中证500,3701.79,3701.79,3631.297,3637.388,3633.433,68.357,1.8813,75239647,72900659346.0
2009-07-08,'000905,中证500,3633.433,3640.337,3560.11,3567.591,3589.187,44.246,1.2328,60148041,56294034230.0
2009-07-07,'000905,中证500,3589.187,3616.166,3563.273,3588.669,3592.64,-3.453,-0.0961,71322379,65799669147.0
2009-07-06,'000905,中证500,3592.64,3601.912,3557.667,3593.624,3584.858,7.782,0.2171,74514065,70797470967.0
2009-07-03,'000905,中证500,3584.858,3584.858,3507.178,3519.695,3540.509,44.349,1.2526,75130463,69740531204.0
2009-07-02,'000905,中证500,3540.509,3540.641,3500.891,3516.309,3503.754,36.755,1.049,71837652,65457124837.0
2009-07-01,'000905,中证500,3503.754,3503.754,3444.47,3446.446,3452.263,51.491,1.4915,60848601,55239860941.0
2009-06-30,'000905,中证500,3452.263,3484.944,3439.768,3483.578,3476.788,-24.525,-0.7054,53491816,47235004980.0
2009-06-29,'000905,中证500,3476.788,3484.231,3444.979,3451.778,3448.461,28.327,0.8214,59346576,52383611635.0
2009-06-26,'000905,中证500,3448.461,3453.614,3419.369,3433.725,3427.473,20.988,0.6123,50124718,44240557675.0
2009-06-25,'000905,中证500,3427.473,3441.582,3411.527,3435.002,3431.444,-3.971,-0.1157,51372645,44201454809.0
2009-06-24,'000905,中证500,3431.444,3431.444,3384.476,3394.77,3392.112,39.332,1.1595,49764749,43397162184.0
2009-06-23,'000905,中证500,3392.112,3421.237,3353.025,3365.241,3405.13,-13.018,-0.3823,49053197,41856428791.0
2009-06-22,'000905,中证500,3405.13,3454.895,3393.324,3451.866,3434.055,-28.925,-0.8423,57531259,49661979365.0
2009-06-19,'000905,中证500,3434.055,3448.842,3415.751,3433.201,3431.281,2.774,0.0808,64737251,56530019401.0
2009-06-18,'000905,中证500,3431.281,3432.09,3406.326,3410.629,3403.962,27.319,0.8026,59630871,52809180252.0
2009-06-17,'000905,中证500,3403.962,3406.913,3334.168,3346.653,3349.35,54.612,1.6305,48982567,41820824957.0
2009-06-16,'000905,中证500,3349.35,3357.441,3317.829,3330.628,3356.714,-7.364,-0.2194,40799703,35431874726.0
2009-06-15,'000905,中证500,3356.714,3356.714,3296.579,3303.739,3309.587,47.127,1.424,40944145,34958700221.0
2009-06-12,'000905,中证500,3309.587,3391.374,3281.248,3376.595,3382.997,-73.41,-2.17,55539307,47444324465.0
2009-06-11,'000905,中证500,3382.997,3422.131,3363.973,3399.551,3403.208,-20.211,-0.5939,60964112,51232496633.0
2009-06-10,'000905,中证500,3403.208,3403.281,3363.883,3373.029,3366.911,36.297,1.0781,61203676,51214797853.0
2009-06-09,'000905,中证500,3366.911,3366.911,3282.0,3347.856,3350.238,16.673,0.4977,56322994,48034536075.0
2009-06-08,'000905,中证500,3350.238,3380.714,3321.765,3355.911,3355.778,-5.54,-0.1651,52720724,47467261930.0
2009-06-05,'000905,中证500,3355.778,3393.077,3352.628,3379.92,3375.873,-20.095,-0.5953,58164715,51543448301.0
2009-06-04,'000905,中证500,3375.873,3384.36,3321.272,3373.381,3380.188,-4.315,-0.1277,65131059,57924202294.0
2009-06-03,'000905,中证500,3380.188,3380.359,3346.968,3351.778,3353.922,26.266,0.7831,65177475,58096239914.0
2009-06-02,'000905,中证500,3353.922,3366.736,3333.459,3346.072,3332.337,21.585,0.6477,64421806,57437786578.0
2009-06-01,'000905,中证500,3332.337,3335.069,3296.116,3302.004,3276.748,55.589,1.6965,56432387,49070392572.0
2009-05-27,'000905,中证500,3276.748,3300.223,3241.219,3287.989,3274.849,1.899,0.058,50492467,43419589368.0
2009-05-26,'000905,中证500,3274.849,3319.12,3271.906,3274.63,3271.501,3.348,0.1023,61079104,54668798254.0
2009-05-25,'000905,中证500,3271.501,3277.685,3152.543,3176.158,3254.534,16.967,0.5213,56607342,48546112496.0
2009-05-22,'000905,中证500,3254.534,3283.502,3227.189,3235.413,3247.475,7.059,0.2174,49637979,42179218806.0
2009-05-21,'000905,中证500,3247.475,3309.316,3225.548,3288.24,3306.474,-58.999,-1.7843,70062883,58565547467.0
2009-05-20,'000905,中证500,3306.474,3343.659,3302.743,3328.121,3325.531,-19.057,-0.5731,70002826,58970946249.0
2009-05-19,'000905,中证500,3325.531,3338.252,3302.754,3313.908,3295.651,29.88,0.9066,71390583,60721176704.0
2009-05-18,'000905,中证500,3295.651,3297.539,3211.388,3265.005,3270.738,24.913,0.7617,56313856,46772299583.0
2009-05-15,'000905,中证500,3270.738,3285.446,3238.675,3255.449,3246.557,24.181,0.7448,58945698,48465220423.0
2009-05-14,'000905,中证500,3246.557,3256.529,3200.113,3211.21,3234.151,12.406,0.3836,59123915,48007411979.0
2009-05-13,'000905,中证500,3234.151,3247.843,3201.025,3215.968,3212.139,22.012,0.6853,61448252,49842039078.0
2009-05-12,'000905,中证500,3212.139,3212.176,3101.316,3105.859,3134.573,77.566,2.4745,50827090,41206380472.0
2009-05-11,'000905,中证500,3134.573,3275.118,3134.44,3269.022,3257.588,-123.015,-3.7763,79066335,63792589396.0
2009-05-08,'000905,中证500,3257.588,3274.572,3196.786,3227.217,3242.626,14.962,0.4614,77862548,63375192115.0
2009-05-07,'000905,中证500,3242.626,3285.772,3177.949,3278.985,3264.579,-21.953,-0.6725,81373899,69303825133.0
2009-05-06,'000905,中证500,3264.579,3264.579,3204.307,3215.6,3220.615,43.964,1.3651,72987002,62139528385.0
2009-05-05,'000905,中证500,3220.615,3234.133,3183.388,3208.273,3190.254,30.361,0.9517,72957325,61104211297.0
2009-05-04,'000905,中证500,3190.254,3190.266,3096.389,3096.389,3086.217,104.037,3.371,69192010,57233986709.0
2009-04-30,'000905,中证500,3086.217,3096.762,3040.749,3051.14,3040.04,46.177,1.519,62320401,51201102237.0
2009-04-29,'000905,中证500,3040.04,3043.407,2954.855,2963.206,2959.952,80.088,2.7057,56199875,46072693383.0
2009-04-28,'000905,中证500,2959.952,2959.952,2897.803,2900.089,2916.114,43.838,1.5033,44365085,36611427350.0
2009-04-27,'000905,中证500,2916.114,3042.797,2903.3,3034.238,3036.761,-120.647,-3.9729,53130567,42036180745.0
2009-04-24,'000905,中证500,3036.761,3082.5,3034.448,3070.352,3059.709,-22.948,-0.75,52483375,43044315736.0
2009-04-23,'000905,中证500,3059.709,3080.254,2978.653,3013.086,3042.638,17.071,0.5611,55318761,44693516154.0
2009-04-22,'000905,中证500,3042.638,3235.449,3021.413,3219.339,3205.076,-162.438,-5.0681,86051843,70079571318.0
2009-04-21,'000905,中证500,3205.076,3225.106,3142.119,3173.533,3205.884,-0.808,-0.0252,79868178,64569546380.0
2009-04-20,'000905,中证500,3205.884,3205.884,3109.896,3111.474,3119.419,86.465,2.7718,73529071,60484825137.0
2009-04-17,'000905,中证500,3119.419,3171.861,3083.64,3152.36,3159.26,-39.841,-1.2611,76864812,64153355265.0
2009-04-16,'000905,中证500,3159.26,3182.579,3097.536,3151.003,3143.821,15.439,0.4911,86665480,71982010654.0
2009-04-15,'000905,中证500,3143.821,3143.821,3055.253,3084.043,3099.429,44.392,1.4323,83775471,70090825673.0
2009-04-14,'000905,中证500,3099.429,3102.785,3031.589,3047.771,3050.372,49.057,1.6082,76936976,63983007697.0
2009-04-13,'000905,中证500,3050.372,3055.649,3019.157,3030.701,3009.376,40.996,1.3623,77994885,63427183968.0
2009-04-10,'000905,中证500,3009.376,3012.25,2921.613,2932.013,2915.024,94.352,3.2367,72079940,58445924497.0
2009-04-09,'000905,中证500,2915.024,2915.073,2838.627,2862.107,2867.168,47.856,1.6691,49871136,39259889046.0
2009-04-08,'000905,中证500,2867.168,2969.814,2867.168,2959.809,2968.519,-101.351,-3.4142,61578797,48390870285.0
2009-04-07,'000905,中证500,2968.519,2968.525,2925.744,2941.389,2934.253,34.266,1.1678,53024734,42619367501.0
2009-04-03,'000905,中证500,2934.253,2990.066,2909.828,2983.219,2965.735,-31.482,-1.0615,66739600,53780554243.0
2009-04-02,'000905,中证500,2965.735,2996.387,2952.762,2972.739,2962.839,2.896,0.0977,76376077,60820104414.0
2009-04-01,'000905,中证500,2962.839,2978.096,2924.31,2924.393,2914.128,48.711,1.6715,76329270,59892528633.0
2009-03-31,'000905,中证500,2914.128,2914.202,2808.605,2825.931,2883.214,30.914,1.0722,59667522,46324446151.0
2009-03-30,'000905,中证500,2883.214,2904.591,2866.863,2880.534,2877.88,5.334,0.1853,57376148,44630595705.0
2009-03-27,'000905,中证500,2877.88,2894.513,2852.927,2871.391,2853.411,24.469,0.8575,69678993,54233559985.0
2009-03-26,'000905,中证500,2853.411,2853.506,2746.795,2784.891,2785.664,67.747,2.432,57070365,43450426565.0
2009-03-25,'000905,中证500,2785.664,2873.133,2785.553,2849.916,2865.333,-79.669,-2.7804,64925444,49097240474.0
2009-03-24,'000905,中证500,2865.333,2877.452,2835.198,2871.44,2843.879,21.454,0.7544,72372151,56429650646.0
2009-03-23,'000905,中证500,2843.879,2846.632,2779.702,2784.889,2784.106,59.773,2.1469,70752256,55202986438.0
2009-03-20,'000905,中证500,2784.106,2802.712,2731.708,2799.794,2797.155,-13.049,-0.4665,64333748,48491295623.0
2009-03-19,'000905,中证500,2797.155,2797.155,2733.701,2737.375,2734.547,62.608,2.2895,65849600,48946589711.0
2009-03-18,'000905,中证500,2734.547,2778.148,2707.792,2711.166,2699.594,34.953,1.2948,68328367,49738302974.0
2009-03-17,'000905,中证500,2699.594,2708.351,2594.122,2608.228,2603.058,96.536,3.7086,54249799,39274477045.0
2009-03-16,'000905,中证500,2603.058,2604.002,2539.912,2563.022,2569.629,33.429,1.3009,31294853,22066728689.0
2009-03-13,'000905,中证500,2569.629,2625.61,2564.151,2606.879,2597.232,-27.603,-1.0628,36035126,26094441136.0
2009-03-12,'000905,中证500,2597.232,2604.785,2507.233,2572.389,2587.371,9.861,0.3811,38265162,26997572642.0
2009-03-11,'000905,中证500,2587.371,2655.216,2574.999,2646.61,2601.417,-14.046,-0.5399,43868976,31050012221.0
2009-03-10,'000905,中证500,2601.417,2601.5,2498.249,2505.93,2536.01,65.407,2.5791,35740689,24646290505.0
2009-03-09,'000905,中证500,2536.01,2692.748,2528.605,2661.954,2653.469,-117.459,-4.4266,50605052,36123351397.0
2009-03-06,'000905,中证500,2653.469,2676.362,2608.556,2621.228,2671.575,-18.106,-0.6777,50807742,36270056049.0
2009-03-05,'000905,中证500,2671.575,2710.024,2608.134,2680.324,2651.405,20.17,0.7607,70331772,51259009579.0
2009-03-04,'000905,中证500,2651.405,2654.398,2508.268,2508.268,2499.826,151.579,6.0636,61254466,44645781938.0
2009-03-03,'000905,中证500,2499.826,2526.853,2398.805,2416.107,2478.808,21.018,0.8479,44132147,31008490144.0
2009-03-02,'000905,中证500,2478.808,2485.025,2382.022,2385.838,2416.949,61.859,2.5594,37333121,26009578992.0
2009-02-27,'000905,中证500,2416.949,2542.547,2396.313,2528.597,2571.276,-154.327,-6.002,53180001,36073538026.0
2009-02-26,'000905,中证500,2571.276,2800.205,2535.531,2769.243,2771.098,-199.822,-7.2109,65727755,48693370686.0
2009-02-25,'000905,中证500,2771.098,2803.508,2677.264,2780.335,2754.24,16.858,0.6121,68657574,51891897307.0
2009-02-24,'000905,中证500,2754.24,2884.014,2746.024,2838.24,2871.792,-117.552,-4.0933,85993462,65175422308.0
2009-02-23,'000905,中证500,2871.792,2878.495,2753.849,2769.626,2776.955,94.837,3.4151,73580422,56054947068.0
2009-02-20,'000905,中证500,2776.955,2776.955,2671.179,2694.784,2687.489,89.466,3.329,60043581,45854189117.0
2009-02-19,'000905,中证500,2687.489,2696.778,2629.343,2661.601,2632.908,54.581,2.073,57010305,41448721918.0
2009-02-18,'000905,中证500,2632.908,2736.593,2630.705,2676.806,2738.58,-105.672,-3.8586,68995989,49543143834.0
2009-02-17,'000905,中证500,2738.58,2844.215,2734.372,2844.215,2854.444,-115.864,-4.0591,85069086,62711295171.0
2009-02-16,'000905,中证500,2854.444,2854.562,2777.422,2833.286,2805.01,49.434,1.7623,90691687,65944508177.0
2009-02-13,'000905,中证500,2805.01,2808.482,2704.655,2714.637,2707.922,97.088,3.5853,90039523,64099269978.0
2009-02-12,'000905,中证500,2707.922,2707.922,2587.188,2666.491,2658.05,49.872,1.8763,80197106,55066304884.0
2009-02-11,'000905,中证500,2658.05,2723.455,2594.926,2609.007,2653.213,4.837,0.1823,95073550,65689364882.0
2009-02-10,'000905,中证500,2653.213,2653.213,2535.648,2564.755,2579.228,73.985,2.8685,81705152,55539625618.0
2009-02-09,'000905,中证500,2579.228,2580.746,2500.537,2528.801,2493.74,85.488,3.4281,90834108,60635855978.0
2009-02-06,'000905,中证500,2493.74,2496.592,2390.242,2390.242,2384.764,108.976,4.5697,76563552,49084112801.0
2009-02-05,'000905,中证500,2384.764,2436.685,2362.233,2421.363,2423.887,-39.123,-1.6141,73744119,46971836590.0
2009-02-04,'000905,中证500,2423.887,2423.923,2370.014,2380.624,2369.654,54.233,2.2886,69846976,42964694409.0
2009-02-03,'000905,中证500,2369.654,2369.654,2300.982,2307.886,2306.769,62.885,2.7261,63882148,38558189746.0
2009-02-02,'000905,中证500,2306.769,2306.769,2245.262,2258.512,2238.082,68.687,3.069,42700513,25777293579.0
2009-01-23,'000905,中证500,2238.082,2265.421,2233.501,2253.321,2256.367,-18.285,-0.8104,37781175,23236928667.0
2009-01-22,'000905,中证500,2256.367,2260.502,2222.496,2232.81,2217.626,38.741,1.747,42052269,26330925905.0
2009-01-21,'000905,中证500,2217.626,2236.438,2178.538,2187.182,2214.839,2.787,0.1258,38764397,24186160734.0
2009-01-20,'000905,中证500,2214.839,2214.839,2170.901,2188.611,2192.807,22.032,1.0047,32273924,20146173623.0
2009-01-19,'000905,中证500,2192.807,2221.239,2166.085,2209.131,2195.634,-2.827,-0.1288,40780846,25413376196.0
2009-01-16,'000905,中证500,2195.634,2228.9,2186.16,2192.032,2181.061,14.573,0.6682,53147018,32618545260.0
2009-01-15,'000905,中证500,2181.061,2208.345,2135.701,2143.046,2160.064,20.997,0.9721,50112554,29894730431.0
2009-01-14,'000905,中证500,2160.064,2160.064,2078.453,2078.453,2081.672,78.392,3.7658,37642928,22494685386.0
2009-01-13,'000905,中证500,2081.672,2125.46,2078.056,2116.109,2137.841,-56.169,-2.6274,33355966,19715787318.0
2009-01-12,'000905,中证500,2137.841,2162.346,2100.039,2105.154,2107.766,30.075,1.4269,38011768,23213021635.0
2009-01-09,'000905,中证500,2107.766,2107.766,2050.322,2050.322,2052.3,55.466,2.7026,31585564,19044185604.0
2009-01-08,'000905,中证500,2052.3,2087.155,2034.396,2069.216,2104.922,-52.622,-2.5,33592609,19587529573.0
2009-01-07,'000905,中证500,2104.922,2120.206,2082.55,2092.737,2091.892,13.03,0.6229,40155901,23634988824.0
2009-01-06,'000905,中证500,2091.892,2093.601,2005.327,2016.869,2020.243,71.649,3.5466,38325979,22243168144.0
2009-01-05,'000905,中证500,2020.243,2020.243,1962.62,1969.631,1939.433,80.81,4.1667,24718227,14270969371.0
2008-12-31,'000905,中证500,1939.433,1983.125,1938.009,1973.413,1971.466,-32.033,-1.6248,19916636,11495268939.0
2008-12-30,'000905,中证500,1971.466,2004.641,1961.803,1983.457,1984.755,-13.289,-0.6696,22269185,12617908001.0
2008-12-29,'000905,中证500,1984.755,1991.565,1928.071,1977.214,1983.757,0.998,0.0503,20060068,10981062306.0
2008-12-26,'000905,中证500,1983.757,2018.14,1976.077,2006.134,2003.488,-19.731,-0.9848,21288477,12123274016.0
2008-12-25,'000905,中证500,2003.488,2035.835,1966.539,2015.958,2010.104,-6.616,-0.3291,28189665,15710037602.0
2008-12-24,'000905,中证500,2010.104,2043.154,1985.824,2020.957,2054.535,-44.431,-2.1626,34314086,19212721676.0
2008-12-23,'000905,中证500,2054.535,2197.793,2052.616,2197.793,2193.475,-138.94,-6.3342,45766100,26470399074.0
2008-12-22,'000905,中证500,2193.475,2212.997,2154.432,2196.389,2194.994,-1.519,-0.0692,42559939,25287365719.0
2008-12-19,'000905,中证500,2194.994,2216.89,2169.87,2175.756,2175.357,19.637,0.9027,48167946,28998089120.0
2008-12-18,'000905,中证500,2175.357,2176.461,2118.297,2135.679,2136.309,39.048,1.8278,41871992,24748303239.0
2008-12-17,'000905,中证500,2136.309,2164.59,2110.057,2117.65,2110.244,26.065,1.2352,44330618,26668867924.0
2008-12-16,'000905,中证500,2110.244,2110.57,2008.405,2058.666,2073.029,37.215,1.7952,36115418,20925262827.0
2008-12-15,'000905,中证500,2073.029,2082.775,2021.049,2063.91,2031.992,41.037,2.0195,36196029,20954737753.0
2008-12-12,'000905,中证500,2031.992,2118.59,2001.184,2107.475,2127.183,-95.191,-4.475,45509821,25898830291.0
2008-12-11,'000905,中证500,2127.183,2203.295,2125.851,2195.483,2195.743,-68.56,-3.1224,51629822,31272502666.0
2008-12-10,'000905,中证500,2195.743,2199.783,2113.145,2123.036,2134.58,61.163,2.8653,52866679,31491950007.0
2008-12-09,'000905,中证500,2134.58,2196.028,2123.931,2196.028,2190.532,-55.952,-2.5543,60845045,36671064078.0
2008-12-08,'000905,中证500,2190.532,2190.532,2120.541,2128.684,2098.656,91.876,4.3778,69811089,41126882981.0
2008-12-05,'000905,中证500,2098.656,2098.656,2020.546,2024.414,2037.723,60.933,2.9902,51366290,29363408436.0
2008-12-04,'000905,中证500,2037.723,2110.667,2034.641,2062.643,2039.927,-2.204,-0.108,74284731,42039811713.0
2008-12-03,'000905,中证500,2039.927,2039.927,1972.167,1972.398,1957.322,82.605,4.2203,59429076,32814528966.0
2008-12-02,'000905,中证500,1957.322,1973.103,1868.939,1878.347,1919.475,37.847,1.9717,50216723,26973618889.0
2008-12-01,'000905,中证500,1919.475,1919.475,1820.531,1836.417,1841.45,78.025,4.2372,37176944,19239200889.0
2008-11-28,'000905,中证500,1841.45,1868.33,1821.165,1845.296,1861.518,-20.068,-1.078,30741424,15691035529.0
2008-11-27,'000905,中证500,1861.518,1965.65,1860.988,1961.974,1834.774,26.744,1.4576,47539920,24949453058.0
2008-11-26,'000905,中证500,1834.774,1857.713,1806.088,1825.338,1827.642,7.132,0.3902,23963110,12264350855.0
2008-11-25,'000905,中证500,1827.642,1886.458,1780.908,1869.016,1842.344,-14.702,-0.798,28119453,14645961721.0
2008-11-24,'000905,中证500,1842.344,1938.473,1839.085,1920.549,1921.04,-78.696,-4.0965,37202085,19928180763.0
2008-11-21,'000905,中证500,1921.04,1973.279,1833.981,1890.984,1948.681,-27.641,-1.4184,55083177,28432147237.0
2008-11-20,'000905,中证500,1948.681,1990.302,1900.518,1916.873,1944.327,4.354,0.2239,59822600,31237568965.0
2008-11-19,'000905,中证500,1944.327,1949.462,1803.408,1803.408,1816.285,128.042,7.0497,53437019,28116671053.0
2008-11-18,'000905,中证500,1816.285,1971.659,1806.522,1949.213,1959.072,-142.787,-7.2885,63976109,33473212882.0
2008-11-17,'000905,中证500,1959.072,1959.072,1851.874,1864.308,1867.485,91.587,4.9043,56535913,29771637249.0
2008-11-14,'000905,中证500,1867.485,1867.485,1781.718,1802.246,1784.497,82.988,4.6505,55050340,27946492485.0
2008-11-13,'000905,中证500,1784.497,1802.611,1680.767,1686.073,1704.226,80.271,4.7101,47507868,23358006523.0
2008-11-12,'000905,中证500,1704.226,1704.226,1642.396,1648.085,1662.848,41.378,2.4884,26825960,12408505768.0
2008-11-11,'000905,中证500,1662.848,1702.175,1651.59,1671.24,1676.277,-13.429,-0.8011,34852245,16453409249.0
2008-11-10,'000905,中证500,1676.277,1677.382,1585.294,1585.294,1561.221,115.056,7.3696,31892066,14716180441.0
2008-11-07,'000905,中证500,1561.221,1569.259,1503.629,1512.977,1536.598,24.623,1.6024,17839227,7805287945.0
2008-11-06,'000905,中证500,1536.598,1542.757,1514.576,1530.03,1563.369,-26.771,-1.7124,16775525,7472616342.0
2008-11-05,'000905,中证500,1563.369,1573.521,1519.801,1519.801,1513.495,49.874,3.2953,20628915,9395445078.0
2008-11-04,'000905,中证500,1513.495,1535.738,1488.653,1533.754,1539.795,-26.3,-1.708,14212153,6558336641.0
2008-11-03,'000905,中证500,1539.795,1563.687,1532.953,1553.878,1562.022,-22.227,-1.423,12354945,5742485207.0
2008-10-31,'000905,中证500,1562.022,1599.157,1553.492,1590.45,1590.226,-28.204,-1.7736,13754040,6330074254.0
2008-10-30,'000905,中证500,1590.226,1613.396,1565.719,1585.517,1576.931,13.295,0.8431,16592959,7860686476.0
2008-10-29,'000905,中证500,1576.931,1665.734,1576.876,1662.038,1642.055,-65.124,-3.966,18664424,8899662750.0
2008-10-28,'000905,中证500,1642.055,1650.785,1562.4,1570.987,1604.758,37.297,2.3242,20157776,9702788780.0
2008-10-27,'000905,中证500,1604.758,1711.822,1602.518,1711.822,1741.181,-136.423,-7.8351,19565598,9479937125.0
2008-10-24,'000905,中证500,1741.181,1777.686,1723.503,1764.811,1766.59,-25.409,-1.4383,15940938,8281825564.0
2008-10-23,'000905,中证500,1766.59,1766.59,1706.828,1716.298,1748.84,17.75,1.015,15466692,7884688092.0
2008-10-22,'000905,中证500,1748.84,1792.598,1747.456,1765.615,1782.664,-33.824,-1.8974,16682010,8495206042.0
2008-10-21,'000905,中证500,1782.664,1824.379,1776.696,1793.655,1786.564,-3.9,-0.2183,20064584,10723210100.0
2008-10-20,'000905,中证500,1786.564,1787.897,1705.566,1725.557,1726.4,60.164,3.4849,16738951,8817546152.0
2008-10-17,'000905,中证500,1726.4,1736.225,1696.724,1717.579,1704.565,21.835,1.281,13810887,7248309848.0
2008-10-16,'000905,中证500,1704.565,1756.358,1703.24,1741.122,1806.791,-102.226,-5.6579,17651871,9117303004.0
2008-10-15,'000905,中证500,1806.791,1823.7,1781.165,1801.393,1816.32,-9.529,-0.5246,14004050,7685641328.0
2008-10-14,'000905,中证500,1816.32,1941.103,1816.32,1932.081,1872.947,-56.627,-3.0234,21644382,12412701378.0
2008-10-13,'000905,中证500,1872.947,1872.947,1751.524,1814.538,1837.404,35.543,1.9344,17247625,9525961323.0
2008-10-10,'000905,中证500,1837.404,1901.029,1836.504,1901.029,1969.815,-132.411,-6.722,19147469,10470090410.0
2008-10-09,'000905,中证500,1969.815,2042.795,1968.896,2034.554,1995.61,-25.795,-1.2926,15749337,9647314609.0
2008-10-08,'000905,中证500,1995.61,2033.218,1975.822,2005.913,2046.191,-50.581,-2.472,16635678,10426397573.0
2008-10-07,'000905,中证500,2046.191,2070.715,1972.945,1994.02,2054.042,-7.851,-0.3822,18706028,12083115010.0
2008-10-06,'000905,中证500,2054.042,2096.35,2049.361,2092.351,2136.001,-81.959,-3.837,20982550,13772268538.0
2008-09-26,'000905,中证500,2136.001,2156.962,2094.702,2144.516,2138.065,-2.064,-0.0965,26804391,16948693210.0
2008-09-25,'000905,中证500,2138.065,2158.146,2086.077,2091.387,2088.549,49.516,2.3708,34836875,22516952052.0
2008-09-24,'000905,中证500,2088.549,2088.549,1984.228,2006.013,2042.197,46.352,2.2697,21766416,13931766790.0
2008-09-23,'000905,中证500,2042.197,2110.064,2041.973,2108.509,2182.792,-140.595,-6.4411,27446202,17418087619.0
2008-09-22,'000905,中证500,2182.792,2276.659,2097.78,2213.527,2086.826,95.966,4.5987,46244381,30099018189.0
2008-09-19,'000905,中证500,2086.826,2086.826,2049.022,2072.614,1899.323,187.503,9.8721,23083755,14463084209.0
2008-09-18,'000905,中证500,1899.323,1938.821,1797.075,1915.318,1956.035,-56.712,-2.8993,21147827,11577308860.0
2008-09-17,'000905,中证500,1956.035,2013.011,1946.801,1988.783,1993.461,-37.426,-1.8774,14183202,8321110789.0
2008-09-16,'000905,中证500,1993.461,2037.682,1981.218,2036.379,2038.66,-45.199,-2.2171,14941077,8863739039.0
2008-09-12,'000905,中证500,2038.66,2067.59,2031.206,2032.355,2034.247,4.413,0.2169,10496691,6541309084.0
2008-09-11,'000905,中证500,2034.247,2089.955,2023.248,2068.175,2072.808,-38.561,-1.8603,13175295,8257810867.0
2008-09-10,'000905,中证500,2072.808,2108.595,2025.674,2044.032,2057.561,15.247,0.741,15341723,9767177198.0
2008-09-09,'000905,中证500,2057.561,2070.474,2021.816,2044.301,2039.889,17.672,0.8663,12755283,7991268768.0
2008-09-08,'000905,中证500,2039.889,2160.859,2031.53,2146.755,2148.741,-108.852,-5.0659,15894645,9762375507.0
2008-09-05,'000905,中证500,2148.741,2210.755,2145.659,2193.565,2254.688,-105.947,-4.699,17462008,11002525954.0
2008-09-04,'000905,中证500,2254.688,2278.515,2220.644,2233.114,2237.28,17.408,0.7781,15600557,9790538729.0
2008-09-03,'000905,中证500,2237.28,2268.38,2199.15,2246.729,2253.773,-16.493,-0.7318,18866490,11834832741.0
2008-09-02,'000905,中证500,2253.773,2278.493,2198.643,2224.8,2238.047,15.726,0.7027,15449478,9572971873.0
2008-09-01,'000905,中证500,2238.047,2290.41,2219.52,2290.41,2307.158,-69.111,-2.9955,15455365,10246438732.0
2008-08-29,'000905,中证500,2307.158,2334.798,2242.164,2242.164,2236.824,70.334,3.1444,19417917,13186313342.0
2008-08-28,'000905,中证500,2236.824,2256.959,2216.058,2232.711,2237.867,-1.043,-0.0466,13263577,9108680712.0
2008-08-27,'000905,中证500,2237.867,2279.548,2180.938,2230.151,2244.993,-7.126,-0.3174,16134188,10991634452.0
2008-08-26,'000905,中证500,2244.993,2347.81,2207.671,2347.81,2374.06,-129.067,-5.4366,17692714,12068025845.0
2008-08-25,'000905,中证500,2374.06,2413.883,2348.959,2379.207,2382.523,-8.463,-0.3552,14033218,10093469507.0
2008-08-22,'000905,中证500,2382.523,2418.889,2326.273,2412.878,2431.101,-48.578,-1.9982,17875339,12909398173.0
2008-08-21,'000905,中证500,2431.101,2535.063,2419.711,2484.825,2520.737,-89.636,-3.5559,25329285,18688905195.0
2008-08-20,'000905,中证500,2520.737,2521.079,2287.693,2316.681,2327.019,193.718,8.3247,26330757,18578123238.0
2008-08-19,'000905,中证500,2327.019,2331.351,2235.709,2255.716,2289.296,37.723,1.6478,13920257,9866942016.0
2008-08-18,'000905,中证500,2289.296,2483.984,2287.28,2479.392,2473.717,-184.421,-7.4552,15336331,10770862146.0
2008-08-15,'000905,中证500,2473.717,2510.964,2446.029,2478.155,2483.696,-9.979,-0.4018,13570525,10549416956.0
2008-08-14,'000905,中证500,2483.696,2506.465,2443.881,2458.797,2472.3,11.396,0.4609,14520588,11464345063.0
2008-08-13,'000905,中证500,2472.3,2496.6,2369.379,2454.885,2473.417,-1.117,-0.0452,17795574,13507610991.0
2008-08-12,'000905,中证500,2473.417,2508.429,2436.942,2467.682,2508.59,-35.173,-1.4021,16283799,11897031604.0
2008-08-11,'000905,中证500,2508.59,2699.085,2497.275,2699.085,2711.964,-203.374,-7.4991,19815711,14740622789.0
2008-08-08,'000905,中证500,2711.964,2924.929,2709.961,2924.929,2923.745,-211.781,-7.2435,21309704,18351671000.0
2008-08-07,'000905,中证500,2923.745,2931.003,2871.182,2899.845,2904.186,19.559,0.6735,17788436,15765314894.0
2008-08-06,'000905,中证500,2904.186,2941.403,2857.909,2913.872,2897.725,6.461,0.223,18056001,16413684516.0
2008-08-05,'000905,中证500,2897.725,3005.638,2889.255,2988.336,2990.168,-92.443,-3.0916,18506415,16841502028.0
2008-08-04,'000905,中证500,2990.168,3067.043,2986.349,3044.143,3063.812,-73.644,-2.4037,17827895,16174427099.0
2008-08-01,'000905,中证500,3063.812,3084.102,2958.031,3000.999,3017.217,46.595,1.5443,20683963,18504367318.0
2008-07-31,'000905,中证500,3017.217,3147.649,3015.663,3139.785,3132.766,-115.549,-3.6884,20879750,18702046443.0
2008-07-30,'000905,中证500,3132.766,3201.052,3105.96,3184.226,3150.0,-17.234,-0.5471,22320518,20568379618.0
2008-07-29,'000905,中证500,3150.0,3182.221,3126.017,3179.777,3215.846,-65.846,-2.0475,27028920,24861607740.0
2008-07-28,'000905,中证500,3215.846,3229.155,3190.279,3190.279,3172.168,43.678,1.3769,27742362,26343584950.0
2008-07-25,'000905,中证500,3172.168,3205.58,3148.503,3167.896,3200.735,-28.567,-0.8925,26398364,25452623208.0
2008-07-24,'000905,中证500,3200.735,3206.379,3134.973,3137.443,3122.687,78.048,2.4994,30853128,28405313506.0
2008-07-23,'000905,中证500,3122.687,3180.181,3116.837,3161.21,3150.015,-27.328,-0.8676,28395071,26330856447.0
2008-07-22,'000905,中证500,3150.015,3183.185,3126.17,3138.764,3139.509,10.506,0.3346,29213112,26936393146.0
2008-07-21,'000905,中证500,3139.509,3151.026,2982.511,3002.464,3015.798,123.711,4.1021,28663797,26584074873.0
2008-07-18,'000905,中证500,3015.798,3026.137,2855.921,2935.645,2918.369,97.429,3.3385,23682383,21928200678.0
2008-07-17,'000905,中证500,2918.369,3031.889,2901.944,2991.352,2948.526,-30.157,-1.0228,23928851,22388293948.0
2008-07-16,'000905,中证500,2948.526,3081.414,2893.36,3072.408,3106.326,-157.8,-5.08,27609955,25436664527.0
2008-07-15,'000905,中证500,3106.326,3231.374,3085.119,3208.548,3198.352,-92.026,-2.8773,32645243,31645035692.0
2008-07-14,'000905,中证500,3198.352,3198.608,3100.044,3111.58,3132.733,65.619,2.0946,26040784,25663632477.0
2008-07-11,'000905,中证500,3132.733,3167.823,3074.055,3133.685,3152.489,-19.756,-0.6267,30154709,28874706403.0
2008-07-10,'000905,中证500,3152.489,3264.02,3152.489,3186.586,3226.147,-73.658,-2.2832,42047451,41032775492.0
2008-07-09,'000905,中证500,3226.147,3226.197,3146.736,3148.607,3142.32,83.827,2.6677,42098142,39152511991.0
2008-07-08,'000905,中证500,3142.32,3154.274,3044.672,3101.294,3094.845,47.475,1.534,36576108,35380651676.0
2008-07-07,'000905,中证500,3094.845,3096.274,2948.69,2948.69,2941.085,153.76,5.228,34492532,33447808353.0
2008-07-04,'000905,中证500,2941.085,2979.802,2913.203,2931.845,2941.521,-0.436,-0.0148,26879750,26687543304.0
2008-07-03,'000905,中证500,2941.521,2973.377,2742.738,2776.92,2811.225,130.296,4.6348,30751413,28792415538.0
2008-07-02,'000905,中证500,2811.225,2848.63,2754.686,2768.722,2765.064,46.161,1.6694,17255785,16359596027.0
2008-07-01,'000905,中证500,2765.064,2831.911,2741.114,2819.534,2813.716,-48.652,-1.7291,17018353,15866178676.0
2008-06-30,'000905,中证500,2813.716,2838.183,2737.747,2762.342,2792.705,21.011,0.7524,16361769,14955887060.0
2008-06-27,'000905,中证500,2792.705,2920.109,2762.193,2902.015,3003.302,-210.597,-7.0122,26066420,22544867692.0
2008-06-26,'000905,中证500,3003.302,3041.37,2939.859,2965.46,2966.895,36.407,1.2271,30425738,27618912856.0
2008-06-25,'000905,中证500,2966.895,2966.895,2797.12,2805.59,2806.774,160.121,5.7048,28449752,24575402485.0
2008-06-24,'000905,中证500,2806.774,2818.919,2702.627,2708.777,2717.969,88.805,3.2673,20244826,17395452655.0
2008-06-23,'000905,中证500,2717.969,2779.008,2693.064,2726.448,2764.28,-46.311,-1.6753,16676657,14239336476.0
2008-06-20,'000905,中证500,2764.28,2866.612,2596.839,2718.781,2702.801,61.479,2.2746,27585838,23144081120.0
2008-06-19,'000905,中证500,2702.801,2936.682,2700.369,2927.164,2951.844,-249.043,-8.4369,23981574,21026579796.0
2008-06-18,'000905,中证500,2951.844,2970.404,2684.666,2767.804,2791.289,160.555,5.752,26356834,22739108621.0
2008-06-17,'000905,中证500,2791.289,3005.787,2776.849,2974.088,2977.818,-186.529,-6.2639,18512967,16090491275.0
2008-06-16,'000905,中证500,2977.818,3076.441,2926.707,3041.695,3045.105,-67.287,-2.2097,15780758,14351479591.0
2008-06-13,'000905,中证500,3045.105,3227.481,3042.499,3202.264,3197.545,-152.44,-4.7674,17586874,16820473252.0
2008-06-12,'000905,中证500,3197.545,3244.575,3125.092,3209.919,3226.923,-29.378,-0.9104,20001540,20144629067.0
2008-06-11,'000905,中证500,3226.923,3270.853,3165.704,3250.439,3312.794,-85.871,-2.5921,20126343,19510480720.0
2008-06-10,'000905,中证500,3312.794,3487.048,3297.906,3487.048,3629.923,-317.129,-8.7365,18875808,18965345607.0
2008-06-06,'000905,中证500,3629.923,3680.268,3607.242,3662.054,3657.487,-27.564,-0.7536,15106070,16588569898.0
2008-06-05,'000905,中证500,3657.487,3705.455,3639.814,3690.86,3704.078,-46.591,-1.2578,17225467,18761621311.0
2008-06-04,'000905,中证500,3704.078,3764.565,3667.265,3759.875,3771.097,-67.019,-1.7772,20518031,22005987376.0
2008-06-03,'000905,中证500,3771.097,3804.556,3741.413,3789.035,3788.153,-17.056,-0.4502,22600917,25389290266.0
2008-06-02,'000905,中证500,3788.153,3804.786,3730.138,3747.588,3755.631,32.522,0.866,21008026,23023909951.0
2008-05-30,'000905,中证500,3755.631,3781.331,3695.286,3744.25,3749.216,6.415,0.1711,21345458,23616645129.0
2008-05-29,'000905,中证500,3749.216,3859.848,3749.216,3839.544,3847.258,-98.042,-2.5484,24258298,27371564074.0
2008-05-28,'000905,中证500,3847.258,3864.812,3730.744,3749.602,3743.539,103.719,2.7706,23523875,26996940955.0
2008-05-27,'000905,中证500,3743.539,3752.962,3678.997,3712.762,3728.751,14.788,0.3966,20108659,21947586084.0
2008-05-26,'000905,中证500,3728.751,3812.308,3726.759,3804.296,3829.645,-100.894,-2.6346,28323669,30756674708.0
2008-05-23,'000905,中证500,3829.645,3890.161,3746.013,3857.221,3871.553,-41.908,-1.0825,29245492,31795254707.0
2008-05-22,'000905,中证500,3871.553,3958.446,3834.539,3866.701,3908.772,-37.219,-0.9522,31415975,36601085526.0
2008-05-21,'000905,中证500,3908.772,3932.3,3663.199,3757.059,3813.935,94.837,2.4866,34400607,38691318486.0
2008-05-20,'000905,中证500,3813.935,4098.653,3792.149,4070.795,4070.049,-256.114,-6.2927,31286546,37105558243.0
2008-05-19,'000905,中证500,4070.049,4100.563,4008.572,4059.283,4071.91,-1.861,-0.0457,22805929,28111691923.0
2008-05-16,'000905,中证500,4071.91,4160.402,4005.07,4126.646,4131.252,-59.342,-1.4364,30652808,38114051057.0
2008-05-15,'000905,中证500,4131.252,4230.766,4131.252,4186.746,4168.486,-37.234,-0.8932,39735067,48605174166.0
2008-05-14,'000905,中证500,4168.486,4171.273,4076.875,4076.875,4078.877,89.609,2.1969,43683682,53809781855.0
2008-05-13,'000905,中证500,4078.877,4107.588,3932.714,3944.543,4069.145,9.732,0.2392,46981037,57631081708.0
2008-05-12,'000905,中证500,4069.145,4110.7,3893.386,3926.052,3986.24,82.905,2.0798,37697504,47384655478.0
2008-05-09,'000905,中证500,3986.24,4049.784,3891.491,4014.165,3985.197,1.043,0.0262,37449272,46621563595.0
2008-05-08,'000905,中证500,3985.197,3985.197,3796.548,3805.335,3850.226,134.971,3.5055,31820528,38157525489.0
2008-05-07,'000905,中证500,3850.226,4049.112,3849.984,4001.592,4024.99,-174.764,-4.342,37470529,45721667069.0
2008-05-06,'000905,中证500,4024.99,4086.429,3969.971,4015.554,4040.159,-15.169,-0.3755,39841700,49186949739.0
2008-05-05,'000905,中证500,4040.159,4046.675,3895.644,3943.198,3903.178,136.981,3.5095,39172367,47406394250.0
2008-04-30,'000905,中证500,3903.178,3910.407,3771.193,3771.193,3759.545,143.633,3.8205,37790831,44088721717.0
2008-04-29,'000905,中证500,3759.545,3782.524,3708.585,3714.788,3729.562,29.983,0.8039,25885782,29953849785.0
2008-04-28,'000905,中证500,3729.562,3779.576,3667.581,3696.934,3756.33,-26.768,-0.7126,30778741,35977002390.0
2008-04-25,'000905,中证500,3756.33,3873.332,3669.357,3716.508,3723.071,33.259,0.8933,42792013,49480398804.0
2008-04-24,'000905,中证500,3723.071,3726.868,3603.955,3692.553,3409.774,313.297,9.1882,47085731,53152161606.0
2008-04-23,'000905,中证500,3409.774,3428.555,3210.751,3238.46,3266.383,143.391,4.3899,22778040,23771158453.0
2008-04-22,'000905,中证500,3266.383,3281.48,3093.67,3264.662,3314.506,-48.123,-1.4519,19059849,18575103607.0
2008-04-21,'000905,中证500,3314.506,3579.577,3273.578,3578.8,3338.274,-23.768,-0.712,21837805,23600276538.0
2008-04-18,'000905,中证500,3338.274,3495.028,3333.11,3483.855,3511.914,-173.64,-4.9443,16732307,16896724230.0
2008-04-17,'000905,中证500,3511.914,3695.17,3458.526,3632.825,3633.675,-121.761,-3.3509,17224704,18940609723.0
2008-04-16,'000905,中证500,3633.675,3732.775,3612.589,3717.125,3723.267,-89.592,-2.4063,17413194,20461294489.0
2008-04-15,'000905,中证500,3723.267,3723.267,3529.179,3588.234,3607.218,116.049,3.2171,18137731,20707523866.0
2008-04-14,'000905,中证500,3607.218,3779.253,3597.083,3778.689,3862.363,-255.145,-6.6059,20826898,23299619350.0
2008-04-11,'000905,中证500,3862.363,3898.514,3823.671,3831.043,3803.456,58.907,1.5488,19907941,23420528320.0
2008-04-10,'000905,中证500,3803.456,3803.647,3614.703,3639.608,3695.306,108.15,2.9267,20713312,23532952026.0
2008-04-09,'000905,中证500,3695.306,3960.767,3694.962,3887.992,3908.802,-213.496,-5.4619,24320221,28265407476.0
2008-04-08,'000905,中证500,3908.802,3941.242,3806.286,3832.917,3822.371,86.431,2.2612,25150057,29602243565.0
2008-04-07,'000905,中证500,3822.371,3825.849,3506.785,3544.31,3588.762,233.609,6.5095,21854728,24253262819.0
2008-04-03,'000905,中证500,3588.762,3631.552,3392.082,3469.785,3500.522,88.24,2.5208,18938839,19956525481.0
2008-04-02,'000905,中证500,3500.522,3778.573,3464.406,3725.188,3704.273,-203.751,-5.5004,23076090,24668683684.0
2008-04-01,'000905,中证500,3704.273,4070.115,3695.508,4024.439,4044.098,-339.825,-8.403,22753575,25402355873.0
2008-03-31,'000905,中证500,4044.098,4200.763,4042.621,4129.928,4241.452,-197.354,-4.653,19053105,23065525838.0
2008-03-28,'000905,中证500,4241.452,4248.399,3948.846,4072.038,4119.785,121.667,2.9532,23076199,28526388848.0
2008-03-27,'000905,中证500,4119.785,4298.387,4115.523,4298.387,4352.053,-232.268,-5.337,21748198,26990109933.0
2008-03-26,'000905,中证500,4352.053,4446.535,4317.058,4383.73,4367.341,-15.288,-0.3501,19459637,25137371148.0
2008-03-25,'000905,中证500,4367.341,4386.836,4190.543,4233.951,4314.581,52.76,1.2228,22386574,28768189613.0
2008-03-24,'000905,中证500,4314.581,4489.459,4312.767,4459.507,4405.856,-91.275,-2.0717,25757548,34855059111.0
2008-03-21,'000905,中证500,4405.856,4448.064,4315.675,4347.273,4347.743,58.113,1.3366,25717359,34123921587.0
2008-03-20,'000905,中证500,4347.743,4394.755,3956.033,4112.704,4176.486,171.257,4.1005,28428386,35722120781.0
2008-03-19,'000905,中证500,4176.486,4241.942,3989.636,4064.996,3986.319,190.167,4.7705,25517310,31128103139.0
2008-03-18,'000905,中证500,3986.319,4327.38,3926.459,4237.304,4302.614,-316.295,-7.3512,24330980,28577476932.0
2008-03-17,'000905,中证500,4302.614,4642.73,4299.559,4641.921,4662.316,-359.702,-7.7151,21112847,27260819501.0
2008-03-14,'000905,中证500,4662.316,4718.18,4598.154,4665.829,4688.679,-26.363,-0.5623,16579345,22264909248.0
2008-03-13,'000905,中证500,4688.679,4844.177,4589.508,4829.236,4881.03,-192.351,-3.9408,25924778,34594935451.0
2008-03-12,'000905,中证500,4881.03,5122.536,4880.702,5095.972,5015.932,-134.902,-2.6895,22539381,31739197667.0
2008-03-11,'000905,中证500,5015.932,5015.932,4841.557,4906.144,4948.353,67.579,1.3657,20439510,28767618665.0
2008-03-10,'000905,中证500,4948.353,5084.396,4915.44,5081.109,5115.916,-167.563,-3.2753,23857879,32774405284.0
2008-03-07,'000905,中证500,5115.916,5208.895,5104.916,5194.659,5223.82,-107.904,-2.0656,29953784,41394179445.0
2008-03-06,'000905,中证500,5223.82,5296.263,5220.365,5229.782,5214.238,9.582,0.1838,44758020,61389838208.0
2008-03-05,'000905,中证500,5214.238,5218.301,5068.2,5171.783,5192.593,21.645,0.4168,38579300,54154742008.0
2008-03-04,'000905,中证500,5192.593,5279.213,5177.736,5246.414,5227.732,-35.139,-0.6722,43168115,61366987342.0
2008-03-03,'000905,中证500,5227.732,5227.791,5014.283,5044.941,5057.617,170.115,3.3635,37422561,54849829396.0
2008-02-29,'000905,中证500,5057.617,5058.121,4976.147,4984.396,4989.412,68.205,1.367,25394688,35684360370.0
2008-02-28,'000905,中证500,4989.412,5045.109,4935.303,4986.443,4977.335,12.077,0.2426,24117614,34217372279.0
2008-02-27,'000905,中证500,4977.335,4977.335,4854.154,4880.163,4868.814,108.521,2.2289,23774898,33616741929.0
2008-02-26,'000905,中证500,4868.814,5021.597,4729.85,4974.708,4869.654,-0.84,-0.0172,25287595,36175484479.0
2008-02-25,'000905,中证500,4869.654,5068.982,4856.477,5038.627,5029.198,-159.544,-3.1724,26735589,38440954693.0
2008-02-22,'000905,中证500,5029.198,5151.292,4938.73,5140.122,5153.601,-124.403,-2.4139,31199166,44996819988.0
2008-02-21,'000905,中证500,5153.601,5184.148,5022.654,5068.026,5089.439,64.162,1.2607,31554579,45714615643.0
2008-02-20,'000905,中证500,5089.439,5171.179,5079.772,5152.281,5133.361,-43.922,-0.8556,31477151,47223512821.0
2008-02-19,'000905,中证500,5133.361,5137.84,5026.558,5054.611,5043.144,90.217,1.7889,28823325,44280440446.0
2008-02-18,'000905,中证500,5043.144,5072.113,4946.511,4953.026,4886.016,157.128,3.2159,28922754,43434994092.0
2008-02-15,'000905,中证500,4886.016,4886.055,4800.644,4884.365,4910.358,-24.342,-0.4957,19162780,27277910131.0
2008-02-14,'000905,中证500,4910.358,4929.771,4842.943,4842.943,4813.581,96.777,2.0105,16113469,22682971588.0
2008-02-13,'000905,中证500,4813.581,4884.685,4749.147,4798.568,4838.995,-25.414,-0.5252,15587040,22130228358.0
2008-02-05,'000905,中证500,4838.995,4889.378,4751.225,4818.542,4820.387,18.608,0.386,20773921,30045273307.0
2008-02-04,'000905,中证500,4820.387,4821.075,4570.111,4570.111,4456.927,363.46,8.1549,21305053,30008462373.0
2008-02-01,'000905,中证500,4456.927,4686.604,4308.52,4653.538,4663.415,-206.488,-4.4278,22513663,29182544124.0
2008-01-31,'000905,中证500,4663.415,4868.31,4661.594,4839.403,4851.426,-188.011,-3.8754,18567935,25737686732.0
2008-01-30,'000905,中证500,4851.426,4950.181,4725.387,4878.399,4840.636,10.79,0.2229,24904476,35532424368.0
2008-01-29,'000905,中证500,4840.636,4888.785,4720.681,4757.19,4740.501,100.135,2.1123,23744433,32685553624.0
2008-01-28,'000905,中证500,4740.501,5073.628,4712.613,5073.628,5096.69,-356.189,-6.9886,34534567,46942144532.0
2008-01-25,'000905,中证500,5096.69,5146.858,5054.083,5081.314,5080.926,15.764,0.3103,38904383,55478464938.0
2008-01-24,'000905,中证500,5080.926,5116.489,4915.97,4951.376,4912.058,168.868,3.4378,42780036,62469663153.0
2008-01-23,'000905,中证500,4912.058,4912.48,4624.944,4662.708,4661.826,250.232,5.3677,38194757,53676695806.0
2008-01-22,'000905,中证500,4661.826,4976.79,4639.959,4976.79,5097.226,-435.4,-8.5419,40374461,56449829459.0
2008-01-21,'000905,中证500,5097.226,5343.869,5078.503,5331.667,5317.448,-220.222,-4.1415,35462972,51894882654.0
2008-01-18,'000905,中证500,5317.448,5320.454,5210.359,5268.895,5270.956,46.492,0.882,31238228,44924736394.0
2008-01-17,'000905,中证500,5270.956,5467.134,5106.918,5380.823,5412.911,-141.955,-2.6225,42935088,65264969756.0
2008-01-16,'000905,中证500,5412.911,5463.2,5389.152,5461.878,5487.088,-74.177,-1.3518,39059990,58914563719.0
2008-01-15,'000905,中证500,5487.088,5495.386,5418.116,5451.637,5445.102,41.986,0.7711,36880404,56818805065.0
2008-01-14,'000905,中证500,5445.102,5450.887,5368.484,5382.734,5376.797,68.305,1.2704,33850869,53364316502.0
2008-01-11,'000905,中证500,5376.797,5392.266,5290.708,5385.905,5382.326,-5.529,-0.1027,34948235,53937951638.0
2008-01-10,'000905,中证500,5382.326,5438.308,5354.858,5372.82,5356.482,25.844,0.4825,40849678,62964595469.0
2008-01-09,'000905,中证500,5356.482,5356.482,5167.338,5176.268,5200.552,155.93,2.9983,34823785,53189256553.0
2008-01-08,'000905,中证500,5200.552,5367.542,5158.121,5358.806,5347.806,-147.254,-2.7535,42472884,63913950715.0
2008-01-07,'000905,中证500,5347.806,5358.589,5222.202,5237.939,5243.032,104.774,1.9983,40403713,61298206812.0
2008-01-04,'000905,中证500,5243.032,5246.107,5171.396,5241.089,5230.749,12.283,0.2348,33308591,50326511399.0
2008-01-03,'000905,中证500,5230.749,5241.552,5110.533,5129.048,5123.934,106.815,2.0846,41987483,61752735574.0
2008-01-02,'000905,中证500,5123.934,5125.323,4960.354,4963.052,4947.603,176.331,3.564,34345911,50449935262.0
2007-12-28,'000905,中证500,4947.603,4984.215,4927.637,4972.076,4963.453,-15.85,-0.3193,29803571,42722000359.0
2007-12-27,'000905,中证500,4963.453,4987.211,4932.919,4933.731,4912.841,50.612,1.0302,35701877,50580048519.0
2007-12-26,'000905,中证500,4912.841,4912.841,4829.593,4829.593,4815.209,97.632,2.0276,30823799,42780958571.0
2007-12-25,'000905,中证500,4815.209,4820.43,4755.007,4780.467,4772.638,42.571,0.892,28556997,39091380254.0
2007-12-24,'000905,中证500,4772.638,4810.561,4724.077,4724.165,4691.533,81.105,1.7288,34845138,47242851591.0
2007-12-21,'000905,中证500,4691.533,4692.12,4602.095,4603.763,4621.393,70.14,1.5177,26200857,34920877332.0
2007-12-20,'000905,中证500,4621.393,4627.69,4567.788,4576.093,4565.622,55.771,1.2215,23552788,31128763798.0
2007-12-19,'000905,中证500,4565.622,4575.413,4490.767,4490.767,4467.812,97.81,2.1892,23556730,30232579609.0
2007-12-18,'000905,中证500,4467.812,4531.258,4453.768,4489.419,4506.042,-38.23,-0.8484,17892083,22403535572.0
2007-12-17,'000905,中证500,4506.042,4564.249,4498.96,4512.376,4499.53,6.512,0.1447,28954406,37252860431.0
2007-12-14,'000905,中证500,4499.53,4499.559,4331.323,4359.809,4402.636,96.894,2.2008,22307465,27328707409.0
2007-12-13,'000905,中证500,4402.636,4564.363,4401.134,4533.088,4544.681,-142.045,-3.1255,26583767,34259145270.0
2007-12-12,'000905,中证500,4544.681,4573.521,4497.669,4520.926,4534.937,9.744,0.2149,25664017,33000825331.0
2007-12-11,'000905,中证500,4534.937,4535.145,4464.24,4495.497,4483.831,51.106,1.1398,29101646,36559593938.0
2007-12-10,'000905,中证500,4483.831,4484.107,4288.502,4304.749,4362.22,121.611,2.7878,27756959,36162755980.0
2007-12-07,'000905,中证500,4362.22,4362.22,4291.874,4295.293,4291.068,71.152,1.6581,19130818,23984106460.0
2007-12-06,'000905,中证500,4291.068,4292.905,4251.783,4281.896,4273.045,18.023,0.4218,15894081,19762076193.0
2007-12-05,'000905,中证500,4273.045,4273.134,4180.06,4190.476,4194.015,79.03,1.8844,17699605,22591827561.0
2007-12-04,'000905,中证500,4194.015,4209.044,4174.788,4174.788,4170.263,23.752,0.5696,13967543,17243921718.0
2007-12-03,'000905,中证500,4170.263,4186.483,4101.104,4113.205,4122.932,47.331,1.148,14052326,17463673457.0
2007-11-30,'000905,中证500,4122.932,4196.686,4113.422,4189.253,4185.267,-62.335,-1.4894,15511798,18993589650.0
2007-11-29,'000905,中证500,4185.267,4187.229,4059.371,4108.442,4078.041,107.226,2.6294,16398975,20417786651.0
2007-11-28,'000905,中证500,4078.041,4154.996,4057.741,4118.447,4108.951,-30.91,-0.7523,11482784,14520221985.0
2007-11-27,'000905,中证500,4108.951,4173.195,4102.006,4130.098,4151.876,-42.925,-1.0339,11995548,15586627425.0
2007-11-26,'000905,中证500,4151.876,4266.98,4148.759,4238.577,4193.98,-42.104,-1.0039,14035768,18122894909.0
2007-11-23,'000905,中证500,4193.98,4194.342,4067.409,4084.577,4113.309,80.671,1.9612,11425117,14381578085.0
2007-11-22,'000905,中证500,4113.309,4259.764,4104.083,4254.814,4308.422,-195.113,-4.5286,15528087,19135951332.0
2007-11-21,'000905,中证500,4308.422,4399.813,4303.444,4381.336,4371.676,-63.254,-1.4469,17508413,22805260558.0
2007-11-20,'000905,中证500,4371.676,4389.15,4285.991,4305.544,4313.28,58.396,1.3539,19062835,24348987981.0
2007-11-19,'000905,中证500,4313.28,4319.766,4226.947,4228.578,4217.228,96.052,2.2776,17968551,22532106345.0
2007-11-16,'000905,中证500,4217.228,4224.412,4146.1,4175.57,4210.704,6.524,0.1549,15545429,19284447305.0
2007-11-15,'000905,中证500,4210.704,4275.242,4201.033,4258.373,4263.995,-53.291,-1.2498,19245921,24313329117.0
2007-11-14,'000905,中证500,4263.995,4264.397,4137.989,4149.889,4114.509,149.486,3.6331,19491376,23697218157.0
2007-11-13,'000905,中证500,4114.509,4171.249,4061.604,4121.09,4098.556,15.953,0.3892,16725083,19658249948.0
2007-11-12,'000905,中证500,4098.556,4119.083,3996.161,4090.908,4153.236,-54.68,-1.3166,17257974,20761740165.0
2007-11-09,'000905,中证500,4153.236,4215.869,4098.298,4174.465,4205.65,-52.414,-1.2463,15929249,20166228470.0
2007-11-08,'000905,中证500,4205.65,4373.628,4203.051,4373.628,4385.856,-180.206,-4.1088,17215609,22331532283.0
2007-11-07,'000905,中证500,4385.856,4432.363,4304.854,4404.773,4395.011,-9.155,-0.2083,15667195,20401626455.0
2007-11-06,'000905,中证500,4395.011,4431.381,4362.217,4365.138,4361.872,33.139,0.7597,16420338,21033820888.0
2007-11-05,'000905,中证500,4361.872,4396.036,4279.022,4306.725,4329.631,32.241,0.7447,17471051,22482525868.0
2007-11-02,'000905,中证500,4329.631,4404.255,4303.565,4372.868,4431.099,-101.468,-2.2899,21624770,29158751659.0
2007-11-01,'000905,中证500,4431.099,4557.644,4430.265,4557.644,4550.183,-119.084,-2.6171,23393038,31370585870.0
2007-10-31,'000905,中证500,4550.183,4556.794,4414.323,4422.602,4388.327,161.856,3.6883,26309613,35042523873.0
2007-10-30,'000905,中证500,4388.327,4388.428,4264.772,4303.702,4288.789,99.538,2.3209,18713901,24186509637.0
2007-10-29,'000905,中证500,4288.789,4289.233,4211.149,4251.173,4228.946,59.843,1.4151,18080846,23193128822.0
2007-10-26,'000905,中证500,4228.946,4268.312,4126.572,4196.252,4251.497,-22.551,-0.5304,21560562,27222884705.0
2007-10-25,'000905,中证500,4251.497,4564.339,4245.652,4564.339,4596.635,-345.138,-7.5085,30098040,37945338321.0
2007-10-24,'000905,中证500,4596.635,4712.314,4590.865,4700.002,4688.722,-92.087,-1.964,22316589,31507474630.0
2007-10-23,'000905,中证500,4688.722,4736.027,4551.13,4689.109,4688.292,0.43,0.0092,22961573,32368956330.0
2007-10-22,'000905,中证500,4688.292,4812.223,4686.087,4775.677,4813.952,-125.66,-2.6103,23355677,33045567363.0
2007-10-19,'000905,中证500,4813.952,4884.427,4782.513,4831.987,4814.462,-0.51,-0.0106,22176601,32803813393.0
2007-10-18,'000905,中证500,4814.462,4923.337,4812.535,4923.337,4929.536,-115.074,-2.3344,27461488,40037190874.0
2007-10-17,'000905,中证500,4929.536,4955.684,4887.454,4942.829,4943.559,-14.023,-0.2837,27959089,42082747949.0
2007-10-16,'000905,中证500,4943.559,4943.978,4833.925,4898.385,4890.596,52.963,1.083,28644935,43090426858.0
2007-10-15,'000905,中证500,4890.596,4905.594,4774.239,4896.829,4891.386,-0.79,-0.0162,34245875,52054305885.0
2007-10-12,'000905,中证500,4891.386,5006.513,4662.109,5005.562,5005.498,-114.112,-2.2797,47244762,66426070266.0
2007-10-11,'000905,中证500,5005.498,5114.231,4998.599,5110.683,5109.1,-103.602,-2.0278,36394377,51967883725.0
2007-10-10,'000905,中证500,5109.1,5166.088,5074.957,5157.894,5141.892,-32.792,-0.6377,37983666,56649783051.0
2007-10-09,'000905,中证500,5141.892,5142.174,5036.066,5089.641,5088.596,53.296,1.0474,35443191,50228436868.0
2007-10-08,'000905,中证500,5088.596,5178.6,5084.659,5169.235,5083.65,4.946,0.0973,36258309,54086032302.0
2007-09-28,'000905,中证500,5083.65,5099.057,5009.905,5009.905,4972.716,110.934,2.2309,35372404,51371160946.0
2007-09-27,'000905,中证500,4972.716,4972.827,4898.227,4934.369,4932.521,40.195,0.8149,25245216,37519985881.0
2007-09-26,'000905,中证500,4932.521,5034.802,4903.29,5010.219,5013.06,-80.539,-1.6066,27770924,38381151797.0
2007-09-25,'000905,中证500,5013.06,5081.849,4977.45,5054.473,5054.73,-41.67,-0.8244,33147225,46237261072.0
2007-09-24,'000905,中证500,5054.73,5080.564,4974.564,5040.301,5028.843,25.887,0.5148,39626579,55022107293.0
2007-09-21,'000905,中证500,5028.843,5098.759,4922.329,5093.255,5079.078,-50.235,-0.9891,42901057,58015194349.0
2007-09-20,'000905,中证500,5079.078,5083.288,5020.586,5043.424,5029.101,49.977,0.9938,41224370,56343044287.0
2007-09-19,'000905,中证500,5029.101,5114.962,5008.454,5106.86,5096.239,-67.138,-1.3174,43110976,59072327991.0
2007-09-18,'000905,中证500,5096.239,5096.539,5002.233,5068.11,5047.597,48.642,0.9637,49774866,66761885766.0
2007-09-17,'000905,中证500,5047.597,5052.762,4919.704,4926.836,4936.694,110.903,2.2465,52511732,69846130437.0
2007-09-14,'000905,中证500,4936.694,4948.102,4824.015,4892.23,4872.661,64.033,1.3141,46901566,63222360422.0
2007-09-13,'000905,中证500,4872.661,4872.661,4765.23,4788.871,4770.769,101.892,2.1358,41370635,54207889357.0
2007-09-12,'000905,中证500,4770.769,4797.423,4590.272,4692.405,4718.312,52.457,1.1118,47944355,61351262628.0
2007-09-11,'000905,中证500,4718.312,5054.09,4712.09,5041.229,5038.941,-320.629,-6.363,55784241,75086248504.0
2007-09-10,'000905,中证500,5038.941,5038.949,4834.323,4881.124,4939.231,99.71,2.0187,49224554,66787184658.0
2007-09-07,'000905,中证500,4939.231,5051.539,4937.811,5036.791,5065.515,-126.284,-2.493,57324598,80534769127.0
2007-09-06,'000905,中证500,5065.515,5080.34,5028.053,5036.055,5010.729,54.786,1.0934,51029933,70110951607.0
2007-09-05,'000905,中证500,5010.729,5016.475,4900.541,4985.498,4980.529,30.2,0.6064,45766789,63170678715.0
2007-09-04,'000905,中证500,4980.529,5055.614,4957.888,5032.546,5008.833,-28.304,-0.5651,57774062,77495879890.0
2007-09-03,'000905,中证500,5008.833,5023.522,4941.979,4941.979,4897.636,111.197,2.2704,64639716,84427006030.0
2007-08-31,'000905,中证500,4897.636,4914.965,4868.455,4871.995,4843.707,53.929,1.1134,55587884,70019593012.0
2007-08-30,'000905,中证500,4843.707,4849.632,4721.387,4721.387,4701.439,142.268,3.0261,51519909,65345030170.0
2007-08-29,'000905,中证500,4701.439,4762.46,4642.645,4711.043,4729.791,-28.352,-0.5994,44907270,60585235208.0
2007-08-28,'000905,中证500,4729.791,4734.562,4630.42,4706.027,4724.544,5.247,0.1111,47776479,64289982505.0
2007-08-27,'000905,中证500,4724.544,4822.023,4680.098,4802.428,4742.953,-18.409,-0.3881,52241819,68668494103.0
2007-08-24,'000905,中证500,4742.953,4765.17,4703.052,4752.304,4733.839,9.114,0.1925,50881115,65018909882.0
2007-08-23,'000905,中证500,4733.839,4739.892,4662.031,4708.668,4685.058,48.781,1.0412,50015585,64556411932.0
2007-08-22,'000905,中证500,4685.058,4704.878,4543.517,4566.175,4625.28,59.778,1.2924,55468434,69573143499.0
2007-08-21,'000905,中证500,4625.28,4636.636,4571.764,4598.379,4570.571,54.709,1.197,49591844,62521547200.0
2007-08-20,'000905,中证500,4570.571,4570.571,4468.854,4475.399,4390.883,179.688,4.0923,45576502,56270754622.0
2007-08-17,'000905,中证500,4390.883,4482.731,4384.53,4422.648,4438.959,-48.076,-1.083,38005656,46601863474.0
2007-08-16,'000905,中证500,4438.959,4462.576,4344.458,4396.902,4412.795,26.164,0.5929,39367719,47830427191.0
2007-08-15,'000905,中证500,4412.795,4460.17,4300.555,4448.922,4436.206,-23.411,-0.5277,37001028,46717677164.0
2007-08-14,'000905,中证500,4436.206,4440.757,4324.86,4329.947,4329.765,106.441,2.4584,37008299,46945431399.0
2007-08-13,'000905,中证500,4329.765,4350.349,4257.381,4343.733,4348.811,-19.046,-0.438,40502417,50191212539.0
2007-08-10,'000905,中证500,4348.811,4443.122,4243.742,4443.122,4442.06,-93.249,-2.0992,40678678,53830037360.0
2007-08-09,'000905,中证500,4442.06,4444.957,4392.99,4392.991,4395.427,46.633,1.0609,38807227,51315376014.0
2007-08-08,'000905,中证500,4395.427,4465.566,4294.058,4435.79,4470.142,-74.715,-1.6714,46105603,58981564820.0
2007-08-07,'000905,中证500,4470.142,4510.079,4405.602,4510.079,4504.344,-34.202,-0.7593,51098863,66773260613.0
2007-08-06,'000905,中证500,4504.344,4504.661,4418.258,4446.206,4408.047,96.297,2.1846,54750123,70459502288.0
2007-08-03,'000905,中证500,4408.047,4424.266,4323.987,4376.961,4336.811,71.236,1.6426,53896072,69671492702.0
2007-08-02,'000905,中证500,4336.811,4336.811,4171.857,4181.491,4161.135,175.676,4.2218,46425759,58838667134.0
2007-08-01,'000905,中证500,4161.135,4435.243,4155.48,4423.042,4403.584,-242.449,-5.5057,59398872,72828848174.0
2007-07-31,'000905,中证500,4403.584,4403.665,4279.301,4349.61,4353.092,50.492,1.1599,50712508,62607462049.0
2007-07-30,'000905,中证500,4353.092,4386.287,4277.832,4279.041,4269.767,83.325,1.9515,53009654,64827905503.0
2007-07-27,'000905,中证500,4269.767,4269.852,4111.686,4171.894,4190.881,78.886,1.8823,48190964,56651988553.0
2007-07-26,'000905,中证500,4190.881,4212.322,4103.282,4135.064,4106.826,84.055,2.0467,47620395,55425456592.0
2007-07-25,'000905,中证500,4106.826,4106.826,3991.175,3991.352,3993.019,113.807,2.8501,41057606,47213457196.0
2007-07-24,'000905,中证500,3993.019,4097.468,3977.448,4012.795,3984.788,8.231,0.2066,51089454,57820628537.0
2007-07-23,'000905,中证500,3984.788,3984.788,3813.978,3813.978,3788.744,196.044,5.1744,50433562,55838077780.0
2007-07-20,'000905,中证500,3788.744,3791.308,3642.334,3642.334,3640.282,148.462,4.0783,35232854,38740105100.0
2007-07-19,'000905,中证500,3640.282,3652.535,3593.211,3615.967,3624.341,15.941,0.4398,18838755,20775564259.0
2007-07-18,'000905,中证500,3624.341,3673.903,3573.529,3601.286,3610.382,13.959,0.3866,24959894,27717882918.0
2007-07-17,'000905,中证500,3610.382,3641.503,3492.265,3514.279,3532.064,78.318,2.2173,21454454,22853321720.0
2007-07-16,'000905,中证500,3532.064,3662.36,3532.064,3654.863,3655.845,-123.781,-3.3858,20845935,22344037803.0
2007-07-13,'000905,中证500,3655.845,3672.344,3596.249,3671.463,3671.175,-15.33,-0.4176,20163549,21984568028.0
2007-07-12,'000905,中证500,3671.175,3687.151,3634.483,3659.396,3653.311,17.864,0.489,23598616,25393487602.0
2007-07-11,'000905,中证500,3653.311,3653.311,3564.149,3581.905,3606.187,47.124,1.3068,24806420,26413967549.0
2007-07-10,'000905,中证500,3606.187,3704.877,3587.156,3704.877,3711.714,-105.527,-2.8431,34736935,37679772173.0
2007-07-09,'000905,中证500,3711.714,3737.692,3603.508,3627.978,3591.377,120.337,3.3507,41519753,43718393520.0
2007-07-06,'000905,中证500,3591.377,3594.416,3309.148,3359.092,3380.179,211.198,6.2481,37954628,38035548331.0
2007-07-05,'000905,中证500,3380.179,3570.052,3378.451,3562.278,3622.518,-242.339,-6.6898,29414090,29637774666.0
2007-07-04,'000905,中证500,3622.518,3716.505,3605.448,3711.611,3704.706,-82.188,-2.2185,26839808,30190398031.0
2007-07-03,'000905,中证500,3704.706,3710.083,3587.714,3675.355,3644.79,59.916,1.6439,30575776,32661483719.0
2007-07-02,'000905,中证500,3644.79,3658.144,3489.117,3571.722,3585.486,59.304,1.654,33504868,34644472118.0
2007-06-29,'000905,中证500,3585.486,3718.176,3527.316,3636.306,3757.978,-172.492,-4.59,38787818,41524065151.0
2007-06-28,'000905,中证500,3757.978,4026.095,3756.603,4017.175,4022.313,-264.335,-6.5717,39969481,47754747206.0
2007-06-27,'000905,中证500,4022.313,4031.634,3877.079,3944.36,3928.703,93.61,2.3827,42012260,50065258655.0
2007-06-26,'000905,中证500,3928.703,3930.039,3667.821,3739.191,3851.944,76.759,1.9927,43627271,48942410244.0
2007-06-25,'000905,中证500,3851.944,4184.327,3824.889,4139.283,4123.215,-271.271,-6.5791,47652136,58112620536.0
2007-06-22,'000905,中证500,4123.215,4386.932,4050.674,4376.381,4374.488,-251.273,-5.7441,55689411,71083781474.0
2007-06-21,'000905,中证500,4374.488,4452.479,4277.04,4372.354,4396.218,-21.73,-0.4943,52002466,67946337133.0
2007-06-20,'000905,中证500,4396.218,4589.219,4371.003,4539.579,4529.033,-132.815,-2.9325,67280998,89231807250.0
2007-06-19,'000905,中证500,4529.033,4529.281,4394.226,4446.695,4439.185,89.848,2.024,61844389,81876852714.0
2007-06-18,'000905,中证500,4439.185,4454.784,4400.395,4400.395,4316.53,122.655,2.8415,57885770,77232791678.0
2007-06-15,'000905,中证500,4316.53,4349.162,4232.303,4262.75,4311.975,4.555,0.1056,52084749,68126706919.0
2007-06-14,'000905,中证500,4311.975,4399.521,4249.206,4365.982,4372.53,-60.555,-1.3849,68961106,86675999000.0
2007-06-13,'000905,中证500,4372.53,4398.61,4254.626,4263.624,4218.436,154.094,3.6529,77713292,97788636916.0
2007-06-12,'000905,中证500,4218.436,4218.606,3945.679,4138.33,4104.551,113.885,2.7746,73569739,91489531674.0
2007-06-11,'000905,中证500,4104.551,4117.254,4056.821,4057.166,4002.868,101.683,2.5403,61730087,75960465320.0
2007-06-08,'000905,中证500,4002.868,4036.883,3931.382,3970.279,3936.766,66.102,1.6791,64571339,77279691493.0
2007-06-07,'000905,中证500,3936.766,3936.835,3736.164,3751.669,3736.931,199.835,5.3476,64774241,72898894721.0
2007-06-06,'000905,中证500,3736.931,3786.77,3563.233,3676.691,3659.941,76.99,2.1036,67135673,72455721070.0
2007-06-05,'000905,中证500,3659.941,3660.509,3317.866,3430.55,3618.688,41.253,1.14,70413230,71642397221.0
2007-06-04,'000905,中证500,3618.688,3930.341,3615.107,3901.789,3960.442,-341.754,-8.6292,45166435,52872597597.0
2007-06-01,'000905,中证500,3960.442,4317.302,3945.404,4260.768,4267.781,-307.339,-7.2014,66043514,84642388168.0
2007-05-31,'000905,中证500,4267.781,4414.612,4095.403,4329.809,4456.279,-188.498,-4.2299,74445307,97069386853.0
2007-05-30,'000905,中证500,4456.279,4751.035,4430.688,4486.506,4853.643,-397.364,-8.1869,80630305,1.12955864453e+11
2007-05-29,'000905,中证500,4853.643,4853.88,4730.48,4782.412,4761.701,91.942,1.9309,75634106,1.08400505641e+11
2007-05-28,'000905,中证500,4761.701,4784.428,4700.615,4707.693,4649.857,111.844,2.4053,81156435,1.15289565613e+11
2007-05-25,'000905,中证500,4649.857,4665.978,4525.291,4559.429,4571.714,78.143,1.7093,71208667,98999673715.0
2007-05-24,'000905,中证500,4571.714,4625.921,4460.926,4606.15,4582.306,-10.592,-0.2311,83135281,1.11906826052e+11
2007-05-23,'000905,中证500,4582.306,4582.454,4463.271,4486.022,4459.813,122.493,2.7466,74290000,99319025813.0
2007-05-22,'000905,中证500,4459.813,4484.533,4402.762,4402.925,4364.156,95.657,2.1919,80650687,1.05981659297e+11
2007-05-21,'000905,中证500,4364.156,4364.156,4076.517,4089.854,4235.185,128.971,3.0452,71621745,92849503948.0
2007-05-18,'000905,中证500,4235.185,4261.456,4188.321,4219.607,4221.913,13.272,0.3144,59209700,76234234377.0
2007-05-17,'000905,中证500,4221.913,4235.05,4135.373,4146.324,4118.139,103.774,2.5199,62708702,80387926794.0
2007-05-16,'000905,中证500,4118.139,4118.244,3929.515,3981.822,3998.777,119.362,2.985,55559394,69165055418.0
2007-05-15,'000905,中证500,3998.777,4161.519,3989.364,4140.326,4133.826,-135.049,-3.2669,64001794,79732368766.0
2007-05-14,'000905,中证500,4133.826,4164.809,4014.565,4051.84,4109.403,24.423,0.5943,58751381,74274346670.0
2007-05-11,'000905,中证500,4109.403,4130.901,4028.361,4101.649,4128.081,-18.678,-0.4525,60242752,73415159786.0
2007-05-10,'000905,中证500,4128.081,4146.585,4062.48,4103.573,4099.126,28.955,0.7064,68513921,83048637239.0
2007-05-09,'000905,中证500,4099.126,4125.418,3918.745,4107.553,4091.133,7.993,0.1954,83052499,1.01593000714e+11
2007-05-08,'000905,中证500,4091.133,4093.01,3972.034,3990.71,3903.689,187.444,4.8017,73123973,88475909333.0
2007-04-30,'000905,中证500,3903.689,3909.044,3809.974,3831.55,3845.813,57.876,1.5049,65571150,76728359304.0
2007-04-27,'000905,中证500,3845.813,3871.401,3801.554,3861.055,3853.269,-7.456,-0.1935,58297402,67853343646.0
2007-04-26,'000905,中证500,3853.269,3854.046,3788.867,3814.822,3805.046,48.223,1.2673,55433349,64185466504.0
2007-04-25,'000905,中证500,3805.046,3822.413,3712.041,3802.688,3821.416,-16.37,-0.4284,64389272,73367705321.0
2007-04-24,'000905,中证500,3821.416,3861.574,3753.134,3813.532,3782.256,39.16,1.0354,81814319,93868619322.0
2007-04-23,'000905,中证500,3782.256,3784.079,3667.553,3667.553,3614.391,167.865,4.6444,73720028,82859479027.0
2007-04-20,'000905,中证500,3614.391,3624.823,3456.738,3456.738,3435.78,178.611,5.1986,62251145,66598043638.0
2007-04-19,'000905,中证500,3435.78,3642.852,3356.019,3642.852,3649.714,-213.934,-5.8617,78014301,81866685727.0
2007-04-18,'000905,中证500,3649.714,3652.72,3548.36,3572.699,3558.216,91.498,2.5715,71614000,76799598093.0
2007-04-17,'000905,中证500,3558.216,3558.216,3420.306,3482.358,3458.067,100.149,2.8961,77944237,80497402807.0
2007-04-16,'000905,中证500,3458.067,3458.073,3362.733,3362.733,3358.632,99.435,2.9606,60396858,62079349301.0
2007-04-13,'000905,中证500,3358.632,3419.994,3341.27,3393.96,3387.412,-28.78,-0.8496,67535073,70464209187.0
2007-04-12,'000905,中证500,3387.412,3387.412,3302.359,3316.203,3309.745,77.667,2.3466,64707446,64857399450.0
2007-04-11,'000905,中证500,3309.745,3309.984,3231.31,3267.609,3261.527,48.218,1.4784,67723772,66771673111.0
2007-04-10,'000905,中证500,3261.527,3261.527,3151.49,3253.673,3240.302,21.225,0.655,63556608,61706182026.0
2007-04-09,'000905,中证500,3240.302,3243.883,3201.148,3201.148,3182.797,57.505,1.8067,62143752,59855679384.0
2007-04-06,'000905,中证500,3182.797,3189.108,3097.061,3110.949,3133.142,49.655,1.5848,56252054,53093793741.0
2007-04-05,'000905,中证500,3133.142,3137.018,3063.424,3076.759,3078.901,54.241,1.7617,52801657,48998208124.0
2007-04-04,'000905,中证500,3078.901,3084.617,3032.485,3049.917,3042.461,36.44,1.1977,53126353,49456797744.0
2007-04-03,'000905,中证500,3042.461,3042.461,2993.186,3004.897,2993.63,48.831,1.6312,46766983,43272502515.0
2007-04-02,'000905,中证500,2993.63,2993.63,2932.636,2935.211,2926.064,67.566,2.3091,37673587,34371206540.0
2007-03-30,'000905,中证500,2926.064,2935.239,2859.728,2878.242,2894.779,31.285,1.0807,35962417,31503658398.0
2007-03-29,'000905,中证500,2894.779,3008.223,2894.743,3005.062,3004.295,-109.516,-3.6453,55994799,48606097258.0
2007-03-28,'000905,中证500,3004.295,3060.189,2873.377,3048.501,3039.534,-35.239,-1.1594,67009339,59168941748.0
2007-03-27,'000905,中证500,3039.534,3040.348,2979.126,2995.464,2989.051,50.483,1.6889,56957800,50436251179.0
2007-03-26,'000905,中证500,2989.051,2989.051,2915.048,2915.048,2897.999,91.052,3.1419,56736775,48797439034.0
2007-03-23,'000905,中证500,2897.999,2901.785,2820.99,2862.629,2861.146,36.853,1.2881,52272355,44346584943.0
2007-03-22,'000905,中证500,2861.146,2899.346,2852.671,2869.749,2859.006,2.14,0.0749,56005698,47352036212.0
2007-03-21,'000905,中证500,2859.006,2859.032,2801.925,2821.44,2810.714,48.292,1.7181,48276756,40605909989.0
2007-03-20,'000905,中证500,2810.714,2811.153,2758.995,2761.01,2751.477,59.237,2.1529,43558984,36502668162.0
2007-03-19,'000905,中证500,2751.477,2760.089,2609.312,2623.736,2710.861,40.616,1.4983,47649881,38729127772.0
2007-03-16,'000905,中证500,2710.861,2777.409,2671.955,2769.151,2760.844,-49.983,-1.8104,55633131,45080917910.0
2007-03-15,'000905,中证500,2760.844,2760.844,2703.57,2703.929,2708.687,52.157,1.9255,51009806,40574627499.0
2007-03-14,'000905,中证500,2708.687,2740.532,2622.755,2704.445,2727.455,-18.768,-0.6881,56580271,43846863925.0
2007-03-13,'000905,中证500,2727.455,2740.462,2694.382,2701.502,2696.497,30.958,1.1481,53596162,41804787634.0
2007-03-12,'000905,中证500,2696.497,2696.871,2610.402,2639.894,2638.047,58.45,2.2157,51367091,39729102503.0
2007-03-09,'000905,中证500,2638.047,2662.328,2590.438,2637.596,2634.879,3.168,0.1202,48031705,37390032187.0
2007-03-08,'000905,中证500,2634.879,2634.879,2562.499,2587.748,2580.597,54.282,2.1035,43077065,33388959788.0
2007-03-07,'000905,中证500,2580.597,2580.597,2525.466,2525.534,2516.003,64.594,2.5673,37230709,28949689587.0
2007-03-06,'000905,中证500,2516.003,2524.632,2467.68,2501.286,2511.916,4.087,0.1627,33321666,24808787734.0
2007-03-05,'000905,中证500,2511.916,2548.254,2419.288,2508.386,2503.677,8.239,0.3291,49535978,36388108851.0
2007-03-02,'000905,中证500,2503.677,2515.023,2452.965,2458.26,2459.511,44.166,1.7957,47238104,33901995283.0
2007-03-01,'000905,中证500,2459.511,2526.159,2417.842,2526.154,2513.533,-54.022,-2.1492,58828139,41587572191.0
2007-02-28,'000905,中证500,2513.533,2520.0,2369.053,2370.951,2405.574,107.959,4.4879,53025029,37869581290.0
2007-02-27,'000905,中证500,2405.574,2673.53,2402.719,2654.435,2642.114,-236.54,-8.9527,72404254,52918857566.0
2007-02-26,'000905,中证500,2642.114,2642.114,2532.097,2557.254,2541.409,100.705,3.9626,48963084,36442929080.0
2007-02-16,'000905,中证500,2541.409,2581.56,2519.232,2528.836,2512.402,29.007,1.1546,54056751,39956571058.0
2007-02-15,'000905,中证500,2512.402,2512.55,2451.318,2451.436,2435.959,76.443,3.1381,51516459,37101618593.0
2007-02-14,'000905,中证500,2435.959,2445.765,2380.736,2386.835,2384.158,51.801,2.1727,44065582,31223510543.0
2007-02-13,'000905,中证500,2384.158,2384.158,2338.565,2351.65,2341.072,43.086,1.8404,38163783,26801027681.0
2007-02-12,'000905,中证500,2341.072,2341.072,2291.66,2291.66,2287.381,53.691,2.3473,36188353,25013026001.0
2007-02-09,'000905,中证500,2287.381,2300.806,2263.612,2282.627,2278.445,8.936,0.3922,37161822,24939688424.0
2007-02-08,'000905,中证500,2278.445,2282.193,2233.521,2245.078,2237.944,40.501,1.8097,39053897,26710676361.0
2007-02-07,'000905,中证500,2237.944,2237.944,2208.378,2209.652,2198.239,39.705,1.8062,38327050,26101531474.0
2007-02-06,'000905,中证500,2198.239,2198.626,2148.099,2158.498,2152.25,45.989,2.1368,30876185,20714662878.0
2007-02-05,'000905,中证500,2152.25,2166.094,2118.871,2122.369,2127.104,25.146,1.1822,30134110,20119479185.0
2007-02-02,'000905,中证500,2127.104,2190.958,2124.298,2170.03,2165.405,-38.301,-1.7688,38610610,25752753793.0
2007-02-01,'000905,中证500,2165.405,2176.195,2080.162,2120.007,2142.891,22.514,1.0506,42338845,27578619714.0
2007-01-31,'000905,中证500,2142.891,2258.698,2129.786,2251.318,2255.938,-113.047,-5.0111,49046924,32828621831.0
2007-01-30,'000905,中证500,2255.938,2280.725,2230.652,2271.474,2260.596,-4.658,-0.2061,50247687,33163100591.0
2007-01-29,'000905,中证500,2260.596,2261.242,2201.586,2201.586,2186.27,74.326,3.3997,45646662,30788164443.0
2007-01-26,'000905,中证500,2186.27,2196.278,2061.66,2143.994,2174.239,12.031,0.5533,44759405,28778328607.0
2007-01-25,'000905,中证500,2174.239,2271.519,2172.984,2271.519,2283.696,-109.457,-4.793,48175660,32172915840.0
2007-01-24,'000905,中证500,2283.696,2295.258,2236.575,2260.707,2261.785,21.911,0.9687,51041222,33928713068.0
2007-01-23,'000905,中证500,2261.785,2268.687,2175.598,2267.454,2258.986,2.799,0.1239,61080176,39600092963.0
2007-01-22,'000905,中证500,2258.986,2259.029,2183.437,2183.437,2159.638,99.348,4.6002,63589201,40928365323.0
2007-01-19,'000905,中证500,2159.638,2159.646,2097.505,2097.505,2085.403,74.235,3.5597,57925168,36951910780.0
2007-01-18,'000905,中证500,2085.403,2085.403,2002.656,2025.853,2035.651,49.752,2.444,50949460,32208210284.0
2007-01-17,'000905,中证500,2035.651,2093.89,1992.539,2064.289,2055.016,-19.365,-0.9423,58832887,38375191550.0
2007-01-16,'000905,中证500,2055.016,2055.016,1991.04,1991.6899,1986.54,68.476,3.447,48074418,30689048908.0
2007-01-15,'000905,中证500,1986.54,1986.54,1881.47,1881.47,1881.75,104.79,5.5688,38812632,23710426000.0
2007-01-12,'000905,中证500,1881.75,1972.86,1879.59,1941.34,1952.24,-70.49,-3.6107,44080092,25821604000.0
2007-01-11,'000905,中证500,1952.24,2005.0601,1935.4,1946.5,1940.83,11.41,0.5879,53883464,31508766000.0
2007-01-10,'000905,中证500,1940.83,1940.83,1884.62,1896.71,1891.87,48.96,2.5879,45406336,26373106000.0
2007-01-09,'000905,中证500,1891.87,1893.72,1853.9,1855.35,1851.96,39.91,2.155,42845908,24953532000.0
2007-01-08,'000905,中证500,1851.96,1851.96,1773.02,1773.02,1770.48,81.48,4.6021,39719320,23144320000.0
2007-01-05,'000905,中证500,1770.48,1770.48,1712.74,1719.28,1723.6899,46.7901,2.7145,29545474,17027050000.0
2007-01-04,'000905,中证500,1723.6899,1748.09,1719.5,1738.9301,1726.15,-2.4601,-0.1425,32129868,18743744000.0
2006-12-29,'000905,中证500,1726.15,1733.46,1706.54,1706.54,1704.72,21.43,1.2571,24615518,14631496000.0
2006-12-28,'000905,中证500,1704.72,1741.05,1690.0,1739.86,1738.52,-33.8,-1.9442,24081394,13908113000.0
2006-12-27,'000905,中证500,1738.52,1738.52,1723.37,1727.8199,1726.78,11.74,0.6799,20997490,12316073000.0
2006-12-26,'000905,中证500,1726.78,1751.21,1709.54,1747.98,1744.8199,-18.0399,-1.0339,23931458,13642065000.0
2006-12-25,'000905,中证500,1744.8199,1755.7,1730.23,1742.5,1728.4,16.4199,0.95,26413506,15087959000.0
2006-12-22,'000905,中证500,1728.4,1741.61,1707.45,1721.33,1737.38,-8.98,-0.5169,27420472,15104166000.0
2006-12-21,'000905,中证500,1737.38,1769.0699,1733.53,1755.48,1756.0,-18.62,-1.0604,36040828,20517652000.0
2006-12-20,'000905,中证500,1756.0,1756.0,1702.03,1706.2,1724.53,31.47,1.8248,33838260,19743524000.0
2006-12-19,'000905,中证500,1724.53,1724.53,1681.4399,1720.5699,1717.23,7.3,0.4251,32015720,19243062000.0
2006-12-18,'000905,中证500,1717.23,1718.29,1696.91,1699.07,1689.67,27.56,1.6311,30747037,18450000000.0
2006-12-15,'000905,中证500,1689.67,1689.67,1666.66,1667.72,1662.27,27.4,1.6483,26099503,15752000000.0
2006-12-14,'000905,中证500,1662.27,1662.27,1634.82,1636.54,1634.84,27.43,1.6778,21859161,12789000000.0
2006-12-13,'000905,中证500,1634.84,1637.0,1612.39,1627.57,1626.59,8.25,0.5072,18968559,11288000000.0
2006-12-12,'000905,中证500,1626.59,1631.76,1596.08,1626.03,1621.26,5.33,0.3288,21683956,11950000000.0
2006-12-11,'000905,中证500,1621.26,1621.26,1565.95,1565.95,1571.18,50.08,3.1874,20101756,10872000000.0
2006-12-08,'000905,中证500,1571.18,1622.35,1570.72,1618.16,1632.91,-61.73,-3.7804,25808657,14043000000.0
2006-12-07,'000905,中证500,1632.91,1662.96,1632.9,1644.81,1649.14,-16.23,-0.9841,32934338,18199000000.0
2006-12-06,'000905,中证500,1649.14,1678.23,1598.81,1674.31,1675.46,-26.32,-1.5709,37482820,20683000000.0
2006-12-05,'000905,中证500,1675.46,1680.33,1651.89,1666.44,1663.2,12.26,0.7371,35176816,19766000000.0
2006-12-04,'000905,中证500,1663.2,1663.2,1631.61,1631.61,1629.21,33.99,2.0863,29837776,17377000000.0
2006-12-01,'000905,中证500,1629.21,1637.21,1619.32,1626.75,1623.82,5.39,0.3319,27637903,16385000000.0
2006-11-30,'000905,中证500,1623.82,1626.84,1599.04,1599.04,1597.0,26.82,1.6794,27614669,15890000000.0
2006-11-29,'000905,中证500,1597.0,1597.0,1543.12,1561.78,1577.18,19.82,1.2567,20951209,12415000000.0
2006-11-28,'000905,中证500,1577.18,1582.52,1563.79,1567.01,1567.05,10.13,0.6464,19723052,11781000000.0
2006-11-27,'000905,中证500,1567.05,1567.05,1530.66,1532.54,1532.02,35.03,2.2865,19812299,11562000000.0
2006-11-24,'000905,中证500,1532.02,1533.85,1499.89,1509.63,1509.31,22.71,1.5047,19774506,11074000000.0
2006-11-23,'000905,中证500,1509.31,1509.31,1495.92,1500.12,1500.81,8.5,0.5664,16538872,9221271871.0
2006-11-22,'000905,中证500,1500.81,1509.19,1474.57,1478.12,1477.68,23.13,1.5653,18195599,10075000000.0
2006-11-21,'000905,中证500,1477.68,1477.68,1450.34,1465.83,1466.65,11.03,0.7521,14237567,8054577242.0
2006-11-20,'000905,中证500,1466.65,1476.89,1453.13,1476.48,1476.75,-10.1,-0.6839,14596352,8418360021.0
2006-11-17,'000905,中证500,1476.75,1476.75,1452.69,1459.71,1462.68,14.07,0.9619,12995219,7385067963.0
2006-11-16,'000905,中证500,1462.68,1487.06,1461.55,1485.91,1484.45,-21.77,-1.4665,15009693,8746859785.0
2006-11-15,'000905,中证500,1484.45,1484.45,1453.85,1461.26,1461.72,22.73,1.555,13274863,7478959603.0
2006-11-14,'000905,中证500,1461.72,1461.72,1422.74,1443.57,1445.68,16.04,1.1095,12422881,6869392810.0
2006-11-13,'000905,中证500,1445.68,1496.67,1437.82,1496.42,1498.87,-53.19,-3.5487,14993646,8200604605.0
2006-11-10,'000905,中证500,1498.87,1539.82,1490.61,1539.21,1537.86,-38.99,-2.5353,15683384,8701692662.0
2006-11-09,'000905,中证500,1537.86,1538.57,1515.98,1518.72,1521.45,16.41,1.0786,13194956,7763982813.0
2006-11-08,'000905,中证500,1521.45,1527.2,1517.19,1524.98,1525.65,-4.2,-0.2753,12096575,7000840211.0
2006-11-07,'000905,中证500,1525.65,1540.8,1507.52,1540.8,1540.61,-14.96,-0.971,16321674,9444616902.0
2006-11-06,'000905,中证500,1540.61,1547.01,1531.55,1540.08,1549.65,-9.04,-0.5834,14907359,8642240592.0
2006-11-03,'000905,中证500,1549.65,1553.68,1544.18,1545.68,1545.83,3.82,0.2471,14239272,8208252994.0
2006-11-02,'000905,中证500,1545.83,1548.2,1530.85,1548.2,1548.52,-2.69,-0.1737,15894523,9031088112.0
2006-11-01,'000905,中证500,1548.52,1548.52,1531.1,1541.61,1541.64,6.88,0.4463,15680125,9249221437.0
2006-10-31,'000905,中证500,1541.64,1541.64,1523.97,1526.53,1527.22,14.42,0.9442,14091961,8077771697.0
2006-10-30,'000905,中证500,1527.22,1531.52,1504.13,1527.01,1530.26,-3.04,-0.1987,13871484,7776928175.0
2006-10-27,'000905,中证500,1530.26,1557.62,1524.97,1555.11,1556.69,-26.43,-1.6978,16776154,9646516213.0
2006-10-26,'000905,中证500,1556.69,1568.81,1551.28,1568.81,1565.9,-9.21,-0.5882,15862159,9226278637.0
2006-10-25,'000905,中证500,1565.9,1583.12,1550.84,1579.58,1577.09,-11.19,-0.7095,19871334,11306000000.0
2006-10-24,'000905,中证500,1577.09,1577.09,1535.85,1535.85,1537.32,39.77,2.587,17996569,10242000000.0
2006-10-23,'000905,中证500,1537.32,1588.75,1529.47,1586.82,1587.9,-50.58,-3.1853,21134777,11659000000.0
2006-10-20,'000905,中证500,1587.9,1600.43,1586.56,1598.13,1597.38,-9.48,-0.5935,19020177,10839000000.0
2006-10-19,'000905,中证500,1597.38,1597.38,1586.81,1589.39,1588.59,8.79,0.5533,18859083,10571000000.0
2006-10-18,'000905,中证500,1588.59,1588.59,1565.57,1568.13,1568.51,20.08,1.2802,15533562,8503561733.0
2006-10-17,'000905,中证500,1568.51,1575.48,1562.04,1566.74,1567.09,1.42,0.0906,16322135,9108092494.0
2006-10-16,'000905,中证500,1567.09,1579.21,1563.84,1577.25,1575.86,-8.77,-0.5565,18015112,9772287621.0
2006-10-13,'000905,中证500,1575.86,1579.07,1561.45,1566.01,1567.29,8.57,0.5468,17678775,9795376464.0
2006-10-12,'000905,中证500,1567.29,1591.39,1567.01,1591.39,1591.45,-24.16,-1.5181,22633594,12175000000.0
2006-10-11,'000905,中证500,1591.45,1591.45,1573.48,1587.64,1588.81,2.64,0.1662,21603318,11696000000.0
2006-10-10,'000905,中证500,1588.81,1591.45,1571.8,1581.11,1579.52,9.29,0.5882,25278769,13602000000.0
2006-10-09,'000905,中证500,1579.52,1579.52,1560.33,1562.49,1550.8,28.72,1.8519,21129866,11891000000.0
2006-09-29,'000905,中证500,1550.8,1552.31,1537.7,1537.7,1535.27,15.53,1.0115,19163801,10945000000.0
2006-09-28,'000905,中证500,1535.27,1540.51,1521.42,1523.03,1522.45,12.82,0.8421,16197202,9542271917.0
2006-09-27,'000905,中证500,1522.45,1522.45,1505.04,1506.8,1508.2,14.25,0.9448,13780127,7914358754.0
2006-09-26,'000905,中证500,1508.2,1514.65,1497.4,1513.47,1514.28,-6.08,-0.4015,15939400,9100111061.0
2006-09-25,'000905,中证500,1514.28,1522.4,1499.48,1508.2,1509.38,4.9,0.3246,17092075,9954853768.0
2006-09-22,'000905,中证500,1509.38,1523.55,1505.15,1522.78,1521.95,-12.57,-0.8259,18487551,10110000000.0
2006-09-21,'000905,中证500,1521.95,1523.75,1511.15,1516.26,1517.29,4.66,0.3071,16687352,8971301320.0
2006-09-20,'000905,中证500,1517.29,1521.65,1499.76,1510.35,1512.96,4.33,0.2862,17609938,9661184103.0
2006-09-19,'000905,中证500,1512.96,1516.87,1502.65,1510.14,1507.94,5.02,0.3329,19406254,10240000000.0
2006-09-18,'000905,中证500,1507.94,1507.94,1485.96,1487.86,1484.69,23.25,1.566,17494033,9331125592.0
2006-09-15,'000905,中证500,1484.69,1484.69,1466.84,1468.06,1467.8,16.89,1.1507,15522869,8256157368.0
2006-09-14,'000905,中证500,1467.8,1469.11,1448.54,1464.45,1466.04,1.76,0.1201,15010711,8066288934.0
2006-09-13,'000905,中证500,1466.04,1488.75,1464.85,1488.14,1487.74,-21.7,-1.4586,14936861,8155303180.0
2006-09-12,'000905,中证500,1487.74,1490.42,1479.04,1482.0,1481.93,5.81,0.3921,15312016,8310110388.0
2006-09-11,'000905,中证500,1481.93,1481.93,1453.59,1474.47,1473.92,8.01,0.5434,14193197,7753777363.0
2006-09-08,'000905,中证500,1473.92,1480.39,1469.41,1470.83,1472.51,1.41,0.0958,11912110,6367523088.0
2006-09-07,'000905,中证500,1472.51,1497.54,1465.04,1497.54,1497.01,-24.5,-1.6366,14341706,8066659860.0
2006-09-06,'000905,中证500,1497.01,1497.01,1476.37,1491.83,1490.15,6.86,0.4604,17850908,9666733596.0
2006-09-05,'000905,中证500,1490.15,1492.93,1480.78,1488.02,1484.44,5.71,0.3847,19483677,10374000000.0
2006-09-04,'000905,中证500,1484.44,1484.44,1455.3,1456.68,1451.95,32.49,2.2377,16296002,8897221375.0
2006-09-01,'000905,中证500,1451.95,1481.65,1447.03,1477.48,1479.9,-27.95,-1.8886,18102292,9708643566.0
2006-08-31,'000905,中证500,1479.9,1479.9,1463.19,1469.86,1468.66,11.24,0.7653,17971385,9584234091.0
2006-08-30,'000905,中证500,1468.66,1468.99,1445.91,1452.74,1456.44,12.22,0.839,16136869,8370287128.0
2006-08-29,'000905,中证500,1456.44,1482.41,1456.08,1460.52,1457.32,-0.88,-0.0604,24396300,12859000000.0
2006-08-28,'000905,中证500,1457.32,1457.32,1425.48,1425.48,1421.1,36.22,2.5487,19226083,10219000000.0
2006-08-25,'000905,中证500,1421.1,1429.24,1416.1,1418.12,1416.9,4.2,0.2964,15006760,7821319137.0
2006-08-24,'000905,中证500,1416.9,1416.9,1391.73,1402.83,1403.58,13.32,0.949,12826365,6562146772.0
2006-08-23,'000905,中证500,1403.58,1414.98,1398.54,1409.88,1408.85,-5.27,-0.3741,13522173,7155862556.0
2006-08-22,'000905,中证500,1408.85,1413.02,1389.67,1392.23,1392.97,15.88,1.14,14067522,7425680210.0
2006-08-21,'000905,中证500,1392.97,1392.97,1329.82,1339.52,1384.9,8.07,0.5827,11813111,5801880583.0
2006-08-18,'000905,中证500,1384.9,1402.91,1383.71,1392.16,1395.72,-10.82,-0.7752,10095911,5018776105.0
2006-08-17,'000905,中证500,1395.72,1406.44,1381.14,1406.44,1407.31,-11.59,-0.8236,12259591,6113822993.0
2006-08-16,'000905,中证500,1407.31,1407.31,1378.92,1383.83,1383.36,23.95,1.7313,13800771,7195639948.0
2006-08-15,'000905,中证500,1383.36,1383.36,1346.16,1355.88,1356.85,26.51,1.9538,10117217,4967427839.0
2006-08-14,'000905,中证500,1356.85,1401.28,1352.81,1397.92,1398.01,-41.16,-2.9442,12974801,6338508140.0
2006-08-11,'000905,中证500,1398.01,1401.33,1382.05,1391.47,1391.14,6.87,0.4938,12293777,6168816362.0
2006-08-10,'000905,中证500,1391.14,1391.14,1367.3,1367.32,1367.39,23.75,1.7369,12458222,6293954482.0
2006-08-09,'000905,中证500,1367.39,1375.45,1355.54,1365.16,1364.99,2.4,0.1758,11927143,5939875079.0
2006-08-08,'000905,中证500,1364.99,1364.99,1323.0,1323.0,1323.73,41.26,3.1169,12371064,6020720288.0
2006-08-07,'000905,中证500,1323.73,1349.24,1321.1,1349.24,1354.78,-31.05,-2.2919,12436967,6141059280.0
2006-08-04,'000905,中证500,1354.78,1407.77,1353.18,1401.62,1401.16,-46.38,-3.3101,13257336,6822038000.0
2006-08-03,'000905,中证500,1401.16,1412.12,1387.04,1402.93,1401.86,-0.7,-0.0499,11173163,5800944746.0
2006-08-02,'000905,中证500,1401.86,1417.37,1378.6,1409.63,1408.9,-7.04,-0.4997,13078178,6614744961.0
2006-08-01,'000905,中证500,1408.9,1435.65,1403.4,1422.27,1425.04,-16.14,-1.1326,14318331,7445151013.0
2006-07-31,'000905,中证500,1425.04,1487.78,1424.52,1487.78,1492.11,-67.07,-4.495,17977062,9525993017.0
2006-07-28,'000905,中证500,1492.11,1510.8,1472.63,1504.58,1506.56,-14.45,-0.9591,18604576,10080000000.0
2006-07-27,'000905,中证500,1506.56,1531.69,1492.67,1523.15,1523.86,-17.3,-1.1353,19791143,10841000000.0
2006-07-26,'000905,中证500,1523.86,1529.29,1512.01,1521.89,1518.17,5.69,0.3748,17399889,9548073999.0
2006-07-25,'000905,中证500,1518.17,1522.44,1498.23,1498.23,1496.61,21.56,1.4406,17835350,9897228913.0
2006-07-24,'000905,中证500,1496.61,1497.52,1453.09,1464.27,1493.04,3.57,0.2391,16307505,8909501222.0
2006-07-21,'000905,中证500,1493.04,1494.81,1482.92,1483.04,1484.41,8.63,0.5814,15893080,8531719003.0
2006-07-20,'000905,中证500,1484.41,1486.94,1462.41,1470.53,1472.35,12.06,0.8191,16248455,8586066103.0
2006-07-19,'000905,中证500,1472.35,1503.68,1460.05,1503.68,1506.59,-34.24,-2.2727,19013809,10573000000.0
2006-07-18,'000905,中证500,1506.59,1506.59,1481.07,1494.96,1494.79,11.8,0.7894,17912039,9929215372.0
2006-07-17,'000905,中证500,1494.79,1494.79,1460.73,1467.26,1470.47,24.32,1.6539,17734059,10151000000.0
2006-07-14,'000905,中证500,1470.47,1484.89,1435.75,1442.33,1459.78,10.69,0.7323,21196878,11904000000.0
2006-07-13,'000905,中证500,1459.78,1558.6,1459.67,1558.43,1562.06,-102.28,-6.5478,34944607,19684000000.0
2006-07-12,'000905,中证500,1562.06,1577.4,1560.07,1564.45,1561.84,0.22,0.0141,25275444,15086000000.0
2006-07-11,'000905,中证500,1561.84,1561.9,1543.71,1551.64,1550.04,11.8,0.7613,20802044,12371000000.0
2006-07-10,'000905,中证500,1550.04,1551.09,1530.53,1542.9,1541.25,8.79,0.5703,19808479,11728000000.0
2006-07-07,'000905,中证500,1541.25,1549.61,1534.19,1544.97,1539.18,2.07,0.1345,25026863,14489000000.0
2006-07-06,'000905,中证500,1539.18,1539.39,1497.21,1498.04,1497.66,41.52,2.7723,25426140,15032000000.0
2006-07-05,'000905,中证500,1497.66,1508.36,1475.02,1508.36,1508.84,-11.18,-0.741,21574749,12717000000.0
2006-07-04,'000905,中证500,1508.84,1525.19,1496.63,1516.7,1514.07,-5.23,-0.3454,27850126,16045000000.0
2006-07-03,'000905,中证500,1514.07,1514.07,1483.95,1489.46,1486.0,28.07,1.889,25348765,14378000000.0
2006-06-30,'000905,中证500,1486.0,1501.26,1476.22,1495.51,1488.16,-2.16,-0.1451,24636735,14233000000.0
2006-06-29,'000905,中证500,1488.16,1489.96,1465.86,1465.86,1461.79,26.37,1.804,24385373,14161000000.0
2006-06-28,'000905,中证500,1461.79,1468.86,1454.76,1463.23,1464.69,-2.9,-0.198,17768401,9881431415.0
2006-06-27,'000905,中证500,1464.69,1466.12,1447.68,1460.9,1457.14,7.55,0.5181,20306083,11556000000.0
2006-06-26,'000905,中证500,1457.14,1458.8,1433.24,1433.24,1430.51,26.63,1.8616,20453222,11914000000.0
2006-06-23,'000905,中证500,1430.51,1430.63,1401.5,1408.42,1411.28,19.23,1.3626,16886956,9614963379.0
2006-06-22,'000905,中证500,1411.28,1416.03,1399.28,1409.15,1410.5,0.78,0.0553,16067074,9436384340.0
2006-06-21,'000905,中证500,1410.5,1426.98,1399.69,1414.94,1414.91,-4.41,-0.3117,18241679,10917000000.0
2006-06-20,'000905,中证500,1414.91,1415.88,1391.36,1397.15,1397.99,16.92,1.2103,17933395,10637000000.0
2006-06-19,'000905,中证500,1397.99,1405.13,1359.75,1367.06,1382.41,15.58,1.127,17174543,10014000000.0
2006-06-16,'000905,中证500,1382.41,1382.6,1360.42,1362.06,1352.34,30.07,2.2236,15949332,9228665022.0
2006-06-15,'000905,中证500,1352.34,1366.4,1344.78,1346.0,1347.88,4.46,0.3309,13827267,7955175184.0
2006-06-14,'000905,中证500,1347.88,1351.34,1328.87,1351.34,1361.53,-13.65,-1.0025,13987922,7900015153.0
2006-06-13,'000905,中证500,1361.53,1369.61,1342.47,1350.74,1352.58,8.95,0.6617,14557768,8299965004.0
2006-06-12,'000905,中证500,1352.58,1361.9,1329.2,1339.54,1346.48,6.1,0.453,14672116,8497080349.0
2006-06-09,'000905,中证500,1346.48,1386.93,1345.6,1371.4,1376.08,-29.6,-2.151,23220739,12625000000.0
2006-06-08,'000905,中证500,1376.08,1379.37,1326.78,1357.3,1370.81,5.27,0.3844,24671633,12735000000.0
2006-06-07,'000905,中证500,1370.81,1470.26,1370.39,1470.26,1470.45,-99.64,-6.7762,27931263,15545000000.0
2006-06-06,'000905,中证500,1470.45,1485.57,1464.1,1482.8,1484.29,-13.84,-0.9324,25329402,14565000000.0
2006-06-05,'000905,中证500,1484.29,1484.46,1443.31,1461.02,1457.76,26.53,1.8199,29413874,16896000000.0
2006-06-02,'000905,中证500,1457.76,1475.08,1440.27,1462.61,1455.74,2.02,0.1388,38325542,21655000000.0
2006-06-01,'000905,中证500,1455.74,1455.74,1401.84,1402.34,1402.33,53.41,3.8087,33069586,18774000000.0
2006-05-31,'000905,中证500,1402.33,1426.08,1392.15,1408.91,1410.54,-8.21,-0.582,27598877,15780000000.0
2006-05-30,'000905,中证500,1410.54,1411.38,1380.2,1391.62,1387.52,23.02,1.6591,24941389,14664000000.0
2006-05-29,'000905,中证500,1387.52,1387.56,1352.98,1362.84,1355.5,32.02,2.3622,23429286,13098000000.0
2006-05-26,'000905,中证500,1355.5,1355.63,1329.14,1330.23,1324.92,30.58,2.3081,20931173,11650000000.0
2006-05-25,'000905,中证500,1324.92,1329.63,1298.73,1304.08,1308.69,16.23,1.2402,19663825,10679000000.0
2006-05-24,'000905,中证500,1308.69,1360.16,1279.95,1333.31,1326.16,-17.47,-1.3173,26600867,15046000000.0
2006-05-23,'000905,中证500,1326.16,1388.03,1325.99,1388.03,1386.75,-60.59,-4.3692,31406252,17357000000.0
2006-05-22,'000905,中证500,1386.75,1396.49,1364.45,1370.5,1365.65,21.1,1.5451,33218175,18832000000.0
2006-05-19,'000905,中证500,1365.65,1369.43,1327.19,1332.16,1328.21,37.44,2.8188,30783976,17775000000.0
2006-05-18,'000905,中证500,1328.21,1336.44,1294.91,1311.43,1318.97,9.24,0.7005,28510402,15639000000.0
2006-05-17,'000905,中证500,1318.97,1327.24,1289.15,1302.61,1297.93,21.04,1.621,32137142,18591000000.0
2006-05-16,'000905,中证500,1297.93,1357.81,1291.44,1347.19,1344.92,-46.99,-3.4939,39381620,23030000000.0
2006-05-15,'000905,中证500,1344.92,1344.96,1291.37,1303.38,1283.68,61.24,4.7707,40668942,22547000000.0
2006-05-12,'000905,中证500,1283.68,1283.75,1237.63,1239.75,1237.77,45.91,3.7091,32967164,18042000000.0
2006-05-11,'000905,中证500,1237.77,1278.7,1237.72,1247.12,1241.57,-3.8,-0.3061,36588884,19833000000.0
2006-05-10,'000905,中证500,1241.57,1247.23,1214.73,1227.29,1218.09,23.48,1.9276,31202885,16281000000.0
2006-05-09,'000905,中证500,1218.09,1218.09,1182.95,1188.8,1180.73,37.36,3.1641,29808582,15505000000.0
2006-05-08,'000905,中证500,1180.73,1181.53,1148.08,1148.08,1141.685,39.045,3.4199,22440402,11848000000.0
2006-04-28,'000905,中证500,1141.685,1146.38,1098.77,1117.51,1125.32,16.365,1.4543,20532798,10998000000.0
2006-04-27,'000905,中证500,1125.32,1127.96,1110.69,1119.67,1116.81,8.51,0.762,18574314,9745814558.0
2006-04-26,'000905,中证500,1116.81,1125.87,1102.83,1103.75,1103.06,13.75,1.2465,22602810,12473000000.0
2006-04-25,'000905,中证500,1103.06,1109.31,1076.9,1091.83,1094.38,8.68,0.7931,20744156,11061000000.0
2006-04-24,'000905,中证500,1094.38,1107.59,1083.09,1106.12,1102.55,-8.17,-0.741,22778342,11952000000.0
2006-04-21,'000905,中证500,1102.55,1106.54,1081.19,1091.66,1091.85,10.7,0.98,20485060,10825000000.0
2006-04-20,'000905,中证500,1091.85,1102.27,1084.2,1102.27,1100.66,-8.81,-0.8004,19770249,10561000000.0
2006-04-19,'000905,中证500,1100.66,1100.66,1082.18,1098.58,1097.73,2.93,0.2669,18561782,9567365663.0
2006-04-18,'000905,中证500,1097.73,1100.88,1087.01,1094.36,1093.51,4.22,0.3859,17175729,8604872225.0
2006-04-17,'000905,中证500,1093.51,1097.5,1080.62,1086.24,1088.18,5.33,0.4898,19137337,9297213972.0
2006-04-14,'000905,中证500,1088.18,1088.27,1053.88,1058.71,1062.69,25.49,2.3986,16434914,7958759268.0
2006-04-13,'000905,中证500,1062.69,1103.66,1062.47,1097.29,1095.5,-32.81,-2.995,22614391,10730000000.0
2006-04-12,'000905,中证500,1095.5,1101.48,1089.13,1095.07,1094.41,1.09,0.0996,20140515,9691783748.0
2006-04-11,'000905,中证500,1094.41,1098.96,1081.69,1097.27,1090.72,3.69,0.3383,22595821,10774000000.0
2006-04-10,'000905,中证500,1090.72,1090.72,1069.73,1071.19,1068.11,22.61,2.1168,21976514,10222000000.0
2006-04-07,'000905,中证500,1068.11,1068.17,1051.79,1056.29,1053.69,14.42,1.3685,21288522,10427000000.0
2006-04-06,'000905,中证500,1053.69,1064.58,1045.9,1052.35,1048.67,5.02,0.4787,21173354,10559000000.0
2006-04-05,'000905,中证500,1048.67,1049.08,1037.6,1039.78,1038.11,10.56,1.0172,18667859,9280135013.0
2006-04-04,'000905,中证500,1038.11,1038.11,1024.17,1029.11,1025.79,12.32,1.201,18674872,9322495221.0
2006-04-03,'000905,中证500,1025.79,1025.79,1001.32,1001.32,1000.25,25.54,2.5534,17490891,8638423931.0
2006-03-31,'000905,中证500,1000.25,1000.53,985.41,988.96,986.96,13.29,1.3466,13282343,6789065490.0
2006-03-30,'000905,中证500,986.96,998.91,986.51,997.14,997.7,-10.74,-1.0765,13329955,6338565813.0
2006-03-29,'000905,中证500,997.7,1007.99,993.7,995.69,994.52,3.18,0.3198,15784085,7455183317.0
2006-03-28,'000905,中证500,994.52,994.98,986.35,987.53,984.15,10.37,1.0537,13360061,6064864413.0
2006-03-27,'000905,中证500,984.15,984.3,969.67,974.56,974.27,9.88,1.0141,10706853,4754493601.0
2006-03-24,'000905,中证500,974.27,983.84,972.85,982.46,980.84,-6.57,-0.6698,12647982,5810923765.0
2006-03-23,'000905,中证500,980.84,982.62,971.18,972.71,972.14,8.7,0.8949,13897921,6353994863.0
2006-03-22,'000905,中证500,972.14,972.14,957.38,959.52,959.93,12.21,1.272,11514166,5189972690.0
2006-03-21,'000905,中证500,959.93,963.99,955.01,957.89,956.14,3.79,0.3964,11865277,5336658211.0
2006-03-20,'000905,中证500,956.14,956.14,939.85,944.1,943.73,12.41,1.315,9120389,4094119920.0
2006-03-17,'000905,中证500,943.73,946.53,938.9,944.95,945.52,-1.79,-0.1893,8944893,4182585958.0
2006-03-16,'000905,中证500,945.52,945.56,939.21,942.72,942.69,2.83,0.3002,8182273,3909601097.0
2006-03-15,'000905,中证500,942.69,942.71,930.0,931.27,931.72,10.97,1.1774,7998643,3978632639.0
2006-03-14,'000905,中证500,931.72,931.86,923.47,929.01,928.52,3.2,0.3446,6342600,2876199031.0
2006-03-13,'000905,中证500,928.52,928.83,920.05,921.23,921.68,6.84,0.7421,5621891,2520022636.0
2006-03-10,'000905,中证500,921.68,925.1,917.91,922.44,920.13,1.55,0.1685,6049099,2727770294.0
2006-03-09,'000905,中证500,920.13,926.56,917.49,923.32,924.83,-4.7,-0.5082,6110909,2763521542.0
2006-03-08,'000905,中证500,924.83,927.78,913.71,924.61,928.58,-3.75,-0.4038,7226656,3284620071.0
2006-03-07,'000905,中证500,928.58,951.64,927.5,951.64,952.35,-23.77,-2.4959,8621117,3830280828.0
2006-03-06,'000905,中证500,952.35,957.2,949.46,955.25,954.46,-2.11,-0.2211,7323049,3384122651.0
2006-03-03,'000905,中证500,954.46,956.95,941.8,951.93,953.37,1.09,0.1143,9435552,4461964302.0
2006-03-02,'000905,中证500,953.37,972.15,950.38,972.15,972.07,-18.7,-1.9237,11407654,5300239815.0
2006-03-01,'000905,中证500,972.07,972.25,963.24,966.84,964.73,7.34,0.7608,9658441,4417155091.0
2006-02-28,'000905,中证500,964.73,964.95,947.87,962.52,963.38,1.35,0.1401,8702275,3875932474.0
2006-02-27,'000905,中证500,963.38,969.34,959.45,968.21,967.16,-3.78,-0.3908,9025473,4046904109.0
2006-02-24,'000905,中证500,967.16,967.29,958.38,959.34,958.72,8.44,0.8803,10007130,4661548040.0
2006-02-23,'000905,中证500,958.72,960.67,946.88,959.13,959.95,-1.23,-0.1281,9184009,4143174452.0
2006-02-22,'000905,中证500,959.95,967.61,957.66,960.1,960.017,-0.067,-0.007,10339440,4748612576.0
2006-02-21,'000905,中证500,960.017,960.09,933.37,943.11,943.77,16.247,1.7215,10166777,4634345661.0
2006-02-20,'000905,中证500,943.77,952.42,942.71,949.03,949.99,-6.22,-0.6547,9821571,4625165797.0
2006-02-17,'000905,中证500,949.99,962.5,949.43,961.25,958.59,-8.6,-0.8972,11246008,5393894628.0
2006-02-16,'000905,中证500,958.59,986.33,958.18,986.33,986.16,-27.57,-2.7957,14477527,6889036469.0
2006-02-15,'000905,中证500,986.16,990.49,982.03,987.09,986.06,0.1,0.0101,12322016,5915206923.0
2006-02-14,'000905,中证500,986.06,986.06,976.16,977.28,977.4,8.66,0.886,10447628,5125475701.0
2006-02-13,'000905,中证500,977.4,981.71,967.13,981.63,980.8,-3.4,-0.3467,11393722,5621309832.0
2006-02-10,'000905,中证500,980.8,980.8,970.83,971.25,969.58,11.22,1.1572,11797244,5779585861.0
2006-02-09,'000905,中证500,969.58,982.18,967.31,982.18,982.94,-13.36,-1.3592,11835024,5767868742.0
2006-02-08,'000905,中证500,982.94,983.04,970.41,979.15,981.57,1.37,0.1396,13588631,6721582402.0
2006-02-07,'000905,中证500,981.57,989.7,970.31,983.34,980.91,0.66,0.0673,17016908,8731551777.0
2006-02-06,'000905,中证500,980.91,980.99,960.32,961.03,957.79,23.12,2.4139,12923122,6494041689.0
2006-01-25,'000905,中证500,957.79,963.74,947.3,960.03,960.35,-2.56,-0.2666,12817112,6429186424.0
2006-01-24,'000905,中证500,960.35,969.42,956.98,961.65,961.07,-0.72,-0.0749,14103819,7093103730.0
2006-01-23,'000905,中证500,961.07,962.08,946.6,955.09,952.77,8.3,0.8711,14125714,6867931556.0
2006-01-20,'000905,中证500,952.77,954.65,943.12,950.63,949.91,2.86,0.3011,14779172,7271723190.0
2006-01-19,'000905,中证500,949.91,950.04,935.76,941.17,939.14,10.77,1.1468,13989235,6660488215.0
2006-01-18,'000905,中证500,939.14,939.21,919.63,920.06,919.28,19.86,2.1604,11474787,5567521521.0
2006-01-17,'000905,中证500,919.28,922.68,914.38,918.52,920.33,-1.05,-0.1141,8918319,4382590624.0
2006-01-16,'000905,中证500,920.33,935.53,919.92,933.22,932.5,-12.17,-1.3051,12592136,6025374116.0
2006-01-13,'000905,中证500,932.5,935.53,924.55,930.3,927.42,5.08,0.5478,14459389,6715980154.0
2006-01-12,'000905,中证500,927.42,927.42,905.43,906.94,906.5,20.92,2.3078,14024615,6571664360.0
2006-01-11,'000905,中证500,906.5,915.02,901.4,910.76,911.19,-4.69,-0.5147,12953142,6188643247.0
2006-01-10,'000905,中证500,911.19,911.29,898.73,907.63,905.07,6.12,0.6762,11200080,5314702723.0
2006-01-09,'000905,中证500,905.07,905.43,892.21,893.52,891.94,13.13,1.4721,12361296,6030602226.0
2006-01-06,'000905,中证500,891.94,896.06,879.18,884.92,882.73,9.21,1.0434,13370232,6451093877.0
2006-01-05,'000905,中证500,882.73,882.81,871.6,872.09,871.73,11.0,1.2619,10885812,5213044132.0
2006-01-04,'000905,中证500,871.73,871.96,859.31,860.04,860.13,11.6,1.3486,8039010,4000198215.0
2005-12-30,'000905,中证500,860.13,869.26,857.71,868.44,866.75,-6.62,-0.7638,7552316,3926993057.0
2005-12-29,'000905,中证500,866.75,866.78,858.41,858.41,857.21,9.54,1.1129,8617096,4216989537.0
2005-12-28,'000905,中证500,857.21,857.26,852.22,854.64,854.53,2.68,0.3136,5615717,2732415116.0
2005-12-27,'000905,中证500,854.53,855.97,849.48,854.75,853.17,1.36,0.1594,6528869,3109676602.0
2005-12-26,'000905,中证500,853.17,855.13,846.8,846.93,845.59,7.58,0.8964,7860416,3672350801.0
2005-12-23,'000905,中证500,845.59,845.63,835.54,835.76,835.5,10.09,1.2077,6446100,3001294031.0
2005-12-22,'000905,中证500,835.5,835.56,828.32,830.45,830.77,4.73,0.5694,5080676,2362375114.0
2005-12-21,'000905,中证500,830.77,838.14,829.19,836.63,836.12,-5.35,-0.6399,5205743,2292433378.0
2005-12-20,'000905,中证500,836.12,836.28,829.36,834.88,834.71,1.41,0.1689,4454203,2031096992.0
2005-12-19,'000905,中证500,834.71,836.47,831.98,834.96,834.54,0.17,0.0204,4859569,2214327148.0
2005-12-16,'000905,中证500,834.54,834.66,824.52,827.16,827.54,7.0,0.8459,5199475,2459177637.0
2005-12-15,'000905,中证500,827.54,837.48,826.6,833.46,832.51,-4.97,-0.597,6089473,2877301198.0
2005-12-14,'000905,中证500,832.51,833.47,819.53,824.86,824.86,7.65,0.9274,5933929,2648663890.0
2005-12-13,'000905,中证500,824.86,824.96,815.35,824.63,824.52,0.34,0.0412,4917438,2266932497.0
2005-12-12,'000905,中证500,824.52,825.61,817.93,820.11,819.2,5.32,0.6494,5468311,2505643034.0
2005-12-09,'000905,中证500,819.2,819.52,803.81,805.52,805.56,13.64,1.6932,5563456,2517195976.0
2005-12-08,'000905,中证500,805.56,808.9,801.19,807.41,806.78,-1.22,-0.1512,3896999,1749825135.0
2005-12-07,'000905,中证500,806.78,806.89,798.29,800.18,798.88,7.9,0.9889,3755355,1696603323.0
2005-12-06,'000905,中证500,798.88,800.58,792.11,795.11,796.93,1.95,0.2447,3727782,1632508124.0
2005-12-05,'000905,中证500,796.93,819.79,796.34,819.79,817.86,-20.93,-2.5591,4895370,2126599956.0
2005-12-02,'000905,中证500,817.86,827.91,816.42,827.15,828.19,-10.33,-1.2473,4399086,1933484767.0
2005-12-01,'000905,中证500,828.19,832.12,824.28,829.33,829.5,-1.31,-0.1579,3927209,1862984123.0
2005-11-30,'000905,中证500,829.5,829.7,821.67,826.34,827.01,2.49,0.3011,4805175,2293872243.0
2005-11-29,'000905,中证500,827.01,839.25,826.44,839.25,838.34,-11.33,-1.3515,4499555,2057572878.0
2005-11-28,'000905,中证500,838.34,841.88,835.05,841.21,841.13,-2.79,-0.3317,4591305,2153318286.0
2005-11-25,'000905,中证500,841.13,841.78,836.44,841.71,841.699,-0.569,-0.0676,4849548,2156572262.0
2005-11-24,'000905,中证500,841.699,843.96,836.86,837.68,838.12,3.579,0.427,5531201,2482279680.0
2005-11-23,'000905,中证500,838.12,838.56,828.07,831.7,831.77,6.35,0.7634,4940422,2233518032.0
2005-11-22,'000905,中证500,831.77,847.45,831.36,847.18,846.96,-15.19,-1.7935,6275091,2812886141.0
2005-11-21,'000905,中证500,846.96,849.3,842.44,844.63,843.74,3.22,0.3816,6608677,2877318510.0
2005-11-18,'000905,中证500,843.74,845.7,824.36,824.8,825.8,17.94,2.1724,9690757,4229046189.0
2005-11-17,'000905,中证500,825.8,830.37,822.99,827.22,826.69,-0.89,-0.1077,5533816,2365641062.0
2005-11-16,'000905,中证500,826.69,826.69,808.21,820.07,820.49,6.2,0.7556,5542224,2344493570.0
2005-11-15,'000905,中证500,820.49,832.99,816.79,827.52,827.57,-7.08,-0.8555,5871616,2615555590.0
2005-11-14,'000905,中证500,827.57,827.58,819.19,821.78,823.96,3.61,0.4381,4468436,1921799553.0
2005-11-11,'000905,中证500,823.96,828.39,814.72,818.72,821.27,2.69,0.3275,6380094,2808468946.0
2005-11-10,'000905,中证500,821.27,843.62,820.64,843.62,845.11,-23.84,-2.8209,8439580,3914752386.0
2005-11-09,'000905,中证500,845.11,852.03,844.76,848.74,848.97,-3.86,-0.4547,7612747,3571895901.0
2005-11-08,'000905,中证500,848.97,849.11,835.81,841.93,842.0,6.97,0.8278,7297838,3303265390.0
2005-11-07,'000905,中证500,842.0,842.06,829.74,835.06,835.12,6.88,0.8238,6132963,2821363619.0
2005-11-04,'000905,中证500,835.12,835.22,820.9,828.04,828.91,6.21,0.7492,6449610,3104914686.0
2005-11-03,'000905,中证500,828.91,842.52,826.12,839.86,840.32,-11.41,-1.3578,7559624,3426888486.0
2005-11-02,'000905,中证500,840.32,843.15,823.21,823.21,823.33,16.99,2.0636,9095993,4040775904.0
2005-11-01,'000905,中证500,823.33,827.89,808.4,827.89,828.66,-5.33,-0.6432,6944240,3125533566.0
2005-10-31,'000905,中证500,828.66,831.18,819.35,823.23,825.06,3.6,0.4363,6492575,2962992897.0
2005-10-28,'000905,中证500,825.06,850.91,814.12,846.7,847.59,-22.53,-2.6581,8668967,3980409645.0
2005-10-27,'000905,中证500,847.59,856.97,841.86,851.08,854.03,-6.44,-0.7541,8103937,3752921927.0
2005-10-26,'000905,中证500,854.03,876.41,853.6,875.54,877.58,-23.55,-2.6835,9382014,4389740208.0
2005-10-25,'000905,中证500,877.58,896.69,877.54,896.69,897.76,-20.18,-2.2478,8676966,4083950279.0
2005-10-24,'000905,中证500,897.76,899.44,891.96,895.43,895.03,2.73,0.305,8789354,4214112192.0
2005-10-21,'000905,中证500,895.03,898.25,885.28,886.43,886.55,8.48,0.9565,10024927,5016318205.0
2005-10-20,'000905,中证500,886.55,886.83,872.48,885.34,886.31,0.24,0.0271,9521936,4825303991.0
2005-10-19,'000905,中证500,886.31,900.68,884.99,893.47,893.7,-7.39,-0.8269,9843633,4721479562.0
2005-10-18,'000905,中证500,893.7,893.98,878.45,878.78,878.76,14.94,1.7001,9716211,4925305812.0
2005-10-17,'000905,中证500,878.76,878.88,868.46,874.85,876.05,2.71,0.3093,7687888,3784372720.0
2005-10-14,'000905,中证500,876.05,883.84,873.46,882.87,883.45,-7.4,-0.8376,7954050,3964014247.0
2005-10-13,'000905,中证500,883.45,890.86,881.23,888.3,887.71,-4.26,-0.4799,8287049,4252389601.0
2005-10-12,'000905,中证500,887.71,891.86,874.98,879.05,878.62,9.09,1.0346,9459205,4850252978.0
2005-10-11,'000905,中证500,878.62,878.69,854.27,857.64,858.75,19.87,2.3138,7635268,3795362544.0
2005-10-10,'000905,中证500,858.75,870.05,857.97,870.05,869.51,-10.76,-1.2375,6119495,2951252757.0
2005-09-30,'000905,中证500,869.51,873.11,866.82,871.23,871.29,-1.78,-0.2043,7529963,3718773617.0
2005-09-29,'000905,中证500,871.29,871.49,852.04,852.04,852.36,18.93,2.2209,8835360,4257378974.0
2005-09-28,'000905,中证500,852.36,863.81,849.89,855.8,856.96,-4.6,-0.5368,7510782,3557058811.0
2005-09-27,'000905,中证500,856.96,877.66,856.49,875.1,874.84,-17.88,-2.0438,8805881,4224674796.0
2005-09-26,'000905,中证500,874.84,875.03,862.19,867.22,868.55,6.29,0.7242,6965690,3388518590.0
2005-09-23,'000905,中证500,868.55,883.54,868.16,876.31,880.01,-11.46,-1.3023,9799784,4676865548.0
2005-09-22,'000905,中证500,880.01,907.29,866.95,906.05,909.79,-29.78,-3.2733,14408322,6671951660.0
2005-09-21,'000905,中证500,909.79,922.18,908.98,921.92,924.16,-14.37,-1.5549,15603139,7226512985.0
2005-09-20,'000905,中证500,924.16,931.89,915.14,931.88,930.49,-6.33,-0.6803,15747606,7657830324.0
2005-09-19,'000905,中证500,930.49,930.59,915.93,918.13,917.64,12.85,1.4003,12056209,5691535255.0
2005-09-16,'000905,中证500,917.64,918.8,910.84,918.26,918.51,-0.87,-0.0947,10961532,5247184805.0
2005-09-15,'000905,中证500,918.51,920.95,910.77,914.91,914.98,3.53,0.3858,13582385,6488990073.0
2005-09-14,'000905,中证500,914.98,915.13,902.56,906.21,904.31,10.67,1.1799,16597334,7824404409.0
2005-09-13,'000905,中证500,904.31,904.31,883.46,884.25,883.56,20.75,2.3485,12496272,5855690757.0
2005-09-12,'000905,中证500,883.56,883.56,874.77,878.73,879.5,4.06,0.4616,7656523,3536951802.0
2005-09-09,'000905,中证500,879.5,893.83,875.61,889.55,889.69,-10.19,-1.1453,10399467,4923128531.0
2005-09-08,'000905,中证500,889.69,894.74,878.28,890.19,888.12,1.57,0.1768,14699157,6867746252.0
2005-09-07,'000905,中证500,888.12,888.18,857.76,860.38,862.49,25.63,2.9716,13957595,6427215445.0
2005-09-06,'000905,中证500,862.49,892.22,860.36,885.36,884.29,-21.8,-2.4653,17050904,7680093922.0
2005-09-05,'000905,中证500,884.29,884.4,871.88,873.86,872.48,11.81,1.3536,12504192,5688037076.0
2005-09-02,'000905,中证500,872.48,874.16,861.48,866.55,865.4,7.08,0.8181,15365548,6860942930.0
2005-09-01,'000905,中证500,865.4,865.4,842.81,845.93,845.14,20.26,2.3972,17034066,7438827221.0
2005-08-31,'000905,中证500,845.14,845.15,822.17,827.23,827.55,17.59,2.1256,11349943,4923412337.0
2005-08-30,'000905,中证500,827.55,834.21,827.09,831.49,832.25,-4.7,-0.5647,9242036,4041234187.0
2005-08-29,'000905,中证500,832.25,840.04,826.36,839.3,840.43,-8.18,-0.9733,10782557,4519192344.0
2005-08-26,'000905,中证500,840.43,842.3,830.58,837.41,836.42,4.01,0.4794,11880801,5071290126.0
2005-08-25,'000905,中证500,836.42,836.58,821.58,827.01,826.72,9.7,1.1733,10375849,4467612011.0
2005-08-24,'000905,中证500,826.72,826.73,816.61,816.74,816.91,9.81,1.2009,8841058,3843597951.0
2005-08-23,'000905,中证500,816.91,830.74,809.46,830.74,831.5,-14.59,-1.7547,9183851,3972885901.0
2005-08-22,'000905,中证500,831.5,833.27,817.16,819.48,820.87,10.63,1.295,9724413,4163217016.0
2005-08-19,'000905,中证500,820.87,828.12,803.28,816.96,820.66,0.21,0.0256,13860548,6154915639.0
2005-08-18,'000905,中证500,820.66,865.69,819.88,855.88,854.53,-33.87,-3.9636,21332120,9560360288.0
2005-08-17,'000905,中证500,854.53,854.61,823.44,837.9,839.26,15.27,1.8195,16792375,7512966671.0
2005-08-16,'000905,中证500,839.26,846.66,830.73,841.32,839.67,-0.41,-0.0488,15515941,7207373072.0
2005-08-15,'000905,中证500,839.67,839.68,814.56,814.84,816.39,23.28,2.8516,12625261,5910134742.0
2005-08-12,'000905,中证500,816.39,839.52,811.38,833.46,832.84,-16.45,-1.9752,17643087,7822259553.0
2005-08-11,'000905,中证500,832.84,833.68,820.29,823.72,823.84,9.0,1.0924,16463304,7294366339.0
2005-08-10,'000905,中证500,823.84,823.99,804.52,814.76,814.19,9.65,1.1852,15201123,6584951194.0
2005-08-09,'000905,中证500,814.19,814.26,794.18,800.84,800.12,14.07,1.7585,14016401,6101487287.0
2005-08-08,'000905,中证500,800.12,805.6,790.18,792.4,787.82,12.3,1.5613,15361394,7002623029.0
2005-08-05,'000905,中证500,787.82,787.93,765.39,765.39,765.26,22.56,2.948,12490263,5533624993.0
2005-08-04,'000905,中证500,765.26,769.34,761.36,767.57,769.75,-4.49,-0.5833,8661785,3626523924.0
2005-08-03,'000905,中证500,769.75,781.03,763.86,764.94,763.29,6.46,0.8463,14083550,5550136894.0
2005-08-02,'000905,中证500,763.29,763.29,746.82,750.96,750.49,12.8,1.7056,8902167,3550207898.0
2005-08-01,'000905,中证500,750.49,751.05,742.9,744.77,744.82,5.67,0.7613,6317943,2559324066.0
2005-07-29,'000905,中证500,744.82,748.38,739.4,746.59,747.23,-2.41,-0.3225,7056953,2815158251.0
2005-07-28,'000905,中证500,747.23,755.94,744.02,750.4,750.02,-2.79,-0.372,10747152,4372350126.0
2005-07-27,'000905,中证500,750.02,750.09,731.08,736.29,735.86,14.16,1.9243,9472478,3880395437.0
2005-07-26,'000905,中证500,735.86,736.72,718.6,718.62,718.87,16.99,2.3634,9191362,3765644687.0
2005-07-25,'000905,中证500,718.87,720.99,714.68,720.61,721.45,-2.58,-0.3576,5771020,2427919376.0
2005-07-22,'000905,中证500,721.45,728.52,704.23,704.61,704.79,16.66,2.3638,9508556,3877378333.0
2005-07-21,'000905,中证500,704.79,707.94,695.38,707.05,707.29,-2.5,-0.3535,4745981,1948020673.0
2005-07-20,'000905,中证500,707.29,711.01,699.19,703.17,703.07,4.22,0.6002,4243009,1771294806.0
2005-07-19,'000905,中证500,703.07,705.08,692.7,695.77,696.85,6.22,0.8926,4185245,1665130039.0
2005-07-18,'000905,中证500,696.85,712.32,694.85,712.32,714.49,-17.64,-2.4689,4817897,1869008405.0
2005-07-15,'000905,中证500,714.49,736.41,712.44,732.67,732.54,-18.05,-2.464,5942104,2376343496.0
2005-07-14,'000905,中证500,732.54,740.05,729.27,732.0,732.44,0.1,0.0137,5236367,2238519576.0
2005-07-13,'000905,中证500,732.44,738.74,729.59,738.61,739.53,-7.09,-0.9587,5718451,2534914868.0
2005-07-12,'000905,中证500,739.53,740.59,708.99,712.31,714.47,25.06,3.5075,6903272,2925420187.0
2005-07-11,'000905,中证500,714.47,742.95,712.97,725.63,722.85,-8.38,-1.1593,5045519,2115139680.0
2005-07-08,'000905,中证500,722.85,746.29,722.28,746.29,747.42,-24.57,-3.2873,5099621,2074276437.0
2005-07-07,'000905,中证500,747.42,751.13,740.48,743.32,743.44,3.98,0.5353,3925135,1689526507.0
2005-07-06,'000905,中证500,743.44,750.3,738.38,744.79,744.6,-1.16,-0.1558,4280243,1849285309.0
2005-07-05,'000905,中证500,744.6,752.77,739.62,747.89,749.48,-4.88,-0.6511,4391463,1957584553.0
2005-07-04,'000905,中证500,749.48,756.03,732.86,756.03,760.35,-10.87,-1.4296,5909702,2464867355.0
2005-07-01,'000905,中证500,760.35,789.18,758.71,789.18,791.5,-31.15,-3.9356,6469073,2803467961.0
2005-06-30,'000905,中证500,791.5,813.15,790.76,813.15,814.06,-22.56,-2.7713,5354700,2487038569.0
2005-06-29,'000905,中证500,814.06,821.08,813.08,818.09,819.05,-4.99,-0.6092,5149890,2397803068.0
2005-06-28,'000905,中证500,819.05,832.15,817.29,832.15,834.35,-15.3,-1.8338,5747787,2677620074.0
2005-06-27,'000905,中证500,834.35,838.42,817.28,817.28,813.2,21.15,2.6008,9280984,4445204662.0
2005-06-24,'000905,中证500,813.2,813.28,802.49,807.68,809.35,3.85,0.4757,4276755,1868202982.0
2005-06-23,'000905,中证500,809.35,821.46,808.56,818.19,818.65,-9.3,-1.136,5246659,2368349381.0
2005-06-22,'000905,中证500,818.65,819.49,808.77,814.91,816.2,2.45,0.3002,4992737,2228747206.0
2005-06-21,'000905,中证500,816.2,824.04,813.28,823.54,823.73,-7.53,-0.9141,6385113,2928451825.0
2005-06-20,'000905,中证500,823.73,823.91,786.43,799.47,800.14,23.59,2.9482,7966477,3695814708.0
2005-06-17,'000905,中证500,800.14,809.58,796.89,805.75,803.94,-3.8,-0.4727,5478499,2541412672.0
2005-06-16,'000905,中证500,803.94,804.04,786.01,795.75,796.26,7.68,0.9645,5514482,2463681172.0
2005-06-15,'000905,中证500,796.26,815.73,794.85,815.73,818.19,-21.93,-2.6803,5884532,2611882535.0
2005-06-14,'000905,中证500,818.19,841.33,817.53,835.35,834.25,-16.06,-1.9251,7401587,3214101518.0
2005-06-13,'000905,中证500,834.25,837.38,818.58,830.8,831.6,2.65,0.3187,6894839,3143331122.0
2005-06-10,'000905,中证500,831.6,850.02,827.75,850.02,849.72,-18.12,-2.1325,10035948,4618584575.0
2005-06-09,'000905,中证500,849.72,858.75,829.28,840.23,841.36,8.36,0.9936,15311452,7083905756.0
2005-06-08,'000905,中证500,841.36,845.06,782.01,782.01,779.84,61.52,7.8888,14973544,6612786780.0
2005-06-07,'000905,中证500,779.84,795.42,776.12,779.72,778.21,1.63,0.2095,7087300,3116981334.0
2005-06-06,'000905,中证500,778.21,778.4,751.32,764.66,765.97,12.24,1.598,4763543,1973905289.0
2005-06-03,'000905,中证500,765.97,772.83,755.25,767.67,769.42,-3.45,-0.4484,4586315,1841785231.0
2005-06-02,'000905,中证500,769.42,779.23,764.15,777.47,778.67,-9.25,-1.1879,4950638,2099951737.0
2005-06-01,'000905,中证500,778.67,795.82,774.35,795.82,796.87,-18.2,-2.2839,4648727,1920798554.0
2005-05-31,'000905,中证500,796.87,802.04,793.88,798.33,797.53,-0.66,-0.0828,4299737,1769831486.0
2005-05-30,'000905,中证500,797.53,799.4,783.85,788.64,791.0,6.53,0.8255,3848708,1627664116.0
2005-05-27,'000905,中证500,791.0,806.25,789.86,797.18,799.02,-8.02,-1.0037,4167632,1818239407.0
2005-05-26,'000905,中证500,799.02,812.69,795.43,808.66,809.7,-10.68,-1.319,4838787,2104358596.0
2005-05-25,'000905,中证500,809.7,817.67,803.94,808.52,808.74,0.96,0.1187,5294538,2206568910.0
2005-05-24,'000905,中证500,808.74,811.67,788.82,791.13,793.72,15.02,1.8924,4695292,1976718785.0
2005-05-23,'000905,中证500,793.72,816.19,793.05,816.19,819.13,-25.41,-3.1021,4312715,1802802915.0
2005-05-20,'000905,中证500,819.13,828.08,818.36,824.57,824.94,-5.81,-0.7043,4327522,1945065867.0
2005-05-19,'000905,中证500,824.94,828.58,814.15,824.83,824.64,0.3,0.0364,4776276,2170371655.0
2005-05-18,'000905,中证500,824.64,824.77,811.04,818.12,818.46,6.18,0.7551,4558077,1982282524.0
2005-05-17,'000905,中证500,818.46,821.05,803.42,806.81,808.17,10.29,1.2732,4955082,2184321836.0
2005-05-16,'000905,中证500,808.17,814.06,802.82,814.06,814.88,-6.71,-0.8234,4537503,2010607218.0
2005-05-13,'000905,中证500,814.88,819.42,801.87,806.73,807.51,7.37,0.9127,5197528,2399090157.0
2005-05-12,'000905,中证500,807.51,814.89,799.82,810.16,811.57,-4.06,-0.5003,4597105,2220225105.0
2005-05-11,'000905,中证500,811.57,822.77,809.58,816.82,818.09,-6.52,-0.797,4637579,2279227682.0
2005-05-10,'000905,中证500,818.09,818.5,791.1,814.77,818.4,-0.31,-0.0379,4946936,2367569440.0
2005-05-09,'000905,中证500,818.4,851.21,818.1,848.09,847.61,-29.21,-3.4462,4206100,2068561512.0
2005-04-29,'000905,中证500,847.61,860.39,845.44,860.39,860.62,-13.01,-1.5117,6013685,2897477422.0
2005-04-28,'000905,中证500,860.62,863.45,825.51,837.38,839.95,20.67,2.4609,7643112,3771427201.0
2005-04-27,'000905,中证500,839.95,857.95,839.56,857.95,855.24,-15.29,-1.7878,5943655,2978917961.0
2005-04-26,'000905,中证500,855.24,858.11,835.86,839.25,841.06,14.18,1.686,6199955,2916330757.0
2005-04-25,'000905,中证500,841.06,847.81,829.55,846.14,857.4,-16.34,-1.9058,5819862,2874936589.0
2005-04-22,'000905,中证500,857.4,870.0,851.34,865.82,867.33,-9.93,-1.1449,6224885,3135517460.0
2005-04-21,'000905,中证500,867.33,886.44,863.14,881.68,884.08,-16.75,-1.8946,6250349,3136724162.0
2005-04-20,'000905,中证500,884.08,902.22,880.93,902.22,902.79,-18.71,-2.0725,5321650,2598639279.0
2005-04-19,'000905,中证500,902.79,905.05,893.29,899.93,901.12,1.67,0.1853,4798603,2427298091.0
2005-04-18,'000905,中证500,901.12,910.89,895.27,910.89,913.27,-12.15,-1.3304,5003269,2575525210.0
2005-04-15,'000905,中证500,913.27,931.67,911.32,931.67,935.42,-22.15,-2.3679,6661597,3459646367.0
2005-04-14,'000905,中证500,935.42,954.14,934.13,952.54,950.23,-14.81,-1.5586,6983688,3795040134.0
2005-04-13,'000905,中证500,950.23,951.2,932.31,932.31,927.41,22.82,2.4606,8141086,4490048505.0
2005-04-12,'000905,中证500,927.41,947.11,927.11,947.11,948.51,-21.1,-2.2245,6039967,3247372938.0
2005-04-11,'000905,中证500,948.51,957.34,943.72,949.85,949.46,-0.95,-0.1001,8688242,4741992562.0
2005-04-08,'000905,中证500,949.46,949.47,928.06,931.77,932.33,17.13,1.8373,7997381,4357191759.0
2005-04-07,'000905,中证500,932.33,945.57,917.63,919.24,918.56,13.77,1.4991,9540235,5349441629.0
2005-04-06,'000905,中证500,918.56,921.64,893.03,901.74,901.74,16.82,1.8653,6805028,3830190110.0
2005-04-05,'000905,中证500,901.74,912.38,899.8,908.19,909.87,-8.13,-0.8935,4572503,2391142553.0
2005-04-04,'000905,中证500,909.87,920.62,904.62,919.14,927.55,-17.68,-1.9061,5333838,2893226429.0
2005-04-01,'000905,中证500,927.55,934.55,884.63,895.23,896.07,31.48,3.5131,6921793,3665270899.0
2005-03-31,'000905,中证500,896.07,896.41,880.88,887.07,888.95,7.12,0.8009,4125614,2042255429.0
2005-03-30,'000905,中证500,888.95,915.09,887.98,915.09,916.81,-27.86,-3.0388,4689496,2457661169.0
2005-03-29,'000905,中证500,916.81,929.45,916.65,922.66,922.92,-6.11,-0.662,3698567,1999394257.0
2005-03-28,'000905,中证500,922.92,930.17,909.17,930.17,931.42,-8.5,-0.9126,4019570,2155906688.0
2005-03-25,'000905,中证500,931.42,936.12,927.18,933.17,933.35,-1.93,-0.2068,4189845,2271998365.0
2005-03-24,'000905,中证500,933.35,933.92,914.65,922.18,923.19,10.16,1.1005,4319201,2510676346.0
2005-03-23,'000905,中证500,923.19,937.68,914.54,921.07,922.56,0.63,0.0683,5290283,3122090437.0
2005-03-22,'000905,中证500,922.56,949.07,918.09,948.78,949.55,-26.99,-2.8424,5795013,3283723310.0
2005-03-21,'000905,中证500,949.55,952.76,940.09,947.57,949.51,0.04,0.0042,4192190,2502435568.0
2005-03-18,'000905,中证500,949.51,973.1,945.6,969.12,970.97,-21.46,-2.2102,5393917,3123548577.0
2005-03-17,'000905,中证500,970.97,984.25,970.34,983.11,983.92,-12.95,-1.3162,5313307,3178910836.0
2005-03-16,'000905,中证500,983.92,992.64,977.13,992.64,993.83,-9.91,-0.9972,5311965,3199203625.0
2005-03-15,'000905,中证500,993.83,1007.89,992.02,1007.89,1007.77,-13.94,-1.3833,6499568,4049428975.0
2005-03-14,'000905,中证500,1007.77,1016.54,991.06,1009.18,1009.43,-1.66,-0.1644,7550503,4838849569.0
2005-03-11,'000905,中证500,1009.43,1010.86,999.11,1003.78,1005.54,3.89,0.3869,5955311,3681413477.0
2005-03-10,'000905,中证500,1005.54,1032.27,1002.41,1032.27,1032.55,-27.01,-2.6159,7106020,4259483416.0
2005-03-09,'000905,中证500,1032.55,1034.62,1024.89,1031.6,1029.46,3.09,0.3002,8257823,5012633412.0
2005-03-08,'000905,中证500,1029.46,1029.46,1007.68,1007.68,1006.95,22.51,2.2355,7187008,4502177472.0
2005-03-07,'000905,中证500,1006.95,1008.36,1001.86,1004.34,1003.21,3.74,0.3728,4475141,2595513439.0
2005-03-04,'000905,中证500,1003.21,1012.66,1001.85,1011.2,1011.29,-8.08,-0.799,4525189,2551598958.0
2005-03-03,'000905,中证500,1011.29,1011.7,996.36,1004.1,1006.15,5.14,0.5109,5372494,2991525954.0
2005-03-02,'000905,中证500,1006.15,1028.33,1005.34,1021.36,1021.16,-15.01,-1.4699,7457971,4197819828.0
2005-03-01,'000905,中证500,1021.16,1023.96,1011.56,1020.6,1020.85,0.31,0.0304,6675637,3803211754.0
2005-02-28,'000905,中证500,1020.85,1026.04,1014.94,1023.19,1024.12,-3.27,-0.3193,7028052,4174609104.0
2005-02-25,'000905,中证500,1024.12,1035.47,1023.74,1024.57,1024.45,-0.33,-0.0322,9650761,5608389732.0
2005-02-24,'000905,中证500,1024.45,1024.87,1012.44,1018.29,1019.26,5.19,0.5092,8683233,4874675166.0
2005-02-23,'000905,中证500,1019.26,1023.33,1002.8,1008.29,1007.69,11.57,1.1482,10201823,5822771921.0
2005-02-22,'000905,中证500,1007.69,1008.67,980.5,982.42,981.82,25.87,2.6349,9575789,5328306279.0
2005-02-21,'000905,中证500,981.82,981.89,964.47,965.0,964.77,17.05,1.7673,4765203,2568576863.0
2005-02-18,'000905,中证500,964.77,977.12,964.55,977.12,977.27,-12.5,-1.2791,4112811,2134898913.0
2005-02-17,'000905,中证500,977.27,977.44,964.32,971.84,972.34,4.93,0.507,4031958,2081885379.0
2005-02-16,'000905,中证500,972.34,979.3,965.94,967.43,962.03,10.31,1.0717,4693323,2555290412.0
2005-02-04,'000905,中证500,962.03,963.81,943.47,944.45,945.31,16.72,1.7687,5193014,2874284614.0
2005-02-03,'000905,中证500,945.31,967.94,944.76,963.75,964.24,-18.93,-1.9632,6371301,3476526549.0
2005-02-02,'000905,中证500,964.24,964.42,913.02,913.02,913.33,50.91,5.5741,6553566,3522826077.0
2005-02-01,'000905,中证500,913.33,929.69,911.93,919.8,922.65,-9.32,-1.0101,4199746,2076599356.0
2005-01-31,'000905,中证500,922.65,948.44,921.58,948.44,952.41,-29.76,-3.1247,4095099,2058937471.0
2005-01-28,'000905,中证500,952.41,971.94,949.11,971.37,971.37,-18.96,-1.9519,4072373,2106037353.0
2005-01-27,'000905,中证500,971.37,986.15,970.35,986.15,987.96,-16.59,-1.6792,4123214,2214822674.0
2005-01-26,'000905,中证500,987.96,997.64,985.67,997.64,999.55,-11.59,-1.1595,4113901,2238628613.0
2005-01-25,'000905,中证500,999.55,1006.0,989.95,1006.0,1008.17,-8.62,-0.855,4694803,2651186737.0
2005-01-24,'000905,中证500,1008.17,1009.95,998.37,1009.95,988.52,19.65,1.9878,7323355,4105828975.0
2005-01-21,'000905,中证500,988.52,989.72,951.43,971.5,972.46,16.06,1.6515,6185256,3412342279.0
2005-01-20,'000905,中证500,972.46,983.2,966.89,983.2,986.24,-13.78,-1.3972,4652048,2588992483.0
2005-01-19,'000905,中证500,986.24,991.29,981.23,991.29,991.42,-5.18,-0.5225,4255249,2304569213.0
2005-01-18,'000905,中证500,991.42,991.84,974.15,977.6,977.52,13.9,1.422,4516133,2523669419.0
2005-01-17,'000905,中证500,977.52,991.02,974.33,990.99,1000.17,-22.65,-2.2646,4358603,2418653726.0
2005-01-14,'000905,中证500,1000.17,1019.48,999.27,1012.7,1013.07,-12.9,-1.2734,4016937,2284638759.0
2005-01-13,'000905,中证500,1013.07,1014.84,1005.35,1008.1,1008.62,4.45,0.4412,4715734,2716827481.0
2005-01-12,'000905,中证500,1008.62,1008.74,998.36,1008.01,1008.34,0.28,0.0278,3196394,1825638693.0
2005-01-11,'000905,中证500,1008.34,1009.5,999.86,1006.21,1006.34,2.0,0.1987,3136115,1778497883.0
2005-01-10,'000905,中证500,1006.34,1006.46,993.12,996.93,997.61,8.73,0.8751,2949405,1650218869.0
2005-01-07,'000905,中证500,997.61,1009.0,990.45,993.43,994.6,3.01,0.3026,3391627,1906530712.0
2005-01-06,'000905,中证500,994.6,1003.49,990.79,1003.49,1003.63,-9.03,-0.8997,2933906,1629216031.0
2005-01-05,'000905,中证500,1003.63,1008.86,985.68,986.57,986.93,16.7,1.6921,3486101,1919861791.0
2005-01-04,'000905,中证500,986.93,996.68,984.79,996.68,None,None,None,2323762,1329187122.0
