日期,融资余额(元),融资买入额(元),融资偿还额(元),融券余量,融券卖出量,融券偿还量
2020-07-22,106509862,141525373,35015511,0,0,0
2020-07-23,91973709,85578266,100114419,0,0,0
2020-07-24,109973671,68707234,50707272,0,0,0
2020-07-27,126531158,52240625,35683138,0,0,0
2020-07-28,120678976,30035147,35887329,0,0,0
2020-07-29,121646471,28467075,27499580,0,0,0
2020-07-30,162742553,100993228,59897146,0,0,0
2020-07-31,191923607,88356941,59175887,0,0,0
2020-08-03,201339929,78710893,69294571,0,0,0
2020-08-04,160041630,53457939,94756238,0,0,0
2020-08-05,176806366,101987749,85036841,0,0,0
2020-08-06,155865177,49346100,70287289,0,0,0
2020-08-07,138663437,36377587,53579327,0,0,0
2020-08-10,126153140,22526993,34955772,0,0,0
2020-08-11,127780466,25932712,24305386,0,0,0
2020-08-12,129314653,19314419,17780232,0,0,0
2020-08-13,115303833,12007263,26018083,0,0,0
2020-08-14,114109391,9830510,11024952,0,0,0
2020-08-17,119350893,21848357,16751638,0,0,0
2020-08-18,121899045,19216909,16668757,0,0,0
2020-08-19,114658754,12328374,19568665,0,0,0
2020-08-20,114499136,8941575,9101193,0,0,0
2020-08-21,110442605,10390744,14086441,0,0,0
2020-08-24,110653162,11937911,11727354,0,0,0
2020-08-25,112025277,8403138,7031023,0,0,0
2020-08-26,107706439,9299353,13618191,0,0,0
2020-08-27,128249113,54145571,33602897,0,0,0
2020-08-28,125966006,24929358,27212465,0,0,0
2020-08-31,157994002,64658234,32630238,0,0,0
2020-09-01,148754871,8805087,17801012,0,0,0
2020-09-02,145810291,13399306,16343886,0,0,0
2020-09-03,141080697,9853283,14582877,0,0,0
2020-09-04,110400102,16916040,47596635,0,0,0
2020-09-07,114119323,16899703,13180482,0,0,0
2020-09-08,114370487,8242421,7991257,0,0,0
2020-09-09,114577316,17636629,17429800,0,0,0
2020-09-10,112011805,10221255,12786766,0,0,0
2020-09-11,109907471,8221763,10326097,0,0,0
2020-09-14,112004365,14414558,12317664,0,0,0
2020-09-15,115745762,21227696,17309930,0,0,0
2020-09-16,118995056,13912929,10663635,0,0,0
2020-09-17,133624034,34883229,20254251,0,0,0
2020-09-18,140921902,30940723,23642855,0,0,0
2020-09-21,146552595,20575226,14944533,0,0,0
2020-09-22,148079575,15108598,14551382,0,0,0
2020-09-23,140293949,9584099,17369725,0,0,0
2020-09-24,140826227,8161764,7629486,0,0,0
2020-09-25,135815609,5596235,10606853,0,0,0
2020-09-28,132020354,4498039,7946283,0,0,0
2020-09-29,131601442,6228699,6647611,0,0,0
2020-09-30,118809547,5096875,17888770,0,0,0
2020-10-09,120651787,21753560,19870601,0,0,0
2020-10-12,120156231,14858018,15353574,0,0,0
2020-10-13,121859818,10926371,9222784,0,0,0
2020-10-14,129851307,12550050,4558561,0,0,0
2020-10-15,141383001,25521743,13990049,0,0,0
2020-10-16,150793727,20987915,11577189,0,0,0
2020-10-19,147434560,9446409,12805576,0,0,0
2020-10-20,152799362,9710708,4345906,0,0,0
2020-10-21,158772754,13408662,7435270,0,0,0
2020-10-22,161160100,8698115,6310769,0,0,0
2020-10-23,160782539,12039931,12417492,0,0,0
2020-10-26,151727779,11370676,20425436,0,0,0
2020-10-27,142989684,3555172,12293267,0,0,0
2020-10-28,145958853,7791336,4822167,0,0,0
2020-10-29,144841496,10595991,11713348,0,0,0
2020-10-30,146258706,20375857,18958647,17000,17000,0
2020-11-02,141572220,15293043,19979529,4100,1100,14000
2020-11-03,170966357,53467953,24073816,12131,11631,3600
2020-11-04,176050223,15928193,10844327,14422,11279,8988
2020-11-05,183041405,27502333,20511151,4585,3833,13670
2020-11-06,168381666,11985218,26644957,1393,500,3692
2020-11-09,170774492,41200400,38807574,21914,20521,0
2020-11-10,187009938,62361586,46126140,22043,20150,20021
2020-11-11,180949585,30119588,36179941,12994,8367,17416
2020-11-12,160777021,24924602,45097166,9435,3500,7059
2020-11-13,169994878,27363777,18145920,13250,7515,3700
2020-11-16,176167266,24298042,18125654,13833,3018,2435
2020-11-17,180549255,28902111,24520122,11122,307,3018
2020-11-18,193879036,32022704,18692923,15122,4000,0
2020-11-19,191417431,14326347,16787952,14122,0,1000
2020-11-20,187220673,9495995,13692753,5000,0,9122
2020-11-23,184872466,17978849,20399976,9256,4256,0
2020-11-24,183615659,24643258,25900065,9256,1200,1200
2020-11-25,183018590,23918898,24515967,18718,13718,4256
2020-11-26,176821222,26311460,32508828,5854,854,13718
2020-11-27,176663658,21608319,21765883,12000,9000,2854
2020-11-30,161288825,6526936,21901769,10522,7522,9000
2020-12-01,157811981,7496202,10973046,16348,8200,2374
2020-12-02,170714195,25472298,12570084,14200,3600,5748
2020-12-03,173583372,19914875,17251674,9107,6300,11393
2020-12-04,173823645,10057349,9817076,3107,800,6800
2020-12-07,168543840,7203015,12482820,19871,17364,600
2020-12-08,167102836,6296631,7737635,7195,1900,14576
2020-12-09,164266985,9358305,12194156,28943,23748,2000
2020-12-10,144919892,12930204,32277297,24674,9761,14030
2020-12-11,142860265,15526059,17585686,26782,18800,16692
2020-12-14,149995064,22771056,15636257,24886,9255,11151
2020-12-15,148583057,21733162,23251769,22728,2161,4319
2020-12-16,147254781,15188866,16517142,12330,2744,13142
2020-12-17,141993694,5397369,10658456,9499,9192,12023
2020-12-18,137988978,6569505,10574221,14020,5451,930
2020-12-21,132326679,7866760,13529059,1007,700,13713
2020-12-22,125764464,4438157,11000372,21862,21555,700
2020-12-23,129314521,9794305,6244248,42799,25393,4456
2020-12-24,132397351,10856673,7773843,30420,8063,20442
2020-12-25,130493202,5879455,7783604,18647,18189,29962
2020-12-28,128954408,6381883,7920677,29996,12000,651
2020-12-29,131211255,5332345,3075498,10276,10276,29996
2020-12-30,135878023,10549399,5882631,37093,35558,8741
2020-12-31,134663327,6977305,8192001,2822,1800,36071
2021-01-04,136766679,13900664,11797312,6500,6500,2822
2021-01-05,143057333,21358053,15375067,1000,500,6000
2021-01-06,139508388,8957433,12506378,9402,8902,500
2021-01-07,138478445,15387062,16163504,7000,7000,9402
2021-01-08,140639407,8792664,6631702,200,200,7000
2021-01-11,137612697,9039702,12003698,13052,13052,200
2021-01-12,140559319,10824315,7877693,0,0,13052
2021-01-13,136565500,13523428,17517247,3200,3200,0
2021-01-14,134603048,18954963,20805628,43470,43470,3200
2021-01-15,135098475,16001674,15506247,20245,20245,43470
2021-01-18,134507524,9693504,10284455,20126,20126,20245
2021-01-19,138591366,19597914,15514072,1810,1810,20126
2021-01-20,131748932,7838927,14681361,500,500,1810
2021-01-21,131549028,9817736,10017640,6377,5877,0
2021-01-22,134229550,8455659,5954603,3000,3000,6377
2021-01-25,133188839,7718352,8759063,18521,18521,3000
2021-01-26,133550555,7174859,6813143,7821,5300,16000
2021-01-27,142096025,17236403,8690933,30723,26902,4000
2021-01-28,131800423,9719410,20015012,55472,51651,26902
2021-01-29,132294908,10841782,10347297,19430,16826,52868
2021-02-01,130790304,9237839,10742443,18151,10352,11631
2021-02-02,129183746,8842483,10539400,5774,3170,15547
2021-02-03,126418750,6999561,9764557,9249,8911,5436
2021-02-04,124610857,8229872,10037765,36215,35715,8749
2021-02-05,124223119,9818132,10205870,18097,14959,33077
2021-02-08,124610082,5582236,5195273,12002,9064,15159
2021-02-09,124863767,8978306,8722196,11206,9000,9796
2021-02-10,119643492,4043894,9264169,5079,3073,9200
2021-02-18,122466376,12191573,9368689,59252,54173,0
2021-02-19,125513406,15938773,12891743,8406,6600,57446
2021-02-22,126778485,15306565,14041486,21631,19225,6000
2021-02-23,127845402,8524356,7457439,906,0,20725
2021-02-24,127841716,8279179,8282865,18172,17866,600
2021-02-25,131708828,11019266,7222153,2306,2000,17866
2021-02-26,131479348,6093685,6323165,306,0,2000
2021-03-01,130688064,6612995,7404279,38865,38559,0
2021-03-02,129421577,11685982,12952469,65983,46661,19543
2021-03-03,127114659,9541545,11848463,6849,5543,64677
2021-03-04,131155321,17992114,13951452,25378,22072,3543
2021-03-05,134227870,10767297,7694748,2806,1500,24072
2021-03-08,135160209,13697368,12765029,52392,51086,1500
2021-03-09,129256301,9006072,14909980,1806,500,51086
2021-03-10,125620102,5232808,8869007,27801,25995,0
2021-03-11,128493406,7473986,4600682,49586,44868,23083
2021-03-12,126364987,4324167,6452586,63141,49817,36262
2021-03-15,125780137,7162189,7747039,34633,5505,34013
2021-03-16,123999708,3382301,5162730,34485,6263,6411
2021-03-17,123272504,2263750,2990954,41485,10000,3000
2021-03-18,124904621,4179406,2547289,35885,4400,10000
2021-03-19,125173987,7444811,7175445,35834,4349,4400
2021-03-22,125125398,4438826,4487415,36258,4773,4349
2021-03-23,124015885,1537390,2646903,39258,3000,0
2021-03-24,124306624,6904773,6614034,47675,11417,3000
2021-03-25,122552399,1438300,3192525,38296,1715,11094
2021-03-26,121845077,1479299,2186621,37833,1800,2263
2021-03-29,121830015,2421864,2436926,44168,6335,0
2021-03-30,121347714,2230012,2712313,38093,0,6075
2021-03-31,121968781,1722225,1101158,33560,2000,6533
2021-04-01,120653652,3091615,4406744,42056,10896,2400
2021-04-02,122135571,13463750,11981831,60505,33179,14730
2021-04-06,124056695,8311570,6390446,50468,15468,25505
2021-04-07,125107655,6840964,5790004,32920,3691,21239
2021-04-08,123230944,4323566,6200277,36693,15080,11307
2021-04-09,121958601,3102452,4374795,31245,2820,8268
2021-04-12,118775567,7548624,10731658,44168,16123,3200
2021-04-13,118241506,3629460,4163521,22545,0,21623
2021-04-14,118128241,2020959,2134224,26746,4201,0
2021-04-15,115745664,1607031,3989608,22546,0,4200
2021-04-16,115970946,3690728,3465446,22946,400,0
2021-04-19,112349563,4231663,7853046,18426,600,5120
2021-04-20,110326080,4605316,6628799,18125,99,400
2021-04-21,111483669,3800161,2680043,17826,0,299
2021-04-22,107920294,7621627,11185002,49000,31174,0
2021-04-23,107857018,9107286,9170562,33645,0,15355
2021-04-26,119346056,20350955,8861917,38110,7155,2690
2021-04-27,121505301,8267492,6108247,42561,8451,4000
2021-04-28,138460924,25725722,8770099,25278,4200,21483
2021-04-29,138852472,7822052,7430504,29690,11600,7188
2021-04-30,137159222,6089783,7783033,20103,2400,11987
2021-05-06,137245123,6606553,6520652,24485,8982,4600
2021-05-07,127189448,7263923,17319598,15503,0,8982
2021-05-10,128272508,4451716,3368656,15803,500,200
2021-05-11,128820874,3471702,2923336,15303,0,500
2021-05-12,127911375,5036997,5946496,17303,2000,0
2021-05-13,129425027,5150892,3637240,25625,10322,2000
2021-05-14,130685070,5129716,3869673,19303,4000,10322
2021-05-17,124896790,3557118,9345398,15303,0,4000
2021-05-18,123993018,4683502,5587274,15503,200,0
2021-05-19,121677128,4752115,7068005,15297,0,206
2021-05-20,122854392,4784636,3607372,15797,500,0
2021-05-21,124066340,5113209,3901261,15797,0,0
2021-05-24,124454728,4398811,4010423,15993,696,500
2021-05-25,125091061,5144372,4508039,15497,200,696
2021-05-26,127386302,8324796,6029555,15497,0,0
2021-05-27,125089209,16165106,18462199,47900,32603,200
2021-05-28,128589080,12738636,9238765,15797,0,32103
2021-05-31,129910183,14331996,13010893,17297,1500,0
2021-06-01,146586599,34730316,18053900,41996,26200,1501
2021-06-02,147780886,23606910,22412623,32000,8004,18000
2021-06-03,151738385,16221339,12263840,32496,16200,15704
2021-06-04,153649995,15232958,13321348,25416,7504,14584
2021-06-07,158760374,17637083,12509649,25162,7250,7504
2021-06-08,145064160,12222148,25918362,38152,20240,7250
2021-06-09,146850723,11978388,10191825,23896,6512,20768
2021-06-10,149213966,17105361,14742118,26393,7806,5309
2021-06-11,139363549,13088615,22939032,19987,2400,8806
2021-06-15,134673627,18267270,22957192,35699,18300,2588
2021-06-16,143198702,32833245,24308170,21199,300,14800
2021-06-17,174076041,64425270,33547931,42200,21801,800
2021-06-18,166110401,31222042,39187682,24596,0,17604
2021-06-21,172259003,31035959,24887357,18718,0,5878
2021-06-22,191311361,41710443,22658085,4251,0,14467
2021-06-23,175431278,29591819,45471902,26292,22041,0
2021-06-24,173199613,19219794,21451459,12173,1300,15419
2021-06-25,167061119,16488728,22416576,19007,8134,1300
2021-06-28,172971583,31398232,25487768,24015,9108,4100
2021-06-29,172919628,21478702,21530657,21915,3000,5100
2021-06-30,204974656,67152639,35097611,37141,16226,1000
2021-07-01,203902508,64409311,65481459,32542,300,4899
2021-07-02,215307759,42604171,31198920,34715,3700,1527
2021-07-05,214116537,35884487,37075709,33615,1800,2900
2021-07-06,229265654,39769011,24619894,20364,2300,15551
2021-07-07,228508805,17439825,18196674,4173,4173,20364
2021-07-08,237489327,44623104,35642582,25392,22472,1253
2021-07-09,221136987,16686252,33038592,9856,6782,22318
2021-07-12,222045826,27863208,26954369,20606,13050,2300
2021-07-13,225519415,29228427,25754838,5050,2800,18356
2021-07-14,220391203,22182726,27310938,3050,1200,3200
2021-07-15,206420815,6579700,20550088,2850,0,200
2021-07-16,181126889,14189252,39483178,2850,0,0
2021-07-19,163663955,14709499,32172433,3850,1000,0
2021-07-20,159149205,8279620,12794370,3650,0,200
2021-07-21,162421778,32068157,28795584,6000,2350,0
2021-07-22,219118218,80150184,23453744,5650,0,350
2021-07-23,222549035,49872677,46441860,3650,0,2000
2021-07-26,270445306,106848092,58951821,5950,2300,0
2021-07-27,282315745,110574071,98703632,5950,0,0
2021-07-28,280021317,50537245,52831673,92892,86942,0
2021-07-29,272470930,66607364,74157751,497905,405013,0
2021-07-30,280180514,51269704,43560120,650480,173317,20742
2021-08-02,252760083,38312104,65136112,655680,30300,25100
2021-08-03,227590267,24036880,49206696,837986,200706,18400
2021-08-04,218450009,25111826,34330684,922930,110819,25875
2021-08-05,202806534,35806553,51450028,1231990,326960,17900
2021-08-06,225761649,57872843,34917728,1276134,71804,27660
2021-08-09,205438175,29621999,49945473,1274634,15813,17313
2021-08-10,202206911,30150112,33381376,1287602,30781,17813
2021-08-11,204753977,25047236,24280330,1261816,14027,39813
2021-08-12,206203602,30368812,28919187,1262736,12915,11995
2021-08-13,193677942,22749293,35274953,1263737,13136,12135
2021-08-16,182202077,10340723,21816588,1253085,8703,19355
2021-08-17,196745504,30091411,15547984,1258370,24171,18886
2021-08-18,189370604,6897797,14272697,1258927,10673,10116
2021-08-19,180189030,5384968,14566542,1260397,10486,9016
2021-08-20,171255431,20711314,29644913,1259954,13200,13643
2021-08-23,163239289,22968029,30984171,1263747,21659,17866
2021-08-24,156346172,11619686,18512803,1245808,8678,26617
2021-08-25,157814577,12991006,11522601,1211997,0,33811
2021-08-26,159017199,9924353,8721731,1213085,1088,0
2021-08-27,162464081,11188271,7741389,1212997,1000,1088
2021-08-30,166542362,20264573,16186292,1212997,1000,1000
2021-08-31,166092474,10841283,11291171,1212997,1000,1000
2021-09-01,153627828,7872476,20337122,1212997,400,400
2021-09-02,159718775,19100842,13009895,1212997,1000,1000
2021-09-03,161908580,17313674,15123869,1212997,1000,1000
2021-09-06,165258456,8793895,5444019,1214151,2154,1000
2021-09-07,170780608,19103802,13581650,1213080,1083,2154
2021-09-08,175426944,10901794,6255458,1220479,8482,1083
2021-09-09,168949279,10108604,16586269,1221828,8955,7606
2021-09-10,176601608,38761380,31109051,1222497,9100,8431
2021-09-13,182272097,16670360,10999871,1222019,822,1300
2021-09-14,183761033,8318388,6829452,1221819,0,200
2021-09-15,177995583,2602584,8195097,1219915,2166,3655
2021-09-16,159182487,7560111,26373207,1220542,5690,5063
2021-09-17,167854469,12815449,4143467,1219497,8000,9045
2021-09-22,166888421,5312218,6278266,1211497,0,8000
2021-09-23,176106056,19259011,10041376,1211497,0,0
2021-09-24,176182710,5999566,5922912,1211497,0,0
2021-09-27,174347533,8613278,10448455,1211497,0,0
2021-09-28,179120334,13664031,8891230,1211497,0,0
2021-09-29,174825917,10756926,15051343,1211497,0,0
2021-09-30,160774759,3203703,17254861,1211497,0,0
2021-10-08,159772875,10132685,11134569,1211497,0,0
2021-10-11,161933866,6946364,4785373,1211497,0,0
2021-10-12,163599133,5296969,3631702,1213897,2400,0
2021-10-13,159765316,1906387,5740204,1211558,0,2339
2021-10-14,159102377,3009456,3672395,1213380,1822,0
2021-10-15,154957990,5748284,9892671,1235994,24497,1883
2021-10-18,156736786,5294801,3516005,1237406,3112,1700
2021-10-19,159868333,5574067,2442520,1240480,6623,3549
2021-10-20,160367563,2926223,2426993,1241687,2107,900
2021-10-21,159370891,1835962,2832634,1239600,2671,4758
2021-10-22,157672650,9628872,11327113,1238307,4160,5453
2021-10-25,156555004,2138826,3256472,1240057,8050,6300
2021-10-26,157596601,5652017,4610420,1240440,8456,8073
2021-10-27,148084706,6468240,15980135,1256381,23941,8000
2021-10-28,152590356,19337422,14831772,1274113,30941,13209
2021-10-29,139363239,10106093,23333210,1295427,32514,11200
2021-11-01,136685138,15943490,18621591,1297290,18478,16615
2021-11-02,135103527,10288751,11870362,1317820,35346,14816
2021-11-03,134375793,5160887,5888621,1322311,22378,17887
2021-11-04,137369417,9068158,6074534,1327042,13994,9263
2021-11-05,140024363,8725455,6070509,1330178,10397,7261
2021-11-08,145426311,11474792,6072844,1330942,15449,14685
2021-11-09,140551343,7176941,12051909,1328910,15303,17335
2021-11-10,136564652,8497399,12484090,1335211,17763,11462
2021-11-11,141101571,18616662,14079743,1334827,13537,13921
2021-11-12,140981585,9400787,9520773,1331456,11500,14871
2021-11-15,145103381,11273052,7151256,1322564,5308,14200
2021-11-16,146747760,8886422,7242043,1317242,9993,15315
2021-11-17,146300091,8287299,8734968,1322019,14877,10100
2021-11-18,144954696,7578266,8923661,1325246,9552,6325
2021-11-19,148578762,13594083,9970017,1327263,16022,14005
2021-11-22,161639279,23353983,10293466,1324631,13945,16577
2021-11-23,164502900,17122288,14258667,1311907,10728,23452
2021-11-24,163288596,11547611,12761915,1316316,15240,10831
2021-11-25,159359936,11481171,15409831,1313419,12909,15806
2021-11-26,152276845,4246783,11329874,1303316,14206,24309
2021-11-29,142448860,4164828,13992813,1298641,10122,14797
2021-11-30,146699195,12842299,8591964,1299908,10346,9079
2021-12-01,145249105,4563017,6013107,1291728,10982,19162
2021-12-02,144042874,4642476,6112118,1292028,5300,5000
2021-12-03,145326054,6246441,4895376,1290115,6149,8062
2021-12-06,143218636,6263100,8370518,1289889,7401,7627
2021-12-07,144715630,12708721,11211727,1297198,20316,13007
2021-12-08,138625020,3897051,9987661,1288333,1984,10849
2021-12-09,137434611,7486329,8676738,1272878,1500,16955
2021-12-10,148551756,16794658,5677513,1274078,2800,1600
2021-12-13,151889834,7657878,4319800,1288590,16819,2307
2021-12-14,151934606,4826182,4781410,1270813,2200,19977
2021-12-15,165385452,20363740,6912894,1269585,2200,3428
2021-12-16,167382897,5489856,3491354,1269257,1800,2128
2021-12-17,171864520,10769654,6288031,1276480,8623,1400
2021-12-20,174504106,5513323,2873737,1274668,2230,4042
2021-12-21,175889721,10591896,8804308,1278326,7123,3465
2021-12-22,172081125,5992281,9800877,1276446,3918,5798
2021-12-23,174126654,6662273,4616744,1291535,19291,4202
2021-12-24,169951863,3660872,7835663,1290749,2582,3368
