日期,融资余额(元),融资买入额(元),融资偿还额(元),融券余量,融券卖出量,融券偿还量
2020-10-19,1189466,1237020,47554,0,0,0
2020-10-20,2064051,1716836,842251,0,0,0
2020-10-21,4847724,2932222,148549,0,0,0
2020-10-22,24592144,21858098,2113678,0,0,0
2020-10-23,39501176,15189774,280742,0,0,0
2020-10-26,41513872,3177246,1164550,0,0,0
2020-10-27,44104581,3364442,773733,0,0,0
2020-10-28,46473763,3900965,1531783,0,0,0
2020-10-29,47426113,1946408,994058,0,0,0
2020-10-30,52197045,6634831,1863899,0,0,0
2020-11-02,61804933,14208620,4600732,0,0,0
2020-11-03,72481442,15171688,4495179,0,0,0
2020-11-04,73691403,2162520,952559,0,0,0
2020-11-05,76983172,5810584,2518815,0,0,0
2020-11-06,91435508,26540944,12088608,0,0,0
2020-11-09,89738281,2767536,4464763,0,0,0
2020-11-10,89825063,1415731,1328949,0,0,0
2020-11-11,106274980,20138158,3688241,0,0,0
2020-11-12,179194066,86825604,13906518,0,0,0
2020-11-13,224380143,58656213,13744035,1000,1000,0
2020-11-16,239844379,19479429,4015193,1000,0,0
2020-11-17,261164221,29008554,7688712,1000,0,0
2020-11-18,280033321,27378643,8509543,1000,0,0
2020-11-19,280100714,8094424,8027031,1000,0,0
2020-11-20,277854885,1504658,3750487,1000,0,0
2020-11-23,281335112,6933427,3453200,1000,0,0
2020-11-24,290146883,19986680,11174909,1000,0,0
2020-11-25,305907419,17279257,1518721,1000,0,0
2020-11-26,311380196,12648894,7176117,1000,0,0
2020-11-27,310733033,1527877,2175040,1000,0,0
2020-11-30,317888161,15607969,8452841,1000,0,0
2020-12-01,305133317,5713034,18467878,1000,0,0
2020-12-02,304074353,1408278,2467242,1000,0,0
2020-12-03,309564907,7605317,2110672,1000,0,0
2020-12-04,311023325,13721479,12263061,1000,0,0
2020-12-07,330146664,27025493,7902154,1000,0,0
2020-12-08,346784731,22575430,5937363,1000,0,0
2020-12-09,392606999,49542440,3720172,1000,0,0
2020-12-10,429323779,68925739,32208959,0,0,1000
2020-12-11,491255458,95246279,33314600,0,0,0
2020-12-14,525237717,52575408,18593149,0,0,0
2020-12-15,548556950,27675754,4356521,8400,8400,0
2020-12-16,563524746,21689384,6721588,18400,10000,0
2020-12-17,564213631,6252269,5563384,18300,0,100
2020-12-18,562735448,3859761,5337944,41900,30300,6700
2020-12-21,566801791,11350182,7283839,45900,6000,2000
2020-12-22,571346594,11818055,7273252,74086,28186,0
2020-12-23,577047693,18930175,13229076,88886,15300,500
2020-12-24,582411204,11904978,6541467,118586,30100,400
2020-12-25,591437514,13045972,4019662,170986,57600,5200
2020-12-28,587361784,4955498,9031228,177686,26800,20100
2020-12-29,593336417,9375527,3400894,176786,12300,13200
2020-12-30,602035999,12333488,4115009,208186,35000,3600
2020-12-31,610793960,13423418,4665457,221941,17655,3900
2021-01-04,620670249,15794431,5918142,228441,12500,6000
2021-01-05,622968555,21855224,19586401,259097,33356,2700
2021-01-06,630440849,19589180,12116886,250297,10600,19400
2021-01-07,627522632,8090137,11521917,259597,9300,2000
2021-01-08,623486482,7620186,11641404,283097,24000,500
2021-01-11,622998619,10996755,11484618,259697,5000,28400
2021-01-12,623106249,4981438,4873808,248097,0,11600
2021-01-13,636444626,18169211,4830834,220776,12979,40300
2021-01-14,642687320,11259230,5016536,211776,4000,13000
2021-01-15,645560774,10791312,7917858,208976,7500,10300
2021-01-18,647944133,8113163,5729804,220116,17700,6560
2021-01-19,652805324,9391919,4530728,236071,23555,7600
2021-01-20,648160589,3482177,8126912,225171,4800,15700
2021-01-21,663599670,30302201,14863120,237571,17100,4700
2021-01-22,659610260,9331010,13317534,239288,10817,9100
2021-01-25,658647524,10117030,11079766,238688,14800,15400
2021-01-26,645744317,10739956,23643163,262788,26200,2100
2021-01-27,651893846,14729894,8580365,283902,21614,500
2021-01-28,673304356,38447238,17036728,254247,9400,39055
2021-01-29,666028974,14312110,21587492,236747,3700,21200
2021-02-01,673812556,12443413,4650316,235847,1600,2500
2021-02-02,671583831,9621966,11805146,246947,10000,600
2021-02-03,675484178,6987069,3086722,245707,4200,5440
2021-02-04,693584135,21590580,3490623,244407,600,1900
2021-02-05,697747913,8203574,4039796,248407,5900,1900
2021-02-08,697388163,5097427,5457177,258807,10400,0
2021-02-09,697092100,7287926,7623702,252607,2000,8300
2021-02-10,703306726,16793147,10578521,245107,9400,16900
2021-02-18,704084113,15471023,14693636,299907,55000,200
2021-02-19,712031978,16894814,8946949,312092,12385,200
2021-02-22,741208312,42496999,13320665,302692,600,10000
2021-02-23,755717865,20780196,6270643,251392,800,52100
2021-02-24,779942660,31629308,7404513,252007,5900,5285
2021-02-25,788619936,13868367,5191091,266607,16300,1700
2021-02-26,787366601,3251410,4504745,254607,900,12900
2021-03-01,790105684,7637203,4898120,266232,12025,400
2021-03-02,794329787,8662093,4437990,267032,3600,2800
2021-03-03,795133882,3531630,2727535,267532,3400,2900
2021-03-04,803040466,16302242,8395658,270432,7300,4400
2021-03-05,771380515,6703422,38363373,266132,4000,8300
2021-03-08,792193904,26822500,6009111,268332,10500,8300
2021-03-09,799242027,12297795,5249672,267432,7500,8400
2021-03-10,815438407,18451622,2255242,258932,1200,9700
2021-03-11,817487381,5607483,3558509,276432,18600,1100
2021-03-12,818350010,5480362,4617733,281532,11400,6300
2021-03-15,822587371,8316258,4078897,287132,14700,9100
2021-03-16,823576315,4760600,3771656,277132,10000,20000
2021-03-17,823325902,2763927,3014340,286632,18000,8500
2021-03-18,824317049,3541308,2550161,291832,6300,1100
2021-03-19,826121986,3692275,1887338,292632,7000,6200
2021-03-22,829747542,5830303,2204747,283832,4800,13600
2021-03-23,814893131,2845477,17699888,297632,18800,5000
2021-03-24,819850658,7161813,2204286,301797,8800,4635
2021-03-25,825089253,10693668,5455073,289357,5060,17500
2021-03-26,837186566,14275556,2178243,311957,27000,4400
2021-03-29,850093688,15681308,2774186,320057,21000,12900
2021-03-30,856015714,7968192,2046166,328457,20900,12500
2021-03-31,856165466,1537706,1387954,336857,25800,17400
2021-04-01,858261587,4694943,2598822,327737,6900,16020
2021-04-02,861513284,6094874,2843177,311237,1200,17700
2021-04-06,866602529,8452170,3362925,327337,18400,2300
2021-04-07,866996392,1741636,1347773,314637,6500,19200
2021-04-08,871998592,6133588,1131388,314937,900,600
2021-04-09,875309784,37200564,33889372,326237,13100,1800
2021-04-12,859627700,15737919,31420003,378837,58300,5700
2021-04-13,868744629,18880529,9763600,351037,1700,29500
2021-04-14,869393478,1757524,1108675,361372,17100,6765
2021-04-15,874215999,7252638,2430117,364872,4700,1200
2021-04-16,872047803,2292763,4460959,366972,7800,5700
2021-04-19,872276493,6718210,6489520,363772,0,3200
2021-04-20,874300832,8724575,6700236,367236,7464,4000
2021-04-21,878727176,9617537,5191193,362428,7492,12300
2021-04-22,879746126,4927542,3908592,360628,6800,8600
2021-04-23,880603514,6479907,5622519,365228,6900,2300
2021-04-26,889983134,19176339,9796719,357428,8900,16700
2021-04-27,886721860,6635198,9896472,369328,17500,5600
2021-04-28,884556030,5620176,7786006,345428,2600,26500
2021-04-29,850942896,8522085,42135219,354628,9200,0
2021-04-30,790092569,4446073,65296400,354728,400,300
2021-05-06,794753983,9166112,4504698,354528,3700,3900
2021-05-07,803437476,13525596,4842103,365250,10722,0
2021-05-10,786508082,11938918,28868312,365350,5100,5000
2021-05-11,785921221,2512793,3099654,363550,4400,6200
2021-05-12,783953834,4583502,6550889,359750,6500,10300
2021-05-13,784429110,2635672,2160396,364650,11000,6100
2021-05-14,783826562,3208319,3810867,361450,10200,13400
2021-05-17,783474488,5623034,5975108,369550,11700,3600
2021-05-18,779953117,1365038,4886409,365950,1600,5200
2021-05-19,780216530,3366426,3103013,378350,12400,0
2021-05-20,779723870,3217711,3710371,378650,2000,1700
2021-05-21,782472286,5556257,2807841,370750,2400,10300
2021-05-24,782069633,3197911,3600564,354750,3800,19800
2021-05-25,805707446,25691709,2053896,353450,3000,4300
2021-05-26,827324915,30210715,8593246,338199,0,15251
2021-05-27,852377145,28354472,3302242,338099,300,400
2021-05-28,881755592,36827913,7449466,343499,8700,3300
2021-05-31,896319693,22352774,7788673,329099,6100,20500
2021-06-01,899974279,8363641,4709055,331129,14130,12100
2021-06-02,905036369,9980151,4918061,282673,2600,51056
2021-06-03,906914450,4110641,2232560,273348,5600,14925
2021-06-04,905099300,1786942,3602092,233112,3900,44136
2021-06-07,904259674,3702358,4541984,217804,12500,27808
2021-06-08,903378630,1982606,2863650,253286,6900,58540
2021-06-09,901798049,4106000,5686581,172037,5200,86449
2021-06-10,902995881,5099906,3902074,169877,1840,4000
2021-06-11,914656706,13250290,1589465,169877,0,0
2021-06-15,915022425,3119769,2754050,169677,0,200
2021-06-16,913139076,4980377,6863726,232914,67737,4500
2021-06-17,916044466,6683294,3777904,272634,40120,400
2021-06-18,911242616,1890751,6692601,288934,19900,3600
2021-06-21,905328830,1348804,7262590,330111,47857,6680
2021-06-22,905276396,3406758,3459192,373191,48080,5000
2021-06-23,905169513,2467885,2574768,421031,50140,2300
2021-06-24,905400168,2006929,1776274,472671,57140,5500
2021-06-25,909996282,7235476,2639362,501191,34040,5520
2021-06-28,908726266,4276070,5546086,524131,27620,4680
2021-06-29,904572030,3383456,7537692,569862,49631,3900
2021-06-30,903840811,1816977,2548196,596422,36660,10100
2021-07-01,900066677,2599458,6373592,597222,1600,800
2021-07-02,901737914,5383757,3712520,602202,5200,220
2021-07-05,902672730,3605693,2670877,606462,7860,3600
2021-07-06,910789693,10858073,2741110,619822,18760,5400
2021-07-07,910509369,2264943,2545267,641142,35520,14200
2021-07-08,910120688,3346066,3734747,659862,18820,100
2021-07-09,913098878,6317530,3339340,674822,22280,7320
2021-07-12,909703636,1524906,4920148,676222,1700,300
2021-07-13,906641622,721871,3783885,681922,5800,100
2021-07-14,906656447,2282209,2267384,681062,1200,2060
2021-07-15,906465966,2553789,2744270,680462,200,800
2021-07-16,910337886,13558687,9686767,698762,18500,200
2021-07-19,913589063,6194865,2943688,694502,1640,5900
2021-07-20,915100433,4614632,3103262,702402,10300,2400
2021-07-21,913959101,3112157,4143032,702502,6900,6800
2021-07-22,916016266,12802728,10745563,705542,6900,3860
2021-07-23,963582680,52930227,5363813,709529,17287,13300
2021-07-26,970492661,33818645,26908664,710229,1700,1000
2021-07-27,978633897,18285174,10143938,712129,2900,1000
2021-07-28,979964645,16185990,14855242,705729,5100,11500
2021-07-29,980574540,3762060,3152165,706729,1000,0
2021-07-30,981122090,2697477,2149927,717789,18200,7140
2021-08-02,978809968,4500226,7066752,672789,2400,47400
2021-08-03,979933142,8000319,6877145,643329,16800,46260
2021-08-04,979275160,8027280,8685262,631389,800,12740
2021-08-05,974371608,9833459,14737011,633589,12100,9900
2021-08-06,969363776,5696379,10704211,651100,19600,2089
2021-08-09,970736245,8134799,6762330,623460,3700,31340
2021-08-10,967805717,5439706,8189727,607160,6000,22300
2021-08-11,967794832,9964583,10216661,615860,11900,3200
2021-08-12,964186212,5950351,9558971,611340,3300,7820
2021-08-13,942633070,4718991,26272133,610840,500,1000
2021-08-16,948385394,13636839,7884515,610920,16960,16880
2021-08-17,946791135,4449100,6043359,606720,3100,7300
2021-08-18,938076858,3329942,12044219,604620,300,2400
2021-08-19,935486092,11628217,14218983,591200,1300,14720
2021-08-20,940151750,9035049,4369391,597400,7700,1500
2021-08-23,931436949,5646830,14361631,606800,10600,1200
2021-08-24,942531060,15644763,4550652,607600,1300,500
2021-08-25,938231055,3327302,7627307,603000,900,5500
2021-08-26,936338978,7625827,9517904,608500,6000,500
2021-08-27,922854115,3222197,16707060,611400,3600,700
2021-08-30,917032046,11257220,17079289,650240,39140,300
2021-08-31,923821294,9779721,2990473,653640,14000,10600
2021-09-01,953517105,31374847,1679036,643640,4500,14500
2021-09-02,975439126,23549658,1627637,638631,12191,17200
2021-09-03,964989209,1173505,11623422,633631,5200,10200
2021-09-06,981140869,18310883,2159223,633131,4900,5400
2021-09-07,949334179,9458840,41265530,646631,14500,1000
2021-09-08,935568744,8973755,22739190,643231,1400,4800
2021-09-09,930513137,12842045,17897652,643791,3500,2940
2021-09-10,920098403,2498049,12912783,630591,1000,14200
2021-09-13,920204262,8985775,8879916,679391,55100,6300
2021-09-14,919605007,12707616,13306871,703091,24800,1100
2021-09-15,925067834,14228453,8865256,748391,55400,12200
2021-09-16,930708542,7747326,2106618,751691,3600,300
2021-09-17,930401963,3404182,3710761,760451,21460,12700
2021-09-22,929566209,1669655,2505409,768771,9620,1300
2021-09-23,927521867,996826,3041168,756871,2700,14600
2021-09-24,926286391,907588,2143064,735211,2100,23760
2021-09-27,925585727,3405833,4106497,748811,17200,3600
2021-09-28,926908561,2330001,1007167,755556,8345,1600
2021-09-29,928807132,5029900,3131329,757056,6600,5100
2021-09-30,925858073,1695437,4644496,760356,3300,0
2021-10-08,924005878,5024045,6876240,753756,1800,8400
2021-10-11,905897568,10424912,28533222,759656,10100,4200
2021-10-12,897827140,1339299,9409727,759433,2500,2723
2021-10-13,886757010,2061818,13131948,765073,5900,260
2021-10-14,884030752,1178157,3904415,763673,0,1400
2021-10-15,872314061,2093513,13810204,746073,300,17900
2021-10-18,874871937,11811286,9253410,753373,7540,240
2021-10-19,873250937,6117554,7738554,750453,900,3820
2021-10-20,882913567,18599251,8936621,749253,9500,10700
2021-10-21,898596899,16370847,687515,758753,12000,2500
2021-10-22,900576509,3626788,1647178,752913,2400,8240
2021-10-25,904715007,5419210,1280712,758073,8200,3040
2021-10-26,906709032,5093046,3099021,759393,4720,3400
2021-10-27,909733632,4114429,1089829,779085,22792,3100
2021-10-28,908100651,5884384,7517365,783785,5500,800
2021-10-29,909744734,5204139,3560056,764385,400,19800
2021-11-01,914170437,7973868,3548165,764585,2900,2700
2021-11-02,914462071,9335415,9043781,764585,800,800
2021-11-03,896651369,1087905,18898607,761785,1100,3900
2021-11-04,892366800,1012939,5297508,767685,6000,100
2021-11-05,878136654,2543309,16773455,768465,1200,420
2021-11-08,875366427,348537,3118764,765965,500,3000
2021-11-09,871992851,1137410,4510986,763405,800,3360
2021-11-10,868227107,1106316,4872060,766205,2900,100
2021-11-11,868830526,4794671,4191252,766705,2800,2300
2021-11-12,872780335,11574979,7625170,774405,9700,2000
2021-11-15,874082071,6052390,4750654,763846,5800,16359
2021-11-16,900693082,29204222,2593211,777546,15400,1700
2021-11-17,902178627,3461170,1975625,764946,6800,19400
2021-11-18,899124939,10400663,13454351,744846,900,21000
2021-11-19,921511478,45432055,23045516,733906,400,11340
