日期,融资余额(元),融资买入额(元),融资偿还额(元),融券余量,融券卖出量,融券偿还量
2020-10-23,41808623,45270043,3461420,0,0,0
2020-10-26,40113386,24884217,26579454,752973,752973,0
2020-10-27,44226115,19485070,15372341,771217,68774,50530
2020-10-28,46524073,14949409,12651451,776785,31574,26006
2020-10-29,47048020,12632801,12108854,801102,44432,20115
2020-10-30,41441829,12507442,18113633,819114,25731,7719
2020-11-02,43916150,9928448,7454127,803434,45449,61129
2020-11-03,38352010,5148379,10712519,785242,23489,41681
2020-11-04,39067966,9732167,9016211,786576,49370,48036
2020-11-05,40032368,9623777,8659375,770515,39652,55713
2020-11-06,35476621,4726237,9281984,763602,40273,47186
2020-11-09,34105867,6733310,8104064,744602,19347,38347
2020-11-10,38432023,17042197,12716041,722608,61437,83431
2020-11-11,40263103,9092443,7261363,722523,18201,18286
2020-11-12,31500469,6996465,15759099,617801,26205,130927
2020-11-13,29546445,3948809,5956016,642695,55063,30169
2020-11-16,26575375,3721116,6692186,633454,15290,24531
2020-11-17,29922783,11947294,8599886,722136,134956,46274
2020-11-18,55106388,44670704,19487099,960170,304853,66819
2020-11-19,47878495,15349447,22577340,777024,49387,232533
2020-11-20,43289620,13547099,18135974,421176,0,355848
2020-11-23,43833798,15542703,14998525,313924,7500,31970
2020-11-24,43611972,6702796,6924622,319008,7684,2600
2020-11-25,37120294,7654901,14146579,379608,80300,19700
2020-11-26,37111754,6291194,6183902,481447,107174,5335
2020-11-27,35652541,5210882,6670095,513206,32459,700
2020-11-30,35200674,2744711,3196578,514365,1959,800
2020-12-01,36012841,3251865,2439698,514965,600,0
2020-12-02,35532129,3564410,4045122,508965,7600,13600
2020-12-03,36522816,3807619,2841218,470465,3100,41600
2020-12-04,37784921,3474539,2212434,438479,5941,37927
2020-12-07,37003799,2736953,3518075,438479,0,0
2020-12-08,37336262,1815672,1483209,439987,1508,0
2020-12-09,38424642,3977133,2888753,411960,0,28027
2020-12-10,38228519,1424358,1620481,477460,74600,9100
2020-12-11,38176294,1797808,1850033,462460,0,15000
2020-12-14,38152113,1905617,1929798,468562,6102,0
2020-12-15,37199936,1149644,2101821,455638,3036,15960
2020-12-16,36385023,4016149,4831062,456938,7980,6680
2020-12-17,34507939,2233591,4110675,451735,9797,15000
2020-12-18,34195314,838919,1151544,293493,58,158300
2020-12-21,33170397,361752,1386669,259110,0,34383
2020-12-22,33838775,1135705,467327,213457,34347,80000
2020-12-23,27420456,1175222,7593541,148633,0,64824
2020-12-24,26356234,1295604,2359826,148633,0,0
2020-12-25,27155971,1370360,570623,148633,0,0
2020-12-28,26806792,1492101,1841280,147752,0,881
2020-12-29,25793065,544693,1558420,147752,0,0
2020-12-30,26164114,1104499,733450,147752,0,0
2020-12-31,24822795,900369,2241688,147752,0,0
2021-01-04,24686615,1990441,2126621,147752,0,0
2021-01-05,23367319,623216,1930353,73188,0,74564
2021-01-06,22663061,645449,1349707,73188,0,0
2021-01-07,21901361,2028265,2789965,73188,0,0
2021-01-08,21807057,1004126,1098430,72188,0,1000
2021-01-11,22217713,1187689,762512,173688,101500,0
2021-01-12,24234765,2667393,650341,72188,0,101500
2021-01-13,21987463,895387,3142689,72188,0,0
2021-01-14,23200670,2361526,1148319,72188,0,0
2021-01-15,24082697,1956290,1074263,72188,0,0
2021-01-18,24506918,1681110,1256889,112188,40000,0
2021-01-19,25055938,2682208,2133188,112188,0,0
2021-01-20,27352067,3053479,757350,112188,0,0
2021-01-21,31391802,6351125,2311390,112188,0,0
2021-01-22,31148295,1691543,2019200,112188,0,0
2021-01-25,31023769,848823,973349,120152,7964,0
2021-01-26,30982577,1535713,1576905,127152,7000,0
2021-01-27,31235862,1418929,1165644,127152,0,0
2021-01-28,32438472,2621458,1418848,127152,0,0
2021-01-29,31959376,776008,1255104,127152,0,0
2021-02-01,30807243,1201069,2353202,131204,4052,0
2021-02-02,32665603,3062423,1260585,131204,0,0
2021-02-03,32748594,1693618,1610627,132604,1400,0
2021-02-04,30441473,2628029,4935150,132604,0,0
2021-02-05,30394719,1453216,1499970,132604,0,0
2021-02-08,31512105,1644749,527363,132604,0,0
2021-02-09,31913126,2252704,1849967,125416,0,7188
2021-02-10,30992338,1209467,2130255,119964,0,5452
2021-02-18,30823003,1557473,1726808,131432,11468,0
2021-02-19,32355827,4380823,2847999,177932,46500,0
2021-02-22,24274040,1624278,9706065,292602,114670,0
2021-02-23,23031296,796329,2039073,300032,7630,200
2021-02-24,23632188,1385470,784578,278680,200,21552
2021-02-25,24017890,1461787,1076085,300232,21552,0
2021-02-26,23303202,1297712,2012400,300232,0,0
2021-03-01,22850910,202474,654766,285810,5510,19932
2021-03-02,23747282,2438938,1542566,273518,0,12292
2021-03-03,23918402,1271846,1100726,258718,200,15000
2021-03-04,23850183,1456595,1524814,227578,4860,36000
2021-03-05,24739561,1613824,724446,243578,16000,0
2021-03-08,26757831,3584834,1566564,168560,0,75018
2021-03-09,26617656,726927,867102,122660,0,45900
2021-03-10,26534541,174128,257243,122660,0,0
2021-03-11,25242248,440944,1733237,122621,161,200
2021-03-12,24199679,854666,1897235,227721,105100,0
2021-03-15,24614139,627751,213291,227521,659,859
2021-03-16,24486975,414334,541498,227716,195,0
2021-03-17,23951667,822624,1357932,227756,40,0
2021-03-18,24097650,1483588,1337605,122556,700,105900
2021-03-19,23652257,1039961,1485354,111756,0,10800
2021-03-22,25152424,2106316,606149,111756,0,0
2021-03-23,25420337,565119,297206,111756,200,200
2021-03-24,24686880,175745,909202,111756,0,0
2021-03-25,24965075,584676,306481,189215,77459,0
2021-03-26,24729296,202432,438211,212856,27641,4000
2021-03-29,25169079,912998,473215,212856,400,400
2021-03-30,25327610,478301,319770,232456,19600,0
2021-03-31,25508799,500541,319352,232456,0,0
2021-04-01,24576944,486556,1418411,241656,9200,0
2021-04-02,24420804,686350,842490,241656,0,0
2021-04-06,23646981,184317,958140,241656,0,0
2021-04-07,23803607,915475,758849,241656,0,0
2021-04-08,23939295,424410,288722,241656,0,0
2021-04-09,24058147,198485,350913,192056,0,49600
2021-04-12,24478612,1134487,714022,192117,261,200
2021-04-13,24525934,294386,247064,192117,400,400
2021-04-14,24244558,172193,453569,192217,100,0
2021-04-15,24272511,248297,220344,192217,0,0
2021-04-16,25109537,2178479,1341453,77800,683,115100
2021-04-19,25056027,3241460,3294970,151286,74086,600
2021-04-20,24222305,2575118,3408840,77886,0,73400
2021-04-21,24648138,1068063,642230,73000,0,4886
2021-04-22,25162563,1241685,727260,257227,184227,0
2021-04-23,25445798,1889642,1606407,92927,0,164300
2021-04-26,25244563,855536,1056771,92927,0,0
2021-04-27,25624293,861690,481960,73000,0,19927
2021-04-28,25330760,722618,1016151,73000,0,0
2021-04-29,25007580,476800,799980,73000,0,0
2021-04-30,26268108,2339449,1078921,73000,0,0
2021-05-06,26647039,685834,306903,73000,0,0
2021-05-07,26624455,571796,594380,129085,56085,0
2021-05-10,26204334,478518,898639,143500,14415,0
2021-05-11,26840370,1768122,1132086,144740,1240,0
2021-05-12,27470249,1218724,588845,144740,0,0
2021-05-13,25532890,497896,2435255,144966,226,0
2021-05-14,24812658,1176601,1896833,254266,109300,0
2021-05-17,24936195,886779,763242,254266,0,0
2021-05-18,24221549,729705,1444351,254266,0,0
2021-05-19,25076144,1491564,636969,254266,0,0
2021-05-20,25218367,1301534,1159311,252800,0,1466
2021-05-21,24651657,631952,1198662,252800,0,0
2021-05-24,24648976,717817,720498,143500,0,109300
2021-05-25,24408326,898801,1139451,143500,0,0
2021-05-26,24653965,1387319,1141680,143500,0,0
2021-05-27,24887173,3793054,3559846,143500,0,0
2021-05-28,25323375,2109728,1673526,143500,0,0
2021-05-31,24661305,2456698,3118768,260000,116500,0
2021-06-01,30028675,9130783,3763413,143500,0,116500
2021-06-02,30953142,4839187,3914720,143500,0,0
2021-06-03,28210475,3453960,6196627,143500,0,0
2021-06-04,28311895,3385484,3284064,143500,0,0
2021-06-07,29070545,2144768,1403139,161600,18100,0
2021-06-08,27833679,1553368,2790234,177795,16195,0
2021-06-09,27462194,1902704,2274189,208300,30505,0
2021-06-10,28097152,2198217,1563259,208300,0,0
2021-06-11,28539552,2697998,2255598,208300,0,0
2021-06-15,28074410,1706162,2171304,173500,0,34800
2021-06-16,28618341,1899144,1355213,173500,0,0
2021-06-17,29529302,2091039,1180078,173500,0,0
2021-06-18,28599890,1378428,2307840,173500,0,0
2021-06-21,31022420,3823296,1400766,173500,0,0
2021-06-22,30365952,2168623,2825091,173500,0,0
2021-06-23,29757969,1707659,2315642,173500,0,0
2021-06-24,31111298,2257717,904388,173500,0,0
2021-06-25,32304811,3015255,1821742,286100,112600,0
2021-06-28,28826732,895614,4373693,286100,0,0
2021-06-29,28304241,1932814,2455305,286100,0,0
2021-06-30,28009284,2383949,2678906,286100,0,0
2021-07-01,28451749,3185208,2742743,177800,0,108300
2021-07-02,29086163,2801950,2167536,193615,15815,0
2021-07-05,27204547,2675782,4557398,193900,285,0
2021-07-06,24863428,2104739,4445858,218153,54253,30000
2021-07-07,27084360,5384838,3163906,218153,0,0
2021-07-08,29222456,4652907,2514811,222453,4300,0
2021-07-09,30098787,2618332,1742001,220053,0,2400
2021-07-12,26723994,4507674,7882467,220053,0,0
2021-07-13,27618286,2617186,1722894,221107,1054,0
2021-07-14,29377651,3527594,1768229,211330,6323,16100
2021-07-15,29995714,3501571,2883508,211930,600,0
2021-07-16,30018925,1386902,1363691,246130,34200,0
2021-07-19,30381673,2321157,1958409,246130,0,0
2021-07-20,32312233,3404277,1473717,241830,0,4300
2021-07-21,30832279,4980983,6426548,241830,0,0
2021-07-22,29571708,1369467,2630038,245321,3491,0
2021-07-23,32557126,5477424,2492006,264155,18834,0
2021-07-26,35556828,8165712,5166010,265053,18700,17802
2021-07-27,39278056,14697629,10976401,378701,113648,0
2021-07-28,34782739,3131868,7627185,401001,32200,9900
2021-07-29,37732295,11935188,8985632,406401,5700,300
2021-07-30,42643137,12948625,8037783,614201,234500,26700
2021-08-02,43073336,5906721,5476522,624401,12100,1900
2021-08-03,40068971,6598278,9602643,619828,5327,9900
2021-08-04,39194898,4197924,5141494,642080,76505,54253
2021-08-05,39208858,4223891,4209931,637680,5500,9900
2021-08-06,40494448,4924953,3639363,554432,23700,106948
2021-08-09,40064771,2480894,2910571,547932,3400,9900
2021-08-10,38799041,4896320,6162050,540132,19100,26900
2021-08-11,40431711,5818201,4003966,528332,1000,12800
2021-08-12,43062231,6478475,3847955,533532,6200,1000
2021-08-13,42911152,9057933,9209012,533732,11000,10800
2021-08-16,44357875,6909431,5462708,537932,5200,1000
2021-08-17,45395713,4744637,3706799,545658,13700,5974
2021-08-18,43578199,1829185,3646699,542258,41000,44400
2021-08-19,42200378,1742446,3120267,549158,7600,700
2021-08-20,43339513,3026875,1899549,549958,5800,5000
2021-08-23,40904183,3011826,5447156,550432,1474,1000
2021-08-24,37536327,1566999,4934855,557732,9600,2300
2021-08-25,36716260,2262858,3082925,571132,14400,1000
2021-08-26,39372385,5913754,3257629,571132,800,800
2021-08-27,36041611,1863501,5194275,571132,200,200
2021-08-30,35367030,1460391,2134972,565932,2800,8000
2021-08-31,36024116,2392527,1735441,519464,6064,52532
2021-09-01,35610333,2019150,2432933,503029,0,16435
2021-09-02,35945621,1412113,1076825,591740,88711,0
2021-09-03,35439827,2171604,2677398,596479,4739,0
2021-09-06,36810845,3093767,1722749,561979,8000,42500
2021-09-07,36607401,2029541,2232985,494709,10230,77500
2021-09-08,37675595,2070549,1002355,563375,78866,10200
2021-09-09,37530715,2115877,2260757,572875,9500,0
2021-09-10,37425266,1995094,2100543,590175,17600,300
2021-09-13,37475658,1047881,997489,488493,0,101682
2021-09-14,39624275,5430266,3281649,451393,0,37100
2021-09-15,39842322,522396,614430,444400,0,90658
2021-09-16,40757437,2510348,1595233,516600,87800,15600
2021-09-17,40041427,629908,1345918,511000,1800,7400
2021-09-22,40756282,1103877,389022,423200,0,87800
2021-09-23,40596387,1289861,1449756,423200,0,0
2021-09-24,39969643,861993,1488737,423200,0,0
2021-09-27,39324757,1048360,1693246,511000,87800,0
2021-09-28,39674831,671282,321208,579800,68800,0
2021-09-29,39179243,210252,705840,523594,10100,66306
2021-09-30,36341196,259889,3097936,493129,0,30465
2021-10-08,36705763,958700,594133,471538,0,21591
2021-10-11,37393769,924334,236328,515870,44332,0
2021-10-12,37529396,943577,807950,553500,37630,0
2021-10-13,36703738,866124,1691782,541000,0,12500
2021-10-14,36296706,276784,683816,567926,26926,0
2021-10-15,35472218,1007754,1832242,554726,0,13200
2021-10-18,34646407,433613,1259424,549426,0,5300
2021-10-19,34660722,536524,522209,547026,0,2400
2021-10-20,35068474,1431083,1023331,547026,0,0
2021-10-21,35692760,1437840,813554,578126,31100,0
2021-10-22,35183359,432742,942143,522326,14200,70000
2021-10-25,34605747,600054,1177666,522326,0,0
2021-10-26,34585285,318622,339084,468245,0,54081
2021-10-27,35132989,902440,354736,508300,40055,0
2021-10-28,35443893,906323,595419,444504,0,63796
2021-10-29,36083780,1214673,574786,393400,0,51104
2021-11-01,35829399,726038,980419,393400,0,0
2021-11-02,35100165,671519,1400753,393400,0,0
2021-11-03,34946018,33392,187539,389000,0,4400
2021-11-04,35122462,1556327,1379883,389000,0,0
2021-11-05,35869698,3009784,2262548,389000,0,0
2021-11-08,36931541,2959246,1897403,497051,108051,0
2021-11-09,37248792,3641671,3324420,389000,0,108051
2021-11-10,38726325,3267696,1790163,389000,0,0
2021-11-11,39530900,1890289,1085714,279900,5600,114700
2021-11-12,37672093,1866585,3725392,279900,0,0
2021-11-15,33434406,1413007,5650694,280500,600,0
2021-11-16,31997713,508784,1945477,280500,0,0
2021-11-17,31839208,705869,864374,280500,0,0
2021-11-18,32286137,1928315,1481386,280500,0,0
2021-11-19,32982750,1407064,710451,299756,19256,0
2021-11-22,35421062,3694923,1256611,299756,0,0
2021-11-23,36525666,2360887,1256283,293556,0,6200
2021-11-24,37279175,2823352,2069843,293556,0,0
2021-11-25,39297821,5269003,3250357,293556,0,0
2021-11-26,38284283,1351998,2365536,293556,0,0
2021-11-29,39231667,1749363,801979,283856,0,9700
2021-11-30,38608016,1227255,1850906,279680,5380,9556
2021-12-01,38840959,1195536,962593,279680,0,0
2021-12-02,40650836,2273062,463185,282380,2700,0
2021-12-03,40421927,1487759,1716668,282380,0,0
2021-12-06,42156134,2958589,1224382,282380,0,0
2021-12-07,37641449,1496743,6011428,269680,0,12700
2021-12-08,37926312,1089565,804702,272746,3066,0
2021-12-09,36746620,1440900,2620592,229346,0,43400
2021-12-10,37147250,1485555,1084925,224366,0,4980
2021-12-13,36145297,1693720,2695673,223966,0,400
2021-12-14,36612730,1073396,605963,188832,266,35400
2021-12-15,38316217,3171548,1468061,188832,0,0
2021-12-16,37734164,1123100,1626244,186366,0,2466
2021-12-17,37787021,1227552,1174695,154949,1983,33400
2021-12-20,38835620,2214825,1166226,158076,3393,266
2021-12-21,38771863,483308,602460,158076,0,0
2021-12-22,39285130,1347478,834211,157476,0,600
2021-12-23,40205206,3017904,2097828,157476,0,0
2021-12-24,40000311,1486763,1691658,240628,83152,0
