日期,融资余额(元),融资买入额(元),融资偿还额(元),融券余量,融券卖出量,融券偿还量
2021-03-16,23156226,24324444,1168218,483841,483841,0
2021-03-17,61909985,54774676,16020917,425937,48248,106152
2021-03-18,51123960,13240624,24026649,396632,38347,67652
2021-03-19,35701569,7474794,22897185,372564,11698,35766
2021-03-22,27948422,3809205,11562352,365643,22141,29062
2021-03-23,28967158,8517603,7498867,369038,41413,38018
2021-03-24,26367975,3337137,5936320,345029,17417,41426
2021-03-25,25858820,5187257,5696412,328392,33834,50471
2021-03-26,25601566,3158642,3415896,329173,16695,15914
2021-03-29,23434600,2001410,4168376,323181,6201,12193
2021-03-30,27227246,7543176,3750530,323983,5561,4759
2021-03-31,26093892,3042463,4175817,294848,6626,35761
2021-04-01,25913053,2231811,2412650,284378,3110,13580
2021-04-02,25335197,2817616,3395472,287781,16793,13390
2021-04-06,23866710,677099,2145586,252411,2728,38098
2021-04-07,22364669,1596394,3098435,258284,21301,15428
2021-04-08,24749718,5100482,2715433,250188,21041,29137
2021-04-09,24416808,1779647,2112557,230198,4799,24789
2021-04-12,23948289,1047773,1516292,26200,0,203998
2021-04-13,23783010,719631,884910,26200,0,0
2021-04-14,23738797,622244,666457,31800,5600,0
2021-04-15,22881389,648782,1506190,31800,0,0
2021-04-16,22357471,1000340,1524258,31800,0,0
2021-04-19,21186961,1604237,2774747,31800,0,0
2021-04-20,21104806,2036313,2118468,31800,0,0
2021-04-21,20298071,724376,1531111,31800,0,0
2021-04-22,19812645,1072321,1557747,31800,0,0
2021-04-23,21234330,1913206,491521,31800,0,0
2021-04-26,22897446,2644867,981751,39721,7921,0
2021-04-27,21703930,1855668,3049184,39721,0,0
2021-04-28,21695334,1997201,2005797,39721,0,0
2021-04-29,21147553,928139,1475920,39721,0,0
2021-04-30,19012076,859176,2994653,39721,0,0
2021-05-06,19425008,1273462,860530,39721,0,0
2021-05-07,18009643,783910,2199275,39721,0,0
2021-05-10,17829503,257213,437353,35521,800,5000
2021-05-11,14912774,296362,3213091,40921,5400,0
2021-05-12,15548784,902653,266643,35521,0,5400
2021-05-13,15934873,632320,246231,40921,5400,0
2021-05-14,15960455,617901,592319,35661,0,5260
2021-05-17,15962396,573223,571282,40721,5060,0
2021-05-18,16961337,1699654,700713,35521,0,5200
2021-05-19,17179634,1225086,1006789,38997,3476,0
2021-05-20,18095546,1008251,92339,51321,15800,3476
2021-05-21,17947774,319631,467403,22521,4600,33400
2021-05-24,18059340,380554,268988,20162,0,2359
2021-05-25,17865712,715646,909274,20674,2753,2241
2021-05-26,18514064,1866945,1218593,20521,2570,2723
2021-05-27,18603207,5499822,5410679,20721,2800,2600
2021-05-28,17816572,2053111,2839746,20521,2600,2800
2021-05-31,25265057,9647280,2198795,27014,9093,2600
2021-06-01,35268666,20053404,10049795,305283,280969,2700
2021-06-02,45817205,36288478,25739939,508398,240297,37182
2021-06-03,51515403,19768430,14070232,524131,35983,20250
2021-06-04,53356393,20546696,18705706,479752,16242,60621
2021-06-07,51141799,10270191,12484785,468400,20600,31952
2021-06-08,50272540,8627637,9496896,473460,37060,32000
2021-06-09,47694608,4175744,6753676,483500,24567,14527
2021-06-10,47742396,12566635,12518847,477921,17121,22700
2021-06-11,43558227,4266733,8450902,135893,17700,359728
2021-06-15,41767789,2836672,4627110,113123,2700,25470
2021-06-16,39209570,2555235,5113454,128123,17700,2700
2021-06-17,37316962,3108652,5001260,123923,17500,21700
2021-06-18,33481502,2726044,6561504,192923,86500,17500
2021-06-21,33711147,2680117,2450472,174217,7700,26406
2021-06-22,33224654,1478129,1964622,175497,19700,18420
2021-06-23,34579912,5647052,4291794,155907,9600,29190
2021-06-24,26148952,1494462,9925422,173282,36414,19039
2021-06-25,24871914,3911365,5188403,149896,14473,37859
2021-06-28,22557105,2456257,4771066,135869,9281,23308
2021-06-29,25844024,8729750,5442831,149181,25357,12045
2021-06-30,24410953,1124461,2557532,112447,9619,46353
2021-07-01,23932792,1695331,2173492,113236,7695,6906
2021-07-02,24205641,1858526,1585677,124927,26148,14457
2021-07-05,24766823,1879115,1317933,110800,5483,19610
2021-07-06,24164342,866897,1469378,106543,12153,16410
2021-07-07,26813776,3848200,1198766,120953,25196,10786
2021-07-08,28053483,2781131,1541424,118179,9552,12326
2021-07-09,27964649,959837,1048671,140902,25436,2713
2021-07-12,27971538,2205911,2199022,128339,3060,15623
2021-07-13,29562048,3081123,1490613,141716,15657,2280
2021-07-14,28947553,1170349,1784844,139445,3900,6171
2021-07-15,29017404,763763,693912,135724,5500,9221
2021-07-16,26930899,637130,2723635,144924,13500,4300
2021-07-19,24063408,346513,3214004,136177,9400,18147
2021-07-20,24574349,796975,286034,148108,14931,3000
2021-07-21,24665481,761331,734485,140474,9000,16634
2021-07-22,25892313,1825489,598657,154789,15115,800
2021-07-23,24981091,2017441,2928663,158614,9625,5800
2021-07-26,25864085,1792785,909791,150314,6400,14700
2021-07-27,23037756,1387410,4213739,151314,5500,4500
2021-07-28,23274443,2342546,2105859,165999,14685,0
2021-07-29,24597908,2332447,1008982,163844,10742,12897
2021-07-30,26664674,4848125,2781359,277505,120861,7200
2021-08-02,29571069,4413853,1615338,247911,29267,60861
2021-08-03,26283062,3111348,6399355,253134,10423,5200
2021-08-04,28553836,7673472,5402698,299747,47613,1000
2021-08-05,29223264,5559552,4890124,299579,8632,8800
2021-08-06,25472703,2195152,5945713,295916,7400,11063
2021-08-09,26135041,1596005,933667,289272,7216,13860
2021-08-10,25161632,795168,1768577,295131,11052,5193
2021-08-11,24415024,990845,1579856,298053,12107,9185
2021-08-12,22892130,2243644,3766538,327548,40461,10966
2021-08-13,23225631,1926820,1593319,331985,10837,6400
2021-08-16,23536789,1602763,1291605,320385,0,11600
2021-08-17,24520953,1842290,858126,286544,4000,37841
2021-08-18,25090330,1297784,728407,288644,5100,3000
2021-08-19,26075484,1989541,1004387,288644,0,0
2021-08-20,26078683,691210,688011,281644,0,7000
2021-08-23,25891770,601301,788214,277644,0,4000
2021-08-24,25966569,744784,669985,278744,1100,0
2021-08-25,24883038,1735562,2819093,281144,2400,0
2021-08-26,24589415,1245635,1539258,279644,0,1500
2021-08-27,27328874,4472168,1732709,279644,0,0
2021-08-30,35498201,10878645,2709318,318032,38388,0
2021-08-31,34554239,3720529,4664491,316732,0,1300
2021-09-01,34273485,1033742,1314496,318332,9100,7500
2021-09-02,33305487,890684,1858682,317015,0,1317
2021-09-03,32736841,1949044,2517690,325315,9800,1500
2021-09-06,32263699,824774,1297916,294773,1000,31542
2021-09-07,31110003,1772165,2925861,297773,3200,200
2021-09-08,31636280,851583,325306,297773,0,0
2021-09-09,30797383,2023914,2862811,325074,29830,2529
2021-09-10,29554914,1055177,2297646,321784,1726,5016
2021-09-13,29122339,1789357,2221932,331618,9834,0
2021-09-14,27712006,171135,1581468,328018,3500,7100
2021-09-15,27693241,682447,701212,332542,23359,18835
2021-09-16,27793362,1319657,1219536,337988,22785,17339
2021-09-17,28268088,1098368,623642,248553,0,89435
2021-09-22,28278329,350969,340728,248553,0,0
2021-09-23,29800225,2103247,581351,245453,700,3800
2021-09-24,28426393,869896,2243728,241153,1000,5300
2021-09-27,27026040,719390,2119743,241153,0,0
2021-09-28,24177103,271379,3120316,241153,0,0
2021-09-29,22809832,1277895,2645166,233953,0,7200
2021-09-30,22577980,240584,472436,227068,200,7085
2021-10-08,22659248,712497,631229,228168,1100,0
2021-10-11,22722192,189239,126295,229168,1000,0
2021-10-12,20337352,914747,3299587,228874,300,594
2021-10-13,20568003,751445,520794,240374,11500,0
2021-10-14,20158934,551952,961021,240374,0,0
2021-10-15,20667999,1218881,709816,239274,1000,2100
2021-10-18,20742243,805163,730919,257793,19619,1100
2021-10-19,20382126,451003,811120,238568,787,20012
2021-10-20,20419413,2366746,2329459,235168,1400,4800
2021-10-21,21105408,1634827,948832,263844,32637,3961
2021-10-22,21933638,1418949,590719,272246,9102,700
2021-10-25,21283994,841814,1491458,237742,133,34637
2021-10-26,23363564,2735860,656290,261367,27123,3498
2021-10-27,22974914,1206615,1595265,236244,400,25523
2021-10-28,23933122,2042313,1084105,239644,3400,0
2021-10-29,23535873,228417,625666,239644,0,0
2021-11-01,24691820,1735218,579271,239644,0,0
2021-11-02,24556380,573417,708857,239644,0,0
2021-11-03,24052888,79188,582680,238844,0,800
2021-11-04,22166427,626712,2513173,232568,1867,8143
2021-11-05,21711728,482498,937197,192568,0,40000
2021-11-08,21942620,1289701,1058809,193568,1000,0
2021-11-09,21468709,793898,1267809,111600,1100,83068
2021-11-10,21666544,2274267,2076432,144134,36934,4400
2021-11-11,22188770,925379,403153,117849,6000,32285
2021-11-12,21863577,551880,877073,109300,2100,10649
2021-11-15,22054419,1467891,1277049,109300,0,0
2021-11-16,21897094,691429,848754,109300,0,0
2021-11-17,22461402,832076,267768,109900,1000,400
2021-11-18,21218922,773768,2016248,110700,800,0
2021-11-19,21086568,407490,539844,99303,2603,14000
2021-11-22,20401626,547678,1232620,99303,0,0
2021-11-23,20278996,505193,627823,93403,0,5900
2021-11-24,21949029,2087701,417668,93403,0,0
2021-11-25,21293730,607146,1262445,96913,3510,0
2021-11-26,19828800,668293,2133223,95288,0,1625
2021-11-29,19175265,677407,1330942,102262,6974,0
2021-11-30,19485986,1566791,1256070,95459,0,6803
2021-12-01,19337502,805247,953731,97459,2000,0
2021-12-02,19110082,780592,1019672,81365,0,16094
2021-12-03,19551787,792812,351107,82365,1000,0
2021-12-06,20080214,978411,449984,89065,6700,0
2021-12-07,19322011,449202,1207405,83600,0,5465
2021-12-08,18974483,239560,587088,84825,1225,0
2021-12-09,20762576,2483832,695739,73906,0,10919
2021-12-10,20659844,185282,288014,73906,0,0
2021-12-13,20681437,437006,415413,72906,0,1000
2021-12-14,20674837,494209,500809,94155,21249,0
2021-12-15,20636259,686763,725341,109214,15059,0
2021-12-16,20230486,163777,569550,115771,6557,0
2021-12-17,19883717,733566,1080335,115771,0,0
2021-12-20,20240667,677802,320852,115771,0,0
2021-12-21,20884044,826601,229828,115771,0,0
2021-12-22,23800593,6104447,3187898,116089,1015,697
2021-12-23,23070188,4152362,4882767,80360,0,35729
2021-12-24,23364448,2411532,2117272,85260,4900,0
