日期,融资余额(元),融资买入额(元),融资偿还额(元),融券余量,融券卖出量,融券偿还量
2021-07-12,1874340,2130489,256149,0,0,0
2021-07-13,12487047,12098816,1486109,0,0,0
2021-07-14,18969536,15920756,9438267,0,0,0
2021-07-15,21891709,8643946,5721773,0,0,0
2021-07-16,21274716,6917380,7534373,0,0,0
2021-07-19,26720978,11453867,6007605,0,0,0
2021-07-20,20366970,2661240,9015248,0,0,0
2021-07-21,20004857,3185992,3548105,0,0,0
2021-07-22,17783258,5630955,7852554,0,0,0
2021-07-23,29604691,15806297,3984864,0,0,0
2021-07-26,24057653,4639008,10186046,0,0,0
2021-07-27,23386329,3226067,3897391,0,0,0
2021-07-28,22800713,3036164,3621780,0,0,0
2021-07-29,23515125,2612848,1898436,35600,35600,0
2021-07-30,20879536,3435125,6070714,83100,83100,35600
2021-08-02,20316448,2267430,2830518,83100,38900,38900
2021-08-03,20898778,3584516,3002186,83100,6500,6500
2021-08-04,20690727,2997301,3205352,64300,13300,32100
2021-08-05,21804398,5580346,4466675,83100,38900,20100
2021-08-06,21790604,3122284,3136078,387000,342800,38900
2021-08-09,19028588,1790952,4552968,379700,20600,27900
2021-08-10,19926059,3344583,2447112,237000,38900,181600
2021-08-11,25100152,7868289,2684187,183100,38900,92800
2021-08-12,23435675,2880198,4544675,182700,21600,22000
2021-08-13,23301194,3864537,3999018,182700,22600,22600
2021-08-16,23630597,3742104,3412701,138900,38900,82700
2021-08-17,19050171,2655770,7236196,138900,38900,38900
2021-08-18,20840852,3509801,1719120,135900,32600,35600
2021-08-19,20344793,1230245,1726304,240800,131600,26700
2021-08-20,20521912,819072,641953,228900,25200,37100
2021-08-23,24591740,7568464,3498636,240800,38900,27000
2021-08-24,21112513,4622628,8101855,132900,32900,140800
2021-08-25,29500555,14793061,6405019,340800,240800,32900
2021-08-26,28957949,15092274,15634880,340800,38900,38900
2021-08-27,24894627,5836625,9899947,340800,38900,38900
2021-08-30,27838206,11322434,8378855,340800,38900,38900
2021-08-31,50334800,30608551,8111957,238900,38900,140800
2021-09-01,50984675,20432166,19782291,238900,38900,38900
2021-09-02,57924689,20640601,13700587,238900,38900,38900
2021-09-03,51584619,9844315,16184385,238900,38900,38900
2021-09-06,46492322,9695608,14787905,138900,38900,138900
2021-09-07,58062731,24009328,12438919,140800,140800,138900
2021-09-08,84397990,58379749,32044490,138900,138900,140800
2021-09-09,99112467,62012697,47298220,240800,140800,38900
2021-09-10,82727273,20702236,37087430,240800,38900,38900
2021-09-13,92971523,36703770,26459520,138900,38900,140800
2021-09-14,86154098,14349290,21166715,138900,0,0
2021-09-15,88516978,29069515,23930353,240900,140900,38900
2021-09-16,83567040,25153913,30103851,240900,38900,38900
2021-09-17,74241123,13052482,22378399,38900,38900,240900
2021-09-22,87814822,27189236,13615537,0,0,38900
2021-09-23,78631160,15923750,25107412,0,0,0
2021-09-24,68072555,10741633,21300238,0,0,0
2021-09-27,68263798,11813220,11621977,0,0,0
2021-09-28,63820621,12601977,17045154,0,0,0
2021-09-29,69080734,24815085,19554972,0,0,0
2021-09-30,65024937,12280814,16336611,0,0,0
2021-10-08,78520273,21055102,7559766,0,0,0
2021-10-11,117951642,64768118,25336749,29500,29500,0
2021-10-12,102749876,32051992,47253758,29500,0,0
2021-10-13,85944008,12781095,29626803,29500,0,0
2021-10-14,87127864,12493901,11310045,29500,0,0
2021-10-15,88110502,11218510,10235872,29500,0,0
2021-10-18,92705687,25837346,21242161,29500,0,0
2021-10-19,80853239,17350336,29202784,29500,0,0
2021-10-20,74627806,15105725,21331158,0,0,29500
2021-10-21,80570650,18363933,12421089,0,0,0
2021-10-22,72894668,7888884,15564866,0,0,0
2021-10-25,72552128,6558734,6901274,0,0,0
2021-10-26,73225051,5654504,4981581,0,0,0
2021-10-27,64941320,3491617,11775348,0,0,0
2021-10-28,60887751,3446885,7500454,0,0,0
2021-10-29,59036219,1667823,3519355,0,0,0
2021-11-01,56098852,1846130,4783497,17000,17000,0
2021-11-02,56611253,3287507,2775106,265500,248500,0
2021-11-03,57929678,4567927,3249502,286200,262800,242100
2021-11-04,56224400,2601683,4306961,609028,442900,120072
2021-11-05,54461046,2894934,4658288,818828,496300,286500
2021-11-08,54574425,2122373,2008994,1238400,681000,261428
2021-11-09,52710126,733361,2597660,1421900,241900,58400
2021-11-10,49746144,1421443,4385425,1405800,253800,269900
2021-11-11,50318569,1950882,1378457,1431800,191700,165700
2021-11-12,50334851,1934337,1918055,1470760,175500,136540
2021-11-15,50317975,1277787,1294663,1298860,113700,285600
2021-11-16,49669455,2105185,2753705,1108328,53400,243932
2021-11-17,50804812,1751207,615850,1163128,54800,0
2021-11-18,50025083,4782444,5562173,858628,69500,374000
2021-11-19,50482928,3147798,2689953,854528,96700,100800
2021-11-22,51222057,3029319,2290190,984928,184100,53700
2021-11-23,50534549,2692547,3434421,1017728,107000,74200
2021-11-24,50144311,3639459,4029697,1017428,57100,57400
2021-11-25,46559265,1437689,5022735,1069728,84700,32400
2021-11-26,45190776,2325662,3694151,1183428,144700,31000
2021-11-29,44973731,1235120,1452165,1226108,102800,60120
2021-11-30,46612974,4213606,2574363,1112108,94200,208200
2021-12-01,44337222,1435268,3711020,1136488,131080,106700
2021-12-02,43304012,614193,1647312,1102188,49800,84100
2021-12-03,43601266,4375197,4077943,1280788,220600,42000
2021-12-06,45311975,5472770,3762061,1173288,104100,211600
2021-12-07,44844785,1738220,2205410,1157688,142300,157900
2021-12-08,46367305,2897224,1374704,955228,15300,217760
2021-12-09,43799644,2876615,5444276,966928,39400,27700
2021-12-10,44302887,2226007,1722764,921628,36000,81300
2021-12-13,47183003,5164994,2284878,949600,65700,37728
2021-12-14,47946444,3006816,1947122,954900,18100,12800
2021-12-15,47506929,3655572,4095087,971700,16800,0
2021-12-16,60853059,22720386,9731952,1788740,834540,17500
2021-12-17,52542096,6343135,14654098,1504940,0,283800
2021-12-20,55589410,7962999,4915685,1562040,71600,14500
2021-12-21,54058721,2939729,4217418,1440440,91100,212700
2021-12-22,54399526,3422774,3081969,1388040,2700,55100
2021-12-23,55983683,7035894,5451737,1175640,800,213200
2021-12-24,54180027,3264706,5068362,1017640,70200,228200
2021-12-27,54906672,2493077,1766432,1046140,79100,50600
2021-12-28,53488047,1343350,2761975,864640,0,181500
2021-12-29,53230031,994448,1252464,824240,31900,72300
2021-12-30,51910178,1978662,3298515,766740,12500,70000
2021-12-31,50661812,1112627,2360993,575640,3300,194400
2022-01-04,56917903,13899958,7643867,1314000,946100,207740
2022-01-05,52252574,2675678,7350792,866300,1300,449000
2022-01-06,52739753,3176400,2689221,804500,8200,70000
2022-01-07,51001716,2413453,3910458,697400,179600,286700
2022-01-10,53719922,4152516,1434310,679400,257000,275000
2022-01-11,52822673,2119210,3016459,694200,18500,3700
2022-01-12,54041162,2834654,1616165,778500,84300,0
2022-01-13,53272253,3610725,4379634,914100,235600,100000
2022-01-14,51549770,1026893,2749376,862100,81600,133600
2022-01-17,49269738,789524,3069556,848900,0,13200
2022-01-18,50043466,2453936,1680208,836900,1700,13700
2022-01-19,49247060,1954166,2750572,841800,4900,0
2022-01-20,47537981,1613908,3322987,773100,4700,73400
2022-01-21,48517036,13774094,12795039,926000,152900,0
2022-01-24,49086016,1377976,808996,999200,73200,0
2022-01-25,44159358,1536344,6463002,714700,128500,413000
2022-01-26,45580938,2452384,1030804,1108200,393500,0
2022-01-27,45147425,964036,1397549,1130800,22600,0
2022-01-28,43896138,470278,1721565,847300,49500,333000
2022-02-07,43458097,920523,1366392,605900,54000,295400
2022-02-08,42992363,716983,1182717,650000,45400,1300
2022-02-09,42777856,816115,1030622,651100,1100,0
2022-02-10,42101544,479070,1155382,672100,21000,0
2022-02-11,41345190,433933,1190287,676000,3900,0
2022-02-14,40971272,1102245,1476163,630900,0,45100
2022-02-15,40856141,1154806,1269937,675500,44600,0
2022-02-16,40211433,481090,1125798,588800,42100,128800
2022-02-17,40116637,599864,694660,627700,39200,300
2022-02-18,40262574,1204131,1058194,597500,49500,79700
2022-02-21,40506473,2259300,2015401,549400,14900,63000
2022-02-22,41221312,3042715,2327876,667300,122700,4800
2022-02-23,41134359,1848823,1935776,667300,0,0
2022-02-24,39666890,643320,2110789,683400,16100,0
2022-02-25,39966704,1919656,1619842,660300,16300,39400
2022-02-28,39484583,457030,939151,661400,1100,0
2022-03-01,39405916,774909,853576,628000,0,33400
2022-03-02,40009255,1864602,1261263,603600,0,24400
2022-03-03,42988678,5421648,2442225,653100,71100,21600
2022-03-04,40511623,1612739,4089794,452000,43300,244400
2022-03-07,41617327,2468575,1362871,426600,0,25400
2022-03-08,42099886,2033493,1550934,540200,116300,2700
2022-03-09,43621662,2897979,1376203,595700,68200,12700
2022-03-10,44697667,3974869,2898864,588800,13400,20300
2022-03-11,42531163,652399,2818903,559000,32100,61900
2022-03-14,42227710,792982,1096435,458300,100000,200700
2022-03-15,40521155,589502,2296057,696600,338300,100000
2022-03-16,40686505,1126893,961543,597760,99700,198540
2022-03-17,40854800,764635,596340,323660,108800,382900
2022-03-18,40668822,1333431,1519409,439460,131100,15300
2022-03-21,48954046,11680464,3395240,449260,45000,35200
2022-03-22,44662244,4361123,8652925,385300,40900,104860
2022-03-23,41989001,1771657,4444900,405700,20400,0
2022-03-24,41097830,3012052,3903223,401300,0,4400
2022-03-25,39789885,1313600,2621545,438200,124600,87700
2022-03-28,40471726,2679818,1997977,447400,46400,37200
2022-03-29,39815294,1250711,1907143,447400,0,0
2022-03-30,39795310,1687943,1707927,521600,74200,0
2022-03-31,39119119,2626672,3302863,654200,143200,10600
2022-04-01,41287281,3942903,1774741,543500,221500,332200
2022-04-06,38971841,550748,2866188,612300,68800,0
2022-04-07,40551343,2854254,1274752,612300,0,0
2022-04-08,38078230,1297168,3770281,897800,285500,0
2022-04-11,37600202,360532,838560,1016600,142100,23300
2022-04-12,38993176,2341235,948261,1032500,15900,0
2022-04-13,41389452,4743107,2346831,1028800,88200,91900
2022-04-14,47776709,11670877,5283620,1108600,213200,133400
2022-04-15,138871676,106275328,15180361,1504200,449200,53600
2022-04-18,132914006,9222067,15179737,1505600,53600,52200
2022-04-19,62333285,11374843,81955564,1010100,101400,596900
2022-04-20,57122412,3890558,9101431,1017700,61000,53400
2022-04-21,65622379,29579371,21079404,1659200,641500,0
2022-04-22,65489729,27717340,27849990,1399000,47300,307500
2022-04-25,54044184,2952229,14397774,1474500,75500,0
2022-04-26,47635111,2898336,9307409,1866560,549160,157100
2022-04-27,42811471,4435554,9259194,1797800,446900,515660
2022-04-28,42987974,5008303,4831800,1981900,425900,241800
2022-04-29,43089182,5251162,5149954,1395500,21700,608100
2022-05-05,40509371,2373225,4953036,1258400,0,137100
2022-05-06,39316648,1005451,2198174,1213200,47000,92200
2022-05-09,39546872,1563033,1332809,914000,18900,318100
2022-05-10,39835441,2270968,1982399,679500,51800,286300
2022-05-11,39234498,3292157,3893100,713100,85800,52200
2022-05-12,37441077,3241153,5034574,814300,153000,51800
2022-05-13,37399498,2580546,2738508,631600,52600,235300
2022-05-16,41863863,7156287,2691922,1160800,581800,52600
2022-05-17,41313954,4830816,5380725,906300,92300,346800
2022-05-18,38056653,1492366,4749667,978700,72400,0
2022-05-19,37463102,1329664,1923215,986700,145100,137100
2022-05-20,35372533,3589586,5680155,1175218,342918,154400
2022-05-23,37078284,4992684,3286933,1105700,209400,278918
2022-05-24,45534919,15918981,7462346,1110300,204900,200300
2022-05-25,43726276,4764593,6573236,1038700,104600,176200
2022-05-26,42450595,9370385,10646066,1205600,343800,176900
2022-05-27,46806645,21323644,16967594,1737400,811700,279900
2022-05-30,44413209,10719920,13113356,1387509,195109,545000
2022-05-31,40701259,3300616,7012566,1204709,98200,281000
2022-06-01,44589010,8751871,4864120,1207009,120900,118600
2022-06-02,44263945,4303886,4628951,888009,118700,437700
2022-06-06,51928588,13224187,5559544,1012609,232100,107500
2022-06-07,46023663,6590528,12495453,1157909,391500,246200
